customer_id,age,gender,region,religion,ethnic_group,education,income_bracket,mobile_money,tech_savvy_score,brand_loyalty,price_sensitivity,quality_sensitivity,cultural_preference_strength,brand,brand_origin,brand_tier,product_status,price_tzs,quality_score,purchase_channel,payment_method,is_weekend_purchase,purchase_month,price_factor,quality_factor,cultural_compatibility,social_influence,status_factor,origin_factor,utility_score,customer_satisfaction,is_repeat_customer
CUST_02385,40,Female,Dar es Salaam,Muslim,Others,Bachelor,"<200,000",Tigo Pesa,3,0.21,0.72,0.75,0.5,Infinix,China,Mid-Range,New,306441,7.4,Online,Mobile Money,1,2,0.448,0.555,0.9,0.708,1.0,1.0,0.739,0.78,1
CUST_01998,36,Female,Dodoma,Muslim,Others,Secondary,"200,000-500,000",Tigo Pesa,4,0.52,0.71,0.6,0.7,Infinix,China,Mid-Range,New,563571,7.0,Online,Cash,1,1,0.0,0.42,0.9,0.819,1.0,1.0,0.462,0.71,1
CUST_04667,27,Female,Arusha,Muslim,Others,Secondary,"200,000-500,000",M-Pesa,3,0.08,0.75,0.6,0.5,Itel,China,Budget,New,151954,4.9,Online,Cash,1,2,0.24,0.294,0.9,0.902,1.0,1.0,0.355,0.66,1
CUST_00995,15,Female,Tanga,Muslim,Others,Primary,"500,001-1,000,000",Halopesa,3,0.26,0.6,0.6,0.5,Nokia,Finland,Mid-Range,New,400685,6.5,Physical Store,Cash,0,2,0.399,0.39,0.9,0.503,1.0,1.0,0.539,0.71,1
CUST_02656,40,Male,Mbeya,Muslim,Others,Secondary,"<200,000",Airtel Money,3,0.32,0.77,0.74,0.7,Tecno,China,Mid-Range,New,405017,6.7,Physical Store,Cash,0,12,0.22,0.496,0.9,0.799,1.0,1.0,0.598,0.72,1
CUST_03240,33,Female,Mbeya,Christian,Others,Secondary,"<200,000",M-Pesa,5,0.17,0.82,0.47,1.0,Tecno,China,Mid-Range,Used,329625,6.2,Physical Store,Cash,0,2,0.324,0.291,1.0,0.775,0.6,0.8,0.637,0.71,1
CUST_00670,35,Male,Dar es Salaam,Christian,Sukuma,Primary,"200,000-500,000",Tigo Pesa,4,0.11,0.7,0.83,0.0,Tecno,China,Mid-Range,New,511819,7.5,Physical Store,Mobile Money,1,12,0.104,0.622,1.0,0.624,1.0,1.0,0.528,0.75,1
CUST_01959,30,Female,Mwanza,Christian,Others,Diploma,"200,000-500,000",Airtel Money,3,0.15,0.79,0.6,0.5,Samsung,South Korea,Premium,Used,1224247,7.3,Physical Store,Mobile Money,0,2,0.194,0.438,1.0,0.631,0.6,1.0,0.47,0.59,1
CUST_01731,39,Male,Mbeya,Christian,Others,No formal,"200,000-500,000",None,5,0.27,0.79,0.33,0.3,Apple,USA,Premium,New,2232040,9.7,Online,Mobile Money,1,2,0.0,0.32,1.0,0.607,1.0,1.0,0.537,0.54,1
CUST_03341,33,Male,Arusha,Christian,Nyamwezi,Primary,"200,000-500,000",Airtel Money,2,0.27,0.88,0.88,0.0,Samsung,South Korea,Premium,New,1904536,8.0,Online,Cash,0,2,0.0,0.704,1.0,1.124,1.0,1.0,0.683,0.5,1
CUST_03461,36,Female,Arusha,Muslim,Others,Secondary,"200,000-500,000",M-Pesa,3,0.31,0.79,0.65,0.3,Infinix,China,Mid-Range,New,430442,6.2,Online,Cash,1,2,0.15,0.403,0.9,0.964,1.0,1.0,0.578,0.69,1
CUST_00785,23,Female,Dodoma,Muslim,Gogo,No formal,"200,000-500,000",M-Pesa,3,0.05,0.8,0.4,0.5,Tecno,China,Mid-Range,New,420004,6.7,Physical Store,Cash,0,1,0.16,0.268,0.9,0.771,1.0,1.0,0.381,0.72,1
CUST_01949,36,Male,Mbeya,Muslim,Nyamwezi,No formal,"200,000-500,000",M-Pesa,2,0.26,0.9,0.37,0.5,Huawei,China,Premium,New,1829211,8.7,Online,Cash,0,11,0.0,0.322,0.9,0.573,1.0,1.0,0.478,0.56,1
CUST_01705,22,Male,Tanga,Muslim,Haya,Secondary,"<200,000",Halopesa,1,0.17,0.88,0.44,0.7,Apple,USA,Premium,New,917100,9.7,Physical Store,Mobile Money,0,1,0.327,0.427,0.9,1.155,1.0,1.0,0.738,0.8,0
CUST_04619,44,Male,Zanzibar,Muslim,Makonde,Diploma,"200,000-500,000",Tigo Pesa,1,0.12,0.85,0.31,1.0,Tecno,China,Mid-Range,New,402799,6.7,Physical Store,Cash,0,1,0.144,0.208,0.9,0.554,1.0,0.8,0.653,0.72,1
CUST_01986,17,Male,Arusha,Christian,Others,Primary,"<200,000",Tigo Pesa,5,0.34,0.89,0.72,0.3,Nokia,Finland,Mid-Range,New,595281,6.2,Physical Store,Cash,1,2,0.0,0.446,1.0,0.981,1.0,1.0,0.58,0.65,0
CUST_00939,31,Female,Dodoma,Muslim,Sukuma,No formal,"200,000-500,000",M-Pesa,3,0.31,0.84,0.38,0.7,Xiaomi,China,Mid-Range,New,495730,7.9,Online,Cash,0,2,0.0,0.3,0.9,0.948,1.0,1.0,0.449,0.77,0
CUST_02651,16,Male,Mwanza,Christian,Others,No formal,"<200,000",Tigo Pesa,5,0.13,0.9,0.51,0.5,Infinix,China,Mid-Range,New,358317,6.4,Physical Store,Mobile Money,0,2,0.194,0.326,1.0,0.684,1.0,1.0,0.521,0.71,1
CUST_02234,28,Male,Dar es Salaam,Christian,Others,Bachelor,"<200,000",Airtel Money,3,0.24,0.88,0.36,0.0,Tecno,China,Mid-Range,New,342242,6.2,Physical Store,Cash,0,2,0.247,0.223,1.0,0.571,1.0,1.0,0.522,0.7,1
CUST_03516,31,Female,Mbeya,Christian,Others,No formal,"<200,000",M-Pesa,4,0.19,0.81,0.78,0.3,Apple,USA,Premium,New,1216667,8.8,Online,Mobile Money,0,2,0.179,0.686,1.0,0.66,1.0,1.0,0.609,0.68,1
CUST_03250,21,Male,Mwanza,Muslim,Sukuma,Diploma,"200,000-500,000",M-Pesa,4,0.15,0.96,0.62,0.3,Oppo,China,Mid-Range,New,277387,7.7,Physical Store,Cash,0,2,0.334,0.477,0.9,0.629,1.0,1.0,0.569,0.81,1
CUST_04231,43,Male,Arusha,Muslim,Chagga,No formal,"1,000,001-2,000,000",Tigo Pesa,2,0.26,0.23,0.36,0.5,Tecno,China,Mid-Range,New,553017,6.1,Physical Store,Mobile Money,0,2,0.682,0.22,0.9,0.654,1.0,1.0,0.699,0.66,1
CUST_04251,25,Female,Dar es Salaam,Christian,Others,No formal,"200,000-500,000",M-Pesa,1,0.27,0.94,0.88,0.3,Apple,USA,Premium,New,1820453,8.6,Physical Store,Mobile Money,0,2,0.0,0.757,1.0,0.68,1.0,1.0,0.653,0.55,1
CUST_01223,21,Male,Tanga,Christian,Chagga,Secondary,"500,001-1,000,000",Tigo Pesa,3,0.47,0.59,0.45,0.0,Huawei,China,Premium,New,628035,8.4,Physical Store,Mobile Money,0,2,0.691,0.378,1.0,0.936,1.0,1.0,0.702,0.78,1
CUST_04255,40,Female,Dar es Salaam,Muslim,Others,Primary,"<200,000",M-Pesa,3,0.39,0.93,0.86,0.3,Apple,USA,Premium,New,1595696,8.3,Physical Store,Mobile Money,1,2,0.0,0.714,0.9,0.954,1.0,1.0,0.47,0.58,1
CUST_00324,34,Male,Dar es Salaam,Christian,Others,Primary,"200,000-500,000",Tigo Pesa,3,0.27,0.82,0.72,0.3,Nokia,Finland,Mid-Range,Used,390841,5.5,Physical Store,Mobile Money,1,2,0.199,0.396,1.0,0.874,0.6,1.0,0.626,0.65,1
CUST_03388,26,Male,Dodoma,Christian,Others,Diploma,"500,001-1,000,000",Airtel Money,2,0.19,0.77,0.9,0.5,Huawei,China,Premium,New,1305493,8.4,Physical Store,Card,0,2,0.162,0.756,1.0,0.988,1.0,1.0,0.742,0.64,1
CUST_04930,31,Female,Morogoro,Christian,Gogo,Secondary,"500,001-1,000,000",Airtel Money,5,0.12,0.67,0.35,0.3,Nokia,Finland,Mid-Range,New,399988,6.7,Physical Store,Cash,0,2,0.33,0.234,1.0,0.604,1.0,1.0,0.568,0.72,1
CUST_01559,20,Female,Dar es Salaam,Christian,Sukuma,Master+,"200,000-500,000",Airtel Money,5,0.22,0.75,0.57,0.3,Tecno,China,Mid-Range,New,599046,7.7,Online,Cash,0,1,0.0,0.439,1.0,0.944,1.0,1.0,0.446,0.74,1
CUST_04742,28,Female,Dar es Salaam,Muslim,Others,Bachelor,"<200,000",Airtel Money,2,0.15,0.88,0.37,0.3,Samsung,South Korea,Premium,New,1672130,8.0,Online,Mobile Money,0,2,0.0,0.296,0.9,1.105,1.0,1.0,0.275,0.55,1
CUST_00507,29,Female,Zanzibar,Christian,Chagga,Bachelor,"200,000-500,000",Airtel Money,3,0.12,0.71,0.57,0.5,Xiaomi,China,Mid-Range,New,430684,7.6,Physical Store,Cash,0,1,0.236,0.433,1.0,0.897,1.0,1.0,0.487,0.77,1
CUST_04845,24,Male,Dar es Salaam,Muslim,Haya,Primary,"200,000-500,000",None,2,0.25,0.74,0.8,0.5,Tecno,China,Mid-Range,New,576983,7.6,Physical Store,Cash,0,1,0.0,0.608,0.9,0.804,1.0,1.0,0.601,0.74,1
CUST_04207,28,Female,Mwanza,Christian,Sukuma,Primary,"500,001-1,000,000",Tigo Pesa,2,0.3,0.7,0.63,0.0,Oppo,China,Mid-Range,New,390266,6.2,Physical Store,Cash,1,2,0.317,0.391,1.0,0.654,1.0,1.0,0.412,0.69,1
CUST_00415,15,Male,Mwanza,Muslim,Others,No formal,"500,001-1,000,000",M-Pesa,4,0.09,0.57,0.63,0.3,Infinix,China,Mid-Range,New,405683,6.5,Mobile,Mobile Money,0,12,0.422,0.41,0.9,0.695,1.0,1.0,0.698,0.71,0
CUST_03169,39,Male,Tanga,Christian,Sukuma,Secondary,"<200,000",None,4,0.37,0.77,0.49,0.7,Apple,USA,Premium,New,2318967,9.8,Physical Store,Mobile Money,1,2,0.0,0.48,1.0,1.007,1.0,1.0,0.453,0.52,1
CUST_00501,46,Male,Mwanza,Christian,Others,Secondary,"<200,000",M-Pesa,4,0.44,0.78,0.44,0.0,Samsung,South Korea,Premium,New,2450154,9.5,Physical Store,Mobile Money,0,2,0.0,0.418,1.0,1.035,1.0,1.0,0.454,0.48,1
CUST_04333,30,Female,Morogoro,Muslim,Gogo,Master+,"200,000-500,000",M-Pesa,3,0.21,0.92,0.47,1.0,Apple,USA,Premium,New,2036535,8.9,Physical Store,Mobile Money,0,12,0.0,0.418,0.9,1.189,1.0,0.8,0.484,0.53,1
CUST_02358,23,Female,Mbeya,Christian,Chagga,Secondary,"200,000-500,000",M-Pesa,1,0.22,0.79,0.81,0.5,Apple,USA,Premium,New,1139645,8.5,Physical Store,Mobile Money,0,2,0.25,0.688,1.0,1.178,1.0,1.0,0.695,0.68,0
CUST_04369,39,Female,Dodoma,Christian,Others,No formal,"1,000,001-2,000,000",M-Pesa,4,0.15,0.44,0.77,0.3,Infinix,China,Mid-Range,New,306713,6.1,Physical Store,Card,0,2,0.663,0.47,1.0,0.594,1.0,1.0,0.701,0.7,1
CUST_00286,19,Female,Tanga,Christian,Others,Primary,"1,000,001-2,000,000",M-Pesa,5,0.17,0.46,0.79,0.7,Infinix,China,Mid-Range,New,418060,7.5,Physical Store,Mobile Money,0,2,0.519,0.592,1.0,0.831,1.0,1.0,0.734,0.77,1
CUST_02931,15,Female,Dar es Salaam,Muslim,Others,No formal,"200,000-500,000",None,4,0.07,0.73,0.9,0.0,Samsung,South Korea,Premium,New,803107,10.0,Physical Store,Cash,0,1,0.511,0.9,0.9,0.878,1.0,1.0,0.743,0.84,1
CUST_01596,38,Female,Mbeya,Christian,Sukuma,Secondary,"1,000,001-2,000,000",M-Pesa,2,0.48,0.35,0.35,0.0,Oppo,China,Mid-Range,New,480309,6.1,Physical Store,Mobile Money,0,12,0.58,0.214,1.0,0.863,1.0,1.0,0.469,0.67,1
CUST_04550,33,Female,Tanga,Christian,Chagga,Primary,"500,001-1,000,000",M-Pesa,3,0.42,0.42,0.34,0.0,Xiaomi,China,Mid-Range,Used,397267,6.2,Physical Store,Cash,0,1,0.583,0.211,1.0,0.587,0.6,1.0,0.723,0.69,1
CUST_00277,20,Male,Dar es Salaam,Christian,Others,Diploma,"200,000-500,000",M-Pesa,4,0.08,0.88,0.58,0.7,Xiaomi,China,Mid-Range,New,474509,6.4,Online,Cash,1,2,0.0,0.371,1.0,0.699,1.0,1.0,0.384,0.69,1
CUST_01642,38,Male,Zanzibar,Muslim,Sukuma,Diploma,"<200,000",M-Pesa,2,0.1,0.94,0.34,0.3,Samsung,South Korea,Premium,New,2404739,10.0,Physical Store,Cash,1,1,0.0,0.34,0.9,1.192,1.0,1.0,0.448,0.52,1
CUST_03822,19,Female,Arusha,Christian,Others,Primary,"200,000-500,000",M-Pesa,3,0.35,0.88,0.41,0.3,Samsung,South Korea,Premium,New,1839617,8.8,Online,Mobile Money,0,2,0.0,0.361,1.0,0.832,1.0,1.0,0.455,0.56,1
CUST_03308,33,Male,Mbeya,Muslim,Others,Secondary,"<200,000",M-Pesa,2,0.42,0.74,0.41,0.7,Infinix,China,Mid-Range,New,488543,7.2,Physical Store,Cash,0,1,0.096,0.295,0.9,0.762,1.0,1.0,0.415,0.73,1
CUST_02156,23,Male,Dodoma,Muslim,Makonde,Diploma,"<200,000",M-Pesa,4,0.59,0.97,0.55,0.5,Tecno,China,Mid-Range,New,373496,7.9,Online,Cash,0,2,0.094,0.435,0.9,0.501,1.0,1.0,0.426,0.8,1
CUST_03960,23,Female,Arusha,Muslim,Sukuma,Secondary,"200,000-500,000",Airtel Money,2,0.43,0.9,0.76,0.3,Huawei,China,Premium,New,2017339,8.7,Online,Mobile Money,0,2,0.0,0.661,0.9,0.56,1.0,1.0,0.551,0.52,1
CUST_04044,26,Male,Tanga,Christian,Sukuma,Primary,">2,000,000",M-Pesa,4,0.1,0.29,0.87,0.5,Oppo,China,Mid-Range,New,464365,6.2,Physical Store,Cash,0,2,0.663,0.539,1.0,0.879,1.0,1.0,0.556,0.68,1
CUST_01971,36,Male,Mbeya,Muslim,Nyamwezi,No formal,"200,000-500,000",Tigo Pesa,5,0.37,0.78,0.45,0.5,Nokia,Finland,Mid-Range,New,371032,6.2,Physical Store,Mobile Money,0,12,0.276,0.279,0.9,0.576,1.0,1.0,0.453,0.7,1
CUST_01481,35,Male,Dar es Salaam,Muslim,Nyamwezi,Primary,"500,001-1,000,000",Halopesa,4,0.35,0.42,0.43,0.3,Samsung,South Korea,Premium,New,2424142,9.9,Online,Mobile Money,0,1,0.152,0.426,0.9,0.769,1.0,1.0,0.654,0.51,1
CUST_04988,34,Female,Zanzibar,Muslim,Others,Primary,"500,001-1,000,000",Airtel Money,2,0.22,0.79,0.48,1.0,Samsung,South Korea,Premium,New,2184426,9.5,Physical Store,Cash,0,2,0.0,0.456,0.9,1.163,1.0,0.8,0.575,0.53,1
CUST_00087,23,Female,Mwanza,Muslim,Others,Secondary,"500,001-1,000,000",M-Pesa,4,0.35,0.8,0.33,1.0,Samsung,South Korea,Premium,New,2149663,8.2,Physical Store,Mobile Money,0,2,0.0,0.271,0.9,1.008,1.0,0.8,0.362,0.46,1
CUST_00556,20,Male,Zanzibar,Muslim,Makonde,Secondary,">2,000,000",M-Pesa,3,0.36,0.12,0.9,0.5,Huawei,China,Premium,New,979423,8.2,Physical Store,Cash,1,11,0.902,0.738,0.9,0.712,1.0,1.0,0.73,0.7,0
CUST_04410,26,Female,Dar es Salaam,Muslim,Others,Secondary,"200,000-500,000",M-Pesa,4,0.05,0.77,0.72,0.5,Apple,USA,Premium,New,1109403,9.5,Physical Store,Cash,0,2,0.288,0.684,0.9,0.605,1.0,1.0,0.689,0.75,1
CUST_03854,40,Male,Mbeya,Christian,Others,No formal,"<200,000",M-Pesa,2,0.15,0.92,0.44,0.3,Xiaomi,China,Mid-Range,Used,251430,5.8,Physical Store,Cash,0,1,0.422,0.255,1.0,0.566,0.6,1.0,0.496,0.7,1
CUST_02805,28,Female,Dar es Salaam,Muslim,Others,Secondary,"200,000-500,000",Tigo Pesa,3,0.31,0.95,0.37,0.5,Itel,China,Budget,New,181307,6.6,Physical Store,Card,0,1,0.0,0.244,0.9,0.626,1.0,1.0,0.482,0.76,1
CUST_02039,39,Male,Dar es Salaam,Christian,Sukuma,Diploma,"200,000-500,000",M-Pesa,2,0.11,0.91,0.83,0.0,Itel,China,Budget,New,154431,4.5,Online,Mobile Money,0,2,0.063,0.374,1.0,0.999,1.0,1.0,0.411,0.64,1
CUST_03287,15,Female,Mwanza,Muslim,Others,Secondary,"1,000,001-2,000,000",Airtel Money,2,0.51,0.44,0.41,0.5,Huawei,China,Premium,New,1053891,9.1,Physical Store,Cash,0,2,0.614,0.373,0.9,0.634,1.0,1.0,0.961,0.74,1
CUST_00964,36,Male,Zanzibar,Muslim,Sukuma,Primary,"<200,000",M-Pesa,1,0.11,0.88,0.41,0.5,Infinix,China,Mid-Range,New,426723,7.6,Mobile,Cash,0,2,0.061,0.312,0.9,0.866,1.0,1.0,0.493,0.77,1
CUST_01910,30,Female,Dar es Salaam,Christian,Others,Primary,"500,001-1,000,000",M-Pesa,3,0.62,0.48,0.37,0.3,Tecno,China,Mid-Range,New,356190,6.2,Physical Store,Mobile Money,0,1,0.573,0.229,1.0,0.508,1.0,1.0,0.646,0.7,1
CUST_00578,30,Male,Dar es Salaam,Muslim,Others,Primary,"<200,000",Tigo Pesa,3,0.08,0.77,0.59,0.3,Infinix,China,Mid-Range,New,364068,6.7,Physical Store,Mobile Money,1,1,0.299,0.395,0.9,0.773,1.0,1.0,0.542,0.73,1
CUST_00190,33,Male,Morogoro,Muslim,Haya,Secondary,"1,000,001-2,000,000",Halopesa,2,0.71,0.44,0.71,0.7,Tecno,China,Mid-Range,New,569606,7.7,Online,Cash,0,2,0.373,0.547,0.9,0.695,1.0,1.0,0.585,0.75,1
CUST_04126,31,Male,Dar es Salaam,Christian,Sukuma,Primary,"200,000-500,000",Halopesa,4,0.37,0.76,0.51,0.3,Infinix,China,Mid-Range,New,270703,6.1,Physical Store,Card,0,2,0.486,0.311,1.0,0.677,1.0,1.0,0.688,0.71,1
CUST_00437,21,Male,Tanga,Muslim,Others,Primary,"<200,000",M-Pesa,4,0.36,0.85,0.61,0.3,Infinix,China,Mid-Range,New,342053,6.8,Physical Store,Cash,0,1,0.273,0.415,0.9,0.78,1.0,1.0,0.562,0.74,0
CUST_04098,15,Male,Arusha,Muslim,Nyamwezi,Diploma,"200,000-500,000",M-Pesa,2,0.4,0.87,0.63,0.7,Tecno,China,Mid-Range,Used,392711,6.2,Physical Store,Cash,0,1,0.146,0.391,0.9,0.682,0.6,1.0,0.631,0.69,1
CUST_04966,17,Female,Mwanza,Christian,Others,Secondary,"<200,000",Airtel Money,1,0.38,0.94,0.47,1.0,Apple,USA,Premium,New,1248014,10.0,Physical Store,Mobile Money,0,2,0.022,0.47,1.0,1.147,1.0,0.8,0.602,0.75,1
CUST_01624,38,Female,Arusha,Christian,Haya,No formal,"500,001-1,000,000",Tigo Pesa,4,0.58,0.62,0.35,0.5,Infinix,China,Mid-Range,New,561733,6.3,Physical Store,Mobile Money,0,11,0.129,0.22,1.0,0.667,1.0,1.0,0.507,0.67,1
CUST_03489,15,Female,Zanzibar,Muslim,Others,Secondary,"1,000,001-2,000,000",Airtel Money,5,0.62,0.26,0.87,0.3,Huawei,China,Premium,New,1405094,8.9,Physical Store,Cash,1,2,0.696,0.774,0.9,0.78,1.0,1.0,0.666,0.65,1
CUST_00035,39,Male,Mwanza,Other,Others,No formal,"<200,000",M-Pesa,2,0.13,0.97,0.58,0.5,Huawei,China,Premium,New,1052261,9.9,Physical Store,Cash,1,12,0.149,0.574,1.0,0.558,1.0,1.0,0.614,0.78,1
CUST_01494,20,Female,Dar es Salaam,Christian,Others,Bachelor,"1,000,001-2,000,000",M-Pesa,4,0.44,0.41,0.6,0.5,Apple,USA,Premium,New,1397295,9.8,Physical Store,Cash,0,1,0.523,0.588,1.0,0.811,1.0,1.0,0.78,0.71,1
CUST_03215,18,Female,Mwanza,Muslim,Others,Secondary,"<200,000",M-Pesa,3,0.15,0.71,0.85,0.3,Nokia,Finland,Mid-Range,New,371680,7.7,Physical Store,Cash,0,12,0.34,0.654,0.9,0.811,1.0,1.0,0.78,0.79,1
CUST_00751,28,Female,Arusha,Christian,Others,Primary,"500,001-1,000,000",Airtel Money,4,0.16,0.53,0.36,0.0,Apple,USA,Premium,New,1287505,9.6,Physical Store,Cash,1,2,0.431,0.346,1.0,1.138,1.0,1.0,0.563,0.72,1
CUST_03787,22,Male,Dar es Salaam,Muslim,Others,Primary,"<200,000",Airtel Money,2,0.27,0.86,0.75,0.3,Huawei,China,Premium,New,754757,9.9,Online,Cash,1,2,0.459,0.742,0.9,0.808,1.0,1.0,0.858,0.84,1
CUST_00221,15,Male,Tanga,Muslim,Chagga,Bachelor,"<200,000",Airtel Money,4,0.2,0.78,0.51,0.7,Nokia,Finland,Mid-Range,New,369990,6.7,Physical Store,Mobile Money,0,2,0.279,0.342,0.9,0.897,1.0,1.0,0.339,0.73,1
CUST_01113,34,Female,Dodoma,Muslim,Others,Primary,"500,001-1,000,000",M-Pesa,4,0.4,0.44,0.75,0.7,Infinix,China,Mid-Range,New,454348,6.3,Online,Cash,0,2,0.5,0.473,0.9,0.846,1.0,1.0,0.757,0.69,1
CUST_01109,15,Female,Arusha,Muslim,Sukuma,Bachelor,"200,000-500,000",Airtel Money,4,0.1,0.78,0.85,0.7,Samsung,South Korea,Premium,New,2298286,8.9,Physical Store,Cash,1,2,0.0,0.756,0.9,0.748,1.0,1.0,0.368,0.47,1
CUST_01830,28,Male,Zanzibar,Muslim,Others,Bachelor,"500,001-1,000,000",Tigo Pesa,5,0.07,0.74,0.82,0.5,Infinix,China,Mid-Range,New,281921,6.9,Physical Store,Mobile Money,0,2,0.478,0.566,0.9,0.798,1.0,1.0,0.667,0.76,1
CUST_04833,26,Female,Mbeya,Other,Others,Diploma,"<200,000",M-Pesa,5,0.24,0.98,0.65,0.0,Infinix,China,Mid-Range,New,523944,7.2,Physical Store,Mobile Money,1,1,0.0,0.468,1.0,0.702,1.0,1.0,0.358,0.73,1
CUST_04920,25,Male,Mbeya,Muslim,Others,No formal,"200,000-500,000",M-Pesa,3,0.11,0.93,0.54,0.3,Vivo,China,Mid-Range,New,430676,6.3,Physical Store,Cash,0,2,0.0,0.34,0.9,0.61,1.0,1.0,0.338,0.69,1
CUST_04109,33,Male,Arusha,Christian,Others,Primary,"200,000-500,000",Airtel Money,3,0.19,0.77,0.79,0.5,Vivo,China,Mid-Range,New,548847,6.9,Online,Cash,0,2,0.0,0.545,1.0,0.55,1.0,1.0,0.589,0.7,1
CUST_01754,22,Female,Arusha,Christian,Gogo,Master+,"200,000-500,000",M-Pesa,2,0.47,0.81,0.34,0.7,Xiaomi,China,Mid-Range,Used,134266,6.4,Online,Cash,0,2,0.728,0.218,1.0,0.515,0.6,1.0,0.764,0.76,1
CUST_00859,24,Male,Mwanza,Muslim,Others,Secondary,"<200,000",Tigo Pesa,5,0.37,0.93,0.36,0.3,Huawei,China,Premium,New,1219153,9.6,Physical Store,Mobile Money,1,12,0.055,0.346,0.9,0.686,1.0,1.0,0.479,0.73,0
CUST_03249,27,Female,Dar es Salaam,Muslim,Others,Primary,"500,001-1,000,000",None,3,0.15,0.72,0.59,0.7,Apple,USA,Premium,New,911773,9.0,Physical Store,Cash,0,1,0.453,0.531,0.9,0.743,1.0,1.0,0.59,0.76,1
CUST_01907,30,Male,Dar es Salaam,Christian,Sukuma,Diploma,"200,000-500,000",M-Pesa,4,0.14,0.9,0.53,0.3,Xiaomi,China,Mid-Range,New,269216,7.2,Physical Store,Cash,0,1,0.394,0.382,1.0,0.894,1.0,1.0,0.439,0.78,1
CUST_03294,45,Female,Mwanza,Christian,Others,Secondary,"200,000-500,000",Airtel Money,4,0.18,0.96,0.5,0.3,Huawei,China,Premium,New,1710364,8.9,Physical Store,Mobile Money,0,2,0.0,0.445,1.0,0.904,1.0,1.0,0.581,0.59,1
CUST_02263,40,Male,Mbeya,Christian,Others,Secondary,"1,000,001-2,000,000",M-Pesa,4,0.3,0.39,0.89,1.0,Apple,USA,Premium,New,674285,8.3,Physical Store,Cash,0,2,0.781,0.739,1.0,1.148,1.0,0.8,0.839,0.76,1
CUST_02880,25,Male,Dar es Salaam,Christian,Others,Diploma,"<200,000",Tigo Pesa,4,0.52,1.0,0.65,0.5,Infinix,China,Mid-Range,New,309461,7.2,Physical Store,Cash,0,12,0.226,0.468,1.0,0.91,1.0,1.0,0.551,0.77,0
CUST_02538,25,Female,Mbeya,Christian,Gogo,Primary,"1,000,001-2,000,000",Tigo Pesa,2,0.51,0.4,0.34,0.0,Apple,USA,Premium,New,1941220,8.8,Physical Store,Cash,0,1,0.353,0.299,1.0,1.028,1.0,1.0,0.517,0.54,1
CUST_00755,30,Female,Mbeya,Christian,Others,Diploma,"500,001-1,000,000",Tigo Pesa,3,0.25,0.5,0.58,0.3,Itel,China,Budget,New,215638,6.0,Physical Store,Cash,0,2,0.281,0.348,1.0,0.523,1.0,1.0,0.626,0.72,1
CUST_03840,21,Male,Dar es Salaam,Christian,Nyamwezi,No formal,"200,000-500,000",Airtel Money,4,0.07,0.89,0.34,0.5,Apple,USA,Premium,New,2264257,8.7,Physical Store,Mobile Money,1,2,0.0,0.296,1.0,0.804,1.0,1.0,0.621,0.47,1
CUST_00511,20,Male,Dar es Salaam,Christian,Sukuma,Diploma,"1,000,001-2,000,000",M-Pesa,3,0.44,0.37,0.81,0.0,Huawei,China,Premium,New,1044869,8.7,Physical Store,Mobile Money,1,1,0.678,0.705,1.0,0.908,1.0,1.0,0.919,0.71,1
CUST_00922,32,Female,Arusha,Muslim,Chagga,Primary,"200,000-500,000",M-Pesa,4,0.44,0.71,0.79,0.3,Tecno,China,Mid-Range,New,305784,7.5,Physical Store,Cash,0,1,0.457,0.592,0.9,0.78,1.0,1.0,0.697,0.79,0
CUST_03702,51,Female,Arusha,Muslim,Others,No formal,"1,000,001-2,000,000",M-Pesa,3,0.4,0.38,0.31,0.5,Tecno,China,Mid-Range,New,408378,7.7,Physical Store,Mobile Money,0,1,0.612,0.239,0.9,0.534,1.0,1.0,0.419,0.78,1
CUST_01237,26,Male,Tanga,Muslim,Nyamwezi,Diploma,"<200,000",M-Pesa,3,0.29,0.96,0.86,0.5,Vivo,China,Mid-Range,New,526682,7.2,Physical Store,Cash,1,2,0.0,0.619,0.9,0.668,1.0,1.0,0.273,0.73,1
CUST_00838,39,Female,Arusha,Muslim,Others,Secondary,"200,000-500,000",M-Pesa,2,0.16,0.95,0.83,0.5,Nokia,Finland,Mid-Range,New,548886,6.9,Physical Store,Mobile Money,0,2,0.0,0.573,0.9,0.623,1.0,1.0,0.317,0.7,1
CUST_04009,48,Male,Dodoma,Christian,Haya,No formal,"<200,000",Tigo Pesa,3,0.75,0.89,0.69,0.3,Samsung,South Korea,Premium,New,2048895,8.9,Physical Store,Cash,0,2,0.0,0.614,1.0,0.833,1.0,1.0,0.425,0.52,1
CUST_03903,62,Male,Zanzibar,Muslim,Sukuma,Secondary,"200,000-500,000",Tigo Pesa,2,0.42,0.99,0.82,0.7,Apple,USA,Premium,New,2261809,8.8,Physical Store,Cash,0,2,0.0,0.722,0.9,1.12,1.0,1.0,0.598,0.48,1
CUST_02445,16,Male,Arusha,Muslim,Sukuma,No formal,"<200,000",M-Pesa,1,0.07,0.9,0.66,0.5,Apple,USA,Premium,New,1473045,8.1,Physical Store,Cash,0,2,0.0,0.535,0.9,0.834,1.0,1.0,0.335,0.59,1
CUST_01243,23,Male,Mwanza,Christian,Others,Diploma,"200,000-500,000",Airtel Money,1,0.03,0.71,0.39,0.5,Samsung,South Korea,Premium,New,2203213,8.8,Physical Store,Cash,1,1,0.0,0.343,1.0,0.764,1.0,1.0,0.496,0.49,0
CUST_00551,36,Female,Zanzibar,Christian,Chagga,Primary,"<200,000",M-Pesa,4,0.36,0.89,0.79,0.0,Samsung,South Korea,Premium,New,1879225,8.4,Physical Store,Mobile Money,0,2,0.0,0.664,1.0,1.1,1.0,1.0,0.629,0.53,1
CUST_01005,31,Male,Arusha,Christian,Nyamwezi,Secondary,">2,000,000",None,3,0.23,0.34,0.76,0.5,Vivo,China,Mid-Range,New,323335,7.6,Physical Store,Mobile Money,1,2,0.725,0.578,1.0,0.809,1.0,1.0,0.673,0.79,1
CUST_04129,39,Female,Dodoma,Muslim,Gogo,Diploma,"500,001-1,000,000",Halopesa,3,0.13,0.58,0.35,0.0,Nokia,Finland,Mid-Range,New,469528,7.8,Physical Store,Cash,0,2,0.319,0.273,0.9,0.779,1.0,1.0,0.552,0.77,1
CUST_04812,39,Male,Mwanza,Christian,Sukuma,No formal,"<200,000",Tigo Pesa,2,0.19,0.75,0.77,0.3,Samsung,South Korea,Premium,New,617631,8.6,Mobile,Cash,0,1,0.614,0.662,1.0,1.062,1.0,1.0,0.845,0.79,1
CUST_04819,31,Male,Dar es Salaam,Christian,Others,Secondary,"500,001-1,000,000",Tigo Pesa,2,0.18,0.63,0.74,0.3,Huawei,China,Premium,New,1672108,8.9,Physical Store,Cash,0,2,0.122,0.659,1.0,0.958,1.0,1.0,0.419,0.6,1
CUST_01530,32,Female,Tanga,Christian,Others,Primary,"200,000-500,000",Airtel Money,1,0.32,0.79,0.47,0.3,Huawei,China,Premium,New,723073,9.9,Online,Card,0,2,0.524,0.465,1.0,0.645,1.0,1.0,0.603,0.85,1
CUST_04363,42,Male,Mwanza,Christian,Sukuma,Diploma,"500,001-1,000,000",M-Pesa,5,0.14,0.66,0.72,0.3,Nokia,Finland,Mid-Range,New,522439,7.0,Physical Store,Mobile Money,0,2,0.138,0.504,1.0,0.976,1.0,1.0,0.547,0.72,1
CUST_00140,33,Female,Dar es Salaam,Christian,Others,Secondary,"200,000-500,000",Tigo Pesa,1,0.22,0.92,0.37,0.7,Samsung,South Korea,Premium,New,1082572,8.6,Online,Cash,0,12,0.17,0.318,1.0,0.688,1.0,1.0,0.511,0.7,0
CUST_00014,40,Female,Arusha,Christian,Nyamwezi,Primary,"1,000,001-2,000,000",Tigo Pesa,4,0.63,0.39,0.47,0.0,Tecno,China,Mid-Range,New,553613,6.2,Physical Store,Cash,1,12,0.46,0.291,1.0,0.823,1.0,1.0,0.414,0.66,1
CUST_03917,34,Male,Dodoma,Muslim,Gogo,Diploma,"<200,000",M-Pesa,4,0.34,0.81,0.5,0.7,Infinix,China,Mid-Range,New,522858,6.2,Physical Store,Mobile Money,0,2,0.0,0.31,0.9,0.602,1.0,1.0,0.637,0.67,0
CUST_03497,25,Female,Zanzibar,Muslim,Sukuma,Primary,"500,001-1,000,000",Airtel Money,4,0.35,0.74,0.42,0.3,Tecno,China,Mid-Range,New,585920,6.8,Physical Store,Cash,0,2,0.0,0.286,0.9,0.694,1.0,1.0,0.349,0.69,0
CUST_00185,26,Female,Mwanza,Muslim,Sukuma,Secondary,"500,001-1,000,000",M-Pesa,4,0.27,0.49,0.46,0.3,Oppo,China,Mid-Range,New,542733,7.2,Physical Store,Cash,0,11,0.335,0.331,0.9,0.94,1.0,1.0,0.785,0.72,1
CUST_04779,47,Male,Arusha,Other,Others,No formal,"200,000-500,000",Tigo Pesa,5,0.15,0.72,0.67,0.7,Samsung,South Korea,Premium,New,1963929,9.8,Physical Store,Mobile Money,1,2,0.0,0.657,1.0,0.797,1.0,1.0,0.462,0.6,1
CUST_02228,43,Male,Mwanza,Christian,Sukuma,Secondary,"<200,000",M-Pesa,4,0.4,0.88,0.72,0.7,Samsung,South Korea,Premium,New,930829,9.3,Physical Store,Cash,1,2,0.317,0.67,1.0,1.009,1.0,1.0,0.532,0.77,1
CUST_03408,27,Female,Morogoro,Muslim,Others,Bachelor,"500,001-1,000,000",M-Pesa,4,0.63,0.67,0.84,0.3,Infinix,China,Mid-Range,New,288131,6.1,Online,Cash,0,2,0.517,0.512,0.9,0.895,1.0,1.0,0.631,0.71,1
CUST_02495,37,Male,Mwanza,Christian,Nyamwezi,Secondary,"500,001-1,000,000",M-Pesa,3,0.37,0.67,0.46,0.7,Samsung,South Korea,Premium,New,982930,9.3,Physical Store,Mobile Money,0,2,0.451,0.428,1.0,1.091,1.0,1.0,0.805,0.76,1
CUST_03703,24,Male,Mwanza,Christian,Sukuma,Primary,"500,001-1,000,000",M-Pesa,1,0.36,0.72,0.34,0.3,Samsung,South Korea,Premium,New,795829,8.7,Physical Store,Card,0,1,0.523,0.296,1.0,1.096,1.0,1.0,0.707,0.76,1
CUST_02350,30,Female,Dodoma,Christian,Others,Primary,"500,001-1,000,000",M-Pesa,2,0.31,0.42,0.45,0.3,Apple,USA,Premium,New,1846620,9.2,Physical Store,Card,0,2,0.354,0.414,1.0,1.127,1.0,1.0,0.577,0.58,1
CUST_01796,15,Male,Arusha,Muslim,Chagga,Diploma,"<200,000",M-Pesa,4,0.45,0.75,0.85,0.7,Tecno,China,Mid-Range,New,503372,7.1,Physical Store,Cash,0,2,0.056,0.603,0.9,0.769,1.0,1.0,0.495,0.73,1
CUST_01316,15,Female,Arusha,Muslim,Sukuma,Diploma,"200,000-500,000",Tigo Pesa,2,0.6,0.74,0.68,0.7,Tecno,China,Mid-Range,New,542716,7.8,Physical Store,Mobile Money,0,2,0.0,0.53,0.9,0.812,1.0,1.0,0.611,0.76,0
CUST_04221,21,Male,Dar es Salaam,Muslim,Others,No formal,"500,001-1,000,000",Tigo Pesa,3,0.21,0.66,0.53,0.0,Xiaomi,China,Mid-Range,New,254061,6.8,Physical Store,Mobile Money,0,2,0.581,0.36,0.9,0.785,1.0,1.0,0.656,0.76,1
CUST_01000,23,Male,Zanzibar,Muslim,Others,Primary,"200,000-500,000",M-Pesa,4,0.09,0.9,0.84,0.0,Huawei,China,Premium,New,954531,9.2,Physical Store,Cash,0,12,0.284,0.773,0.9,0.553,1.0,1.0,0.589,0.76,1
CUST_02310,48,Male,Mwanza,Christian,Others,Diploma,"500,001-1,000,000",M-Pesa,2,0.33,0.5,0.47,0.5,Vivo,China,Mid-Range,Used,402446,6.4,Physical Store,Cash,0,2,0.497,0.301,1.0,0.687,0.6,1.0,0.64,0.7,1
CUST_04422,15,Female,Mwanza,Christian,Gogo,No formal,"<200,000",Tigo Pesa,4,0.23,0.8,0.89,0.5,Oppo,China,Mid-Range,New,466751,7.0,Physical Store,Cash,0,2,0.066,0.623,1.0,0.874,1.0,1.0,0.761,0.73,0
CUST_01724,23,Male,Dar es Salaam,Christian,Others,Diploma,"1,000,001-2,000,000",Tigo Pesa,5,0.24,0.41,0.8,0.7,Apple,USA,Premium,New,2392612,9.1,Physical Store,Cash,0,2,0.183,0.728,1.0,0.669,1.0,1.0,0.717,0.47,1
CUST_04820,29,Male,Dar es Salaam,Muslim,Sukuma,Primary,"200,000-500,000",M-Pesa,5,0.48,0.9,0.53,0.7,Nokia,Finland,Mid-Range,Used,312667,6.4,Physical Store,Cash,1,2,0.296,0.339,0.9,0.807,0.6,1.0,0.507,0.72,1
CUST_03767,36,Male,Dar es Salaam,Christian,Nyamwezi,Primary,"<200,000",Tigo Pesa,3,0.43,0.78,0.74,0.7,Apple,USA,Premium,New,1608683,9.2,Physical Store,Cash,0,2,0.0,0.681,1.0,0.869,1.0,1.0,0.386,0.63,1
CUST_04236,41,Female,Dar es Salaam,Christian,Nyamwezi,Primary,"<200,000",Tigo Pesa,2,0.09,0.94,0.68,0.3,Apple,USA,Premium,New,1574253,9.0,Physical Store,Cash,0,1,0.0,0.612,1.0,0.995,1.0,1.0,0.425,0.63,1
CUST_01354,22,Female,Arusha,Muslim,Others,Secondary,"<200,000",M-Pesa,3,0.12,0.95,0.38,0.3,Vivo,China,Mid-Range,New,465773,6.3,Mobile,Mobile Money,0,2,0.0,0.239,0.9,0.627,1.0,1.0,0.561,0.68,1
CUST_00660,31,Male,Dodoma,Muslim,Others,Secondary,"<200,000",Airtel Money,3,0.23,0.71,0.56,0.5,Apple,USA,Premium,New,1326634,8.0,Physical Store,Mobile Money,1,2,0.215,0.448,0.9,0.649,1.0,1.0,0.487,0.61,1
CUST_03542,15,Male,Dodoma,Christian,Others,Primary,"<200,000",Halopesa,2,0.19,0.78,0.63,0.5,Huawei,China,Premium,New,2114553,9.6,Physical Store,Card,0,1,0.0,0.605,1.0,0.604,1.0,1.0,0.475,0.55,1
CUST_02647,28,Female,Tanga,Other,Makonde,Primary,"500,001-1,000,000",Airtel Money,2,0.05,0.73,0.42,0.0,Huawei,China,Premium,New,1086036,8.2,Mobile,Mobile Money,0,2,0.339,0.344,1.0,0.819,1.0,1.0,0.629,0.67,1
CUST_02913,51,Female,Mwanza,Christian,Others,Bachelor,"1,000,001-2,000,000",M-Pesa,1,0.45,0.29,0.75,0.0,Samsung,South Korea,Premium,New,2211633,9.8,Online,Cash,0,1,0.466,0.735,1.0,0.764,1.0,1.0,0.694,0.55,1
CUST_00654,31,Female,Zanzibar,Christian,Others,No formal,"200,000-500,000",M-Pesa,1,0.24,0.81,0.61,0.5,Samsung,South Korea,Premium,New,2396715,9.8,Online,Cash,0,2,0.0,0.598,1.0,1.01,1.0,1.0,0.614,0.51,1
CUST_01422,26,Male,Dar es Salaam,Other,Sukuma,Primary,"500,001-1,000,000",Airtel Money,3,0.22,0.53,0.35,0.3,Itel,China,Budget,New,161116,4.9,Physical Store,Cash,0,2,0.431,0.172,1.0,0.536,1.0,1.0,0.558,0.66,1
CUST_03732,32,Female,Dodoma,Muslim,Gogo,Bachelor,"200,000-500,000",M-Pesa,3,0.11,0.7,0.73,0.0,Infinix,China,Mid-Range,New,407291,6.9,Physical Store,Mobile Money,0,1,0.287,0.504,0.9,0.798,1.0,1.0,0.57,0.73,1
CUST_02736,18,Female,Arusha,Christian,Chagga,Primary,"<200,000",Airtel Money,1,0.14,0.87,0.78,1.0,Apple,USA,Premium,New,1723682,8.1,Physical Store,Cash,0,2,0.0,0.632,1.0,0.62,1.0,0.8,0.535,0.54,1
CUST_02017,39,Female,Dar es Salaam,Christian,Others,Diploma,"500,001-1,000,000",Airtel Money,2,0.2,0.47,0.83,0.5,Tecno,China,Mid-Range,New,479108,6.9,Physical Store,Mobile Money,0,1,0.437,0.573,1.0,0.619,1.0,1.0,0.584,0.72,1
CUST_00163,18,Male,Mwanza,Muslim,Makonde,Bachelor,"1,000,001-2,000,000",Airtel Money,5,0.34,0.19,0.42,0.0,Apple,USA,Premium,New,1397488,8.3,Physical Store,Mobile Money,1,1,0.779,0.349,0.9,1.086,1.0,1.0,0.845,0.62,1
CUST_04872,25,Female,Dar es Salaam,Christian,Sukuma,No formal,"1,000,001-2,000,000",Airtel Money,5,0.25,0.22,0.75,0.5,Tecno,China,Mid-Range,New,266845,7.3,Physical Store,Mobile Money,1,2,0.853,0.548,1.0,0.508,1.0,1.0,0.665,0.78,1
CUST_01648,29,Female,Mwanza,Muslim,Chagga,Diploma,"500,001-1,000,000",M-Pesa,5,0.17,0.43,0.41,0.0,Nokia,Finland,Mid-Range,New,291810,6.1,Physical Store,Mobile Money,1,12,0.686,0.25,0.9,0.807,1.0,1.0,0.685,0.71,1
CUST_02999,30,Male,Mbeya,Muslim,Others,Primary,"<200,000",M-Pesa,3,0.15,0.88,0.79,0.3,Samsung,South Korea,Premium,New,2262565,9.9,Physical Store,Mobile Money,0,1,0.0,0.782,0.9,0.83,1.0,1.0,0.79,0.54,1
CUST_03771,41,Male,Mbeya,Muslim,Sukuma,Secondary,"200,000-500,000",None,3,0.36,0.97,0.87,0.0,Infinix,China,Mid-Range,New,542105,8.0,Mobile,Mobile Money,1,2,0.0,0.696,0.9,0.966,1.0,1.0,0.592,0.77,1
CUST_01099,27,Female,Arusha,Muslim,Others,Primary,"500,001-1,000,000",Tigo Pesa,3,0.35,0.54,0.9,0.0,Apple,USA,Premium,New,1708884,9.3,Physical Store,Cash,0,2,0.231,0.837,0.9,0.719,1.0,1.0,0.876,0.62,1
CUST_00027,21,Male,Dodoma,Muslim,Others,Diploma,"200,000-500,000",Tigo Pesa,5,0.5,0.72,0.37,0.0,Vivo,China,Mid-Range,Used,258461,5.9,Physical Store,Cash,0,1,0.535,0.218,0.9,0.764,0.6,1.0,0.587,0.7,1
CUST_02248,40,Male,Dar es Salaam,Christian,Sukuma,Diploma,"<200,000",M-Pesa,5,0.17,0.86,0.34,0.3,Tecno,China,Mid-Range,New,502382,6.2,Online,Card,1,1,0.0,0.211,1.0,0.709,1.0,1.0,0.432,0.67,1
CUST_04175,25,Female,Arusha,Christian,Others,Primary,"200,000-500,000",Tigo Pesa,5,0.47,0.88,0.71,0.7,Samsung,South Korea,Premium,New,2074572,9.6,Physical Store,Mobile Money,0,12,0.0,0.682,1.0,0.85,1.0,1.0,0.586,0.56,1
CUST_01865,16,Male,Morogoro,Muslim,Chagga,Diploma,"<200,000",Tigo Pesa,4,0.2,0.86,0.79,0.5,Oppo,China,Mid-Range,New,493238,6.6,Physical Store,Mobile Money,1,1,0.0,0.521,0.9,0.738,1.0,1.0,0.497,0.7,0
CUST_00238,20,Female,Mwanza,Christian,Nyamwezi,Diploma,"500,001-1,000,000",M-Pesa,2,0.26,0.42,0.32,0.3,Tecno,China,Mid-Range,Used,241664,6.6,Physical Store,Mobile Money,0,2,0.746,0.211,1.0,0.698,0.6,1.0,0.716,0.75,1
CUST_02048,35,Female,Zanzibar,Christian,Chagga,Primary,"<200,000",Tigo Pesa,1,0.05,0.82,0.89,0.0,Huawei,China,Premium,Used,1665025,8.1,Mobile,Mobile Money,0,1,0.0,0.721,1.0,0.993,0.6,1.0,0.588,0.55,1
CUST_04011,41,Female,Dodoma,Christian,Others,Bachelor,"<200,000",M-Pesa,2,0.41,0.88,0.7,0.0,Infinix,China,Mid-Range,New,467103,6.7,Physical Store,Mobile Money,0,2,0.0,0.469,1.0,0.943,1.0,1.0,0.554,0.71,0
CUST_02912,25,Male,Mbeya,Other,Sukuma,Primary,"<200,000",Tigo Pesa,4,0.42,0.92,0.4,0.5,Huawei,China,Premium,Used,1260829,8.9,Physical Store,Cash,0,1,0.033,0.356,1.0,0.991,0.6,1.0,0.523,0.68,1
CUST_02651,16,Male,Mwanza,Christian,Others,No formal,"<200,000",Tigo Pesa,5,0.13,0.9,0.51,0.5,Itel,China,Budget,Used,93875,5.7,Physical Store,Cash,0,2,0.437,0.291,1.0,0.802,0.6,1.0,0.545,0.72,1
CUST_02742,33,Female,Mbeya,Christian,Nyamwezi,Primary,"500,001-1,000,000",M-Pesa,3,0.15,0.65,0.32,0.5,Oppo,China,Mid-Range,New,596185,6.9,Physical Store,Cash,0,1,0.031,0.221,1.0,0.757,1.0,1.0,0.493,0.69,1
CUST_01408,36,Male,Morogoro,Christian,Nyamwezi,Diploma,"200,000-500,000",M-Pesa,3,0.21,0.91,0.51,0.3,Infinix,China,Mid-Range,New,532326,6.5,Physical Store,Cash,0,12,0.0,0.332,1.0,0.988,1.0,1.0,0.464,0.68,1
CUST_03888,25,Female,Arusha,Christian,Others,Diploma,"1,000,001-2,000,000",Halopesa,2,0.82,0.2,0.63,0.0,Huawei,China,Premium,Used,1665995,8.2,Physical Store,Cash,0,2,0.722,0.517,1.0,0.618,0.6,1.0,0.775,0.56,0
CUST_04859,21,Male,Morogoro,Muslim,Sukuma,Primary,"200,000-500,000",Airtel Money,4,0.41,0.77,0.84,0.3,Itel,China,Budget,Used,89394,5.4,Physical Store,Card,0,1,0.541,0.454,0.9,0.988,0.6,1.0,0.693,0.71,1
CUST_04760,15,Male,Mwanza,Muslim,Others,No formal,"1,000,001-2,000,000",None,1,0.37,0.23,0.33,0.5,Tecno,China,Mid-Range,New,439857,7.9,Physical Store,Mobile Money,1,1,0.747,0.261,0.9,0.546,1.0,1.0,0.753,0.79,1
CUST_01598,25,Male,Arusha,Christian,Others,Diploma,"<200,000",Tigo Pesa,4,0.22,0.8,0.83,0.0,Samsung,South Korea,Premium,New,1191349,9.6,Online,Mobile Money,0,1,0.206,0.797,1.0,0.614,1.0,1.0,0.635,0.74,1
CUST_03435,32,Female,Mwanza,Christian,Others,Bachelor,"<200,000",M-Pesa,3,0.05,0.88,0.54,0.5,Infinix,China,Mid-Range,New,429534,6.2,Mobile,Mobile Money,0,2,0.055,0.335,1.0,0.932,1.0,1.0,0.462,0.69,1
CUST_04968,30,Female,Mwanza,Christian,Others,Secondary,"200,000-500,000",None,3,0.58,0.97,0.87,0.0,Tecno,China,Mid-Range,New,400902,7.0,Online,Card,0,2,0.028,0.609,1.0,0.64,1.0,1.0,0.758,0.74,1
CUST_02652,32,Female,Dar es Salaam,Other,Sukuma,Primary,"500,001-1,000,000",Tigo Pesa,3,0.2,0.71,0.59,0.0,Samsung,South Korea,Premium,New,805594,8.2,Physical Store,Card,0,12,0.523,0.484,1.0,1.001,1.0,1.0,0.763,0.73,1
CUST_02536,40,Female,Mbeya,Christian,Others,Primary,"1,000,001-2,000,000",M-Pesa,4,0.04,0.4,0.55,0.7,Infinix,China,Mid-Range,Used,311651,5.7,Physical Store,Cash,1,1,0.688,0.314,1.0,0.77,0.6,1.0,0.802,0.68,0
CUST_01424,24,Male,Morogoro,Christian,Nyamwezi,No formal,"500,001-1,000,000",M-Pesa,1,0.23,0.8,0.62,0.3,Oppo,China,Mid-Range,New,390177,6.4,Physical Store,Mobile Money,0,11,0.22,0.397,1.0,0.897,1.0,1.0,0.586,0.71,1
CUST_03858,39,Male,Mbeya,Christian,Others,Primary,"200,000-500,000",Airtel Money,4,0.19,0.74,0.34,0.3,Itel,China,Budget,New,160172,5.1,Online,Mobile Money,0,1,0.21,0.173,1.0,0.663,1.0,1.0,0.34,0.67,1
CUST_01771,17,Male,Tanga,Christian,Others,No formal,"500,001-1,000,000",M-Pesa,3,0.22,0.71,0.51,0.0,Infinix,China,Mid-Range,New,422830,6.0,Physical Store,Mobile Money,0,1,0.249,0.306,1.0,0.525,1.0,1.0,0.421,0.68,1
CUST_04229,32,Female,Mwanza,Christian,Others,No formal,"<200,000",Halopesa,3,0.25,0.82,0.77,0.3,Samsung,South Korea,Premium,New,1462125,9.7,Physical Store,Cash,1,10,0.001,0.747,1.0,0.954,1.0,1.0,0.577,0.69,1
CUST_04935,34,Male,Dar es Salaam,Muslim,Makonde,Bachelor,"200,000-500,000",Halopesa,2,0.23,0.97,0.58,0.3,Samsung,South Korea,Premium,New,914648,8.3,Physical Store,Cash,0,2,0.261,0.481,0.9,1.117,1.0,1.0,0.618,0.72,1
CUST_00532,44,Male,Mbeya,Muslim,Sukuma,No formal,">2,000,000",M-Pesa,2,0.4,0.14,0.84,0.3,Apple,USA,Premium,New,727873,9.9,Online,Cash,0,2,0.915,0.832,0.9,1.123,1.0,1.0,0.789,0.85,0
CUST_01086,23,Female,Mwanza,Christian,Others,Diploma,"<200,000",M-Pesa,3,0.12,0.81,0.56,0.3,Apple,USA,Premium,New,1318871,9.1,Online,Cash,0,11,0.11,0.51,1.0,0.942,1.0,1.0,0.511,0.68,1
CUST_03300,27,Female,Arusha,Christian,Others,Bachelor,"<200,000",M-Pesa,5,0.32,0.8,0.39,0.3,Itel,China,Budget,Used,109791,3.2,Physical Store,Mobile Money,0,2,0.414,0.125,1.0,0.813,0.6,1.0,0.54,0.57,1
CUST_03397,32,Female,Dar es Salaam,Christian,Others,Primary,"<200,000",None,4,0.14,0.73,0.43,0.3,Itel,China,Budget,New,145132,6.4,Online,Mobile Money,1,2,0.294,0.275,1.0,0.69,1.0,1.0,0.368,0.75,0
CUST_03329,30,Male,Zanzibar,Other,Chagga,Primary,">2,000,000",Airtel Money,3,0.2,0.3,0.31,0.7,Samsung,South Korea,Premium,New,2078858,9.6,Physical Store,Mobile Money,1,1,0.48,0.298,1.0,0.92,1.0,1.0,0.532,0.56,1
CUST_02878,18,Female,Dodoma,Christian,Others,Diploma,"<200,000",Tigo Pesa,4,0.54,0.81,0.36,0.0,Oppo,China,Mid-Range,New,337188,7.3,Online,Cash,0,2,0.317,0.263,1.0,0.563,1.0,1.0,0.415,0.77,1
CUST_02101,36,Male,Mwanza,Christian,Sukuma,Primary,">2,000,000",M-Pesa,3,0.2,0.39,0.89,0.5,Tecno,China,Mid-Range,New,324143,7.4,Physical Store,Cash,0,2,0.684,0.659,1.0,0.635,1.0,1.0,0.779,0.78,1
CUST_04316,31,Male,Dar es Salaam,Christian,Nyamwezi,Secondary,"200,000-500,000",Airtel Money,5,0.18,0.74,0.39,0.3,Nokia,Finland,Mid-Range,New,301568,7.9,Physical Store,Mobile Money,0,12,0.442,0.308,1.0,0.631,1.0,1.0,0.515,0.81,1
CUST_00366,31,Male,Morogoro,Christian,Others,No formal,"<200,000",M-Pesa,4,0.14,0.79,0.45,0.3,Huawei,China,Premium,New,1792734,9.9,Mobile,Cash,1,2,0.0,0.446,1.0,0.792,1.0,1.0,0.57,0.64,1
CUST_01049,22,Female,Arusha,Christian,Others,No formal,"500,001-1,000,000",Tigo Pesa,5,0.26,0.57,0.88,0.5,Nokia,Finland,Mid-Range,New,365439,7.4,Physical Store,Cash,1,2,0.479,0.651,1.0,0.757,1.0,1.0,0.636,0.77,1
CUST_03155,24,Female,Dar es Salaam,Muslim,Sukuma,Secondary,"200,000-500,000",M-Pesa,4,0.14,0.99,0.31,0.3,Nokia,Finland,Mid-Range,New,254828,6.7,Physical Store,Mobile Money,1,2,0.369,0.208,0.9,0.769,1.0,1.0,0.555,0.75,0
CUST_02731,41,Male,Dodoma,Christian,Makonde,Diploma,">2,000,000",M-Pesa,4,0.39,0.36,0.57,0.3,Oppo,China,Mid-Range,New,480151,7.9,Physical Store,Cash,0,1,0.568,0.45,1.0,0.896,1.0,1.0,0.611,0.78,1
CUST_04977,25,Female,Tanga,Muslim,Haya,No formal,"500,001-1,000,000",M-Pesa,4,0.18,0.63,0.87,0.7,Tecno,China,Mid-Range,New,511883,7.6,Physical Store,Mobile Money,0,2,0.194,0.661,0.9,0.874,1.0,1.0,0.44,0.75,1
CUST_00369,21,Female,Dodoma,Christian,Others,Primary,"200,000-500,000",Tigo Pesa,1,0.33,0.93,0.78,0.0,Apple,USA,Premium,New,1955860,8.3,Physical Store,Cash,1,2,0.0,0.647,1.0,0.632,1.0,1.0,0.561,0.51,1
CUST_04219,62,Female,Dodoma,Christian,Others,Diploma,"500,001-1,000,000",Halopesa,2,0.43,0.72,0.47,1.0,Infinix,China,Mid-Range,New,342269,6.3,Physical Store,Cash,0,1,0.384,0.296,1.0,0.57,1.0,0.8,0.544,0.71,1
CUST_00099,35,Female,Dodoma,Christian,Others,Secondary,"<200,000",M-Pesa,2,0.18,0.79,0.54,0.3,Itel,China,Budget,New,217018,5.1,Online,Mobile Money,1,2,0.0,0.275,1.0,0.523,1.0,1.0,0.323,0.66,1
CUST_04475,21,Female,Dodoma,Christian,Sukuma,Primary,"200,000-500,000",Airtel Money,2,0.06,0.81,0.65,0.5,Apple,USA,Premium,New,758113,8.6,Physical Store,Card,1,2,0.488,0.559,1.0,0.773,1.0,1.0,0.555,0.76,1
CUST_01746,42,Male,Dar es Salaam,Muslim,Others,Secondary,"<200,000",M-Pesa,3,0.07,0.71,0.78,0.0,Apple,USA,Premium,New,898694,8.1,Physical Store,Cash,0,1,0.468,0.632,0.9,0.892,1.0,1.0,0.735,0.71,0
CUST_03345,28,Male,Morogoro,Muslim,Others,Diploma,"1,000,001-2,000,000",M-Pesa,1,0.23,0.42,0.81,0.7,Apple,USA,Premium,New,1241015,8.2,Mobile,Mobile Money,1,12,0.566,0.664,0.9,0.902,1.0,1.0,0.734,0.64,1
CUST_04761,30,Female,Dar es Salaam,Christian,Others,No formal,"500,001-1,000,000",Tigo Pesa,1,0.12,0.62,0.65,0.0,Samsung,South Korea,Premium,New,1918103,9.1,Physical Store,Mobile Money,0,2,0.009,0.591,1.0,1.143,1.0,1.0,0.629,0.56,1
CUST_03113,15,Male,Mbeya,Other,Sukuma,Primary,"500,001-1,000,000",Tigo Pesa,1,0.39,0.74,0.33,0.3,Apple,USA,Premium,New,739950,9.8,Online,Mobile Money,0,2,0.544,0.323,1.0,1.162,1.0,1.0,0.748,0.84,0
CUST_03974,26,Male,Zanzibar,Muslim,Haya,Diploma,"200,000-500,000",M-Pesa,3,0.13,0.96,0.57,0.5,Samsung,South Korea,Premium,New,2110379,10.0,Physical Store,Cash,1,12,0.0,0.57,0.9,0.667,1.0,1.0,0.47,0.58,1
CUST_00028,27,Female,Zanzibar,Muslim,Others,Primary,"200,000-500,000",Halopesa,2,0.2,0.87,0.88,0.5,Itel,China,Budget,New,178561,4.2,Physical Store,Card,0,2,0.0,0.37,0.9,0.712,1.0,1.0,0.304,0.62,1
CUST_03399,20,Female,Mwanza,Christian,Others,Secondary,"1,000,001-2,000,000",Airtel Money,2,0.08,0.29,0.79,0.3,Itel,China,Budget,New,221577,4.8,Physical Store,Cash,1,10,0.572,0.379,1.0,0.866,1.0,1.0,0.587,0.64,1
CUST_04970,32,Female,Mwanza,Muslim,Gogo,Diploma,"1,000,001-2,000,000",M-Pesa,3,0.6,0.49,0.66,0.0,Xiaomi,China,Mid-Range,New,285565,7.5,Physical Store,Mobile Money,1,2,0.65,0.495,0.9,0.863,1.0,1.0,0.69,0.79,1
CUST_03886,37,Female,Tanga,Muslim,Sukuma,No formal,"500,001-1,000,000",Airtel Money,4,0.4,0.52,0.34,0.5,Samsung,South Korea,Premium,New,1787592,9.4,Physical Store,Card,0,2,0.225,0.32,0.9,1.022,1.0,1.0,0.254,0.61,1
CUST_00971,23,Male,Dar es Salaam,Christian,Others,Secondary,"500,001-1,000,000",Tigo Pesa,3,0.08,0.61,0.87,0.0,Tecno,China,Mid-Range,New,306748,7.8,Mobile,Mobile Money,1,2,0.532,0.679,1.0,0.513,1.0,1.0,0.677,0.81,1
CUST_01389,26,Female,Tanga,Muslim,Others,Primary,"500,001-1,000,000",M-Pesa,1,0.58,0.71,0.78,0.3,Tecno,China,Mid-Range,New,598893,7.2,Online,Cash,0,2,0.0,0.562,0.9,0.657,1.0,1.0,0.515,0.71,1
CUST_01474,24,Male,Dodoma,Muslim,Sukuma,Master+,"<200,000",Tigo Pesa,1,0.27,0.93,0.36,0.3,Tecno,China,Mid-Range,New,416398,6.7,Physical Store,Cash,0,2,0.032,0.241,0.9,0.676,1.0,1.0,0.48,0.72,0
CUST_04495,20,Male,Zanzibar,Muslim,Sukuma,Secondary,">2,000,000",Tigo Pesa,4,0.13,0.4,0.89,0.3,Itel,China,Budget,Used,114030,3.8,Physical Store,Cash,1,1,0.696,0.338,0.9,0.97,0.6,1.0,0.683,0.61,1
CUST_03212,20,Male,Arusha,Christian,Others,Primary,"<200,000",M-Pesa,1,0.23,0.73,0.31,0.3,Nokia,Finland,Mid-Range,New,453205,7.4,Physical Store,Mobile Money,1,2,0.173,0.229,1.0,0.622,1.0,1.0,0.396,0.75,1
CUST_02004,16,Female,Mwanza,Christian,Nyamwezi,Primary,"500,001-1,000,000",M-Pesa,4,0.1,0.73,0.74,0.5,Nokia,Finland,Mid-Range,Used,462062,5.4,Physical Store,Cash,0,2,0.157,0.4,1.0,0.639,0.6,1.0,0.456,0.63,1
CUST_03024,40,Male,Dar es Salaam,Muslim,Others,Diploma,"1,000,001-2,000,000",Airtel Money,3,0.09,0.42,0.77,0.3,Samsung,South Korea,Premium,New,1353320,10.0,Physical Store,Mobile Money,0,2,0.526,0.77,0.9,0.905,1.0,1.0,0.975,0.73,1
CUST_02199,24,Female,Tanga,Muslim,Nyamwezi,Secondary,"500,001-1,000,000",Tigo Pesa,3,0.13,0.53,0.43,0.7,Apple,USA,Premium,New,1233914,8.1,Physical Store,Cash,0,2,0.455,0.348,0.9,0.815,1.0,1.0,0.536,0.64,1
CUST_01451,41,Male,Arusha,Muslim,Others,Diploma,"200,000-500,000",None,3,0.25,0.99,0.68,0.5,Infinix,China,Mid-Range,New,348311,6.7,Physical Store,Cash,0,2,0.138,0.456,0.9,0.784,1.0,1.0,0.519,0.73,1
CUST_02349,25,Male,Tanga,Muslim,Others,Diploma,"<200,000",M-Pesa,4,0.16,0.84,0.41,0.5,Apple,USA,Premium,New,1862883,9.4,Physical Store,Cash,1,2,0.0,0.385,0.9,0.611,1.0,1.0,0.429,0.59,1
CUST_03525,21,Male,Tanga,Christian,Haya,Primary,"200,000-500,000",None,1,0.16,0.98,0.31,0.3,Huawei,China,Premium,New,2479148,9.3,Physical Store,Cash,0,1,0.0,0.288,1.0,0.798,1.0,1.0,0.562,0.46,1
CUST_00400,15,Female,Dodoma,Muslim,Others,Bachelor,"<200,000",M-Pesa,4,0.28,0.83,0.44,0.3,Infinix,China,Mid-Range,Used,412586,6.2,Physical Store,Cash,0,1,0.144,0.273,0.9,0.627,0.6,1.0,0.48,0.69,1
CUST_01403,27,Male,Arusha,Christian,Chagga,Secondary,"<200,000",Airtel Money,3,0.46,0.85,0.77,0.5,Samsung,South Korea,Premium,New,685078,8.9,Physical Store,Mobile Money,0,2,0.515,0.685,1.0,1.143,1.0,1.0,0.827,0.8,0
CUST_02732,27,Female,Mwanza,Christian,Others,Secondary,"200,000-500,000",Halopesa,4,0.35,0.82,0.34,0.3,Huawei,China,Premium,New,1528121,8.4,Online,Cash,0,2,0.0,0.286,1.0,0.788,1.0,1.0,0.531,0.6,1
CUST_02030,23,Male,Dar es Salaam,Muslim,Others,Secondary,"200,000-500,000",M-Pesa,3,0.28,0.82,0.53,0.3,Infinix,China,Mid-Range,New,595359,6.1,Physical Store,Cash,0,2,0.0,0.323,0.9,0.681,1.0,1.0,0.422,0.65,1
CUST_00751,28,Female,Arusha,Christian,Others,Primary,"500,001-1,000,000",Airtel Money,4,0.16,0.53,0.36,0.0,Tecno,China,Mid-Range,Used,432268,5.2,Physical Store,Mobile Money,0,2,0.427,0.187,1.0,0.893,0.6,1.0,0.495,0.63,1
CUST_01820,20,Male,Arusha,Other,Others,Primary,"200,000-500,000",Airtel Money,2,0.34,0.93,0.42,1.0,Tecno,China,Mid-Range,New,577782,7.5,Online,Mobile Money,0,2,0.0,0.315,1.0,0.786,1.0,0.8,0.436,0.73,1
CUST_04768,23,Male,Mbeya,Muslim,Sukuma,Secondary,"<200,000",Halopesa,4,0.16,0.75,0.64,0.0,Samsung,South Korea,Premium,New,1369109,8.8,Mobile,Mobile Money,0,2,0.144,0.563,0.9,0.944,1.0,1.0,0.649,0.65,1
CUST_01634,21,Female,Morogoro,Christian,Others,Primary,"500,001-1,000,000",Airtel Money,4,0.42,0.69,0.62,0.0,Infinix,China,Mid-Range,New,323505,6.3,Physical Store,Cash,0,12,0.442,0.391,1.0,0.72,1.0,1.0,0.549,0.71,1
CUST_01033,35,Female,Dar es Salaam,Muslim,Others,Bachelor,"<200,000",M-Pesa,5,0.02,0.88,0.32,0.0,Xiaomi,China,Mid-Range,New,506083,7.1,Physical Store,Cash,1,2,0.0,0.227,0.9,0.636,1.0,1.0,0.442,0.72,1
CUST_01557,27,Male,Dar es Salaam,Christian,Haya,Secondary,">2,000,000",Airtel Money,2,0.16,0.21,0.84,0.3,Xiaomi,China,Mid-Range,New,398445,7.4,Physical Store,Mobile Money,0,2,0.791,0.622,1.0,0.538,1.0,1.0,0.841,0.76,0
CUST_04052,36,Male,Dar es Salaam,Christian,Others,Diploma,"200,000-500,000",Airtel Money,3,0.17,0.89,0.48,0.5,Samsung,South Korea,Premium,New,1468771,8.5,Online,Mobile Money,0,2,0.0,0.408,1.0,1.047,1.0,1.0,0.64,0.62,1
CUST_04951,20,Female,Mwanza,Muslim,Others,Secondary,"200,000-500,000",M-Pesa,1,0.4,0.87,0.43,0.3,Xiaomi,China,Mid-Range,New,391516,6.9,Physical Store,Cash,0,2,0.148,0.297,0.9,0.878,1.0,1.0,0.73,0.74,1
CUST_04726,34,Male,Mwanza,Muslim,Makonde,Primary,"200,000-500,000",M-Pesa,4,0.19,0.98,0.53,0.0,Nokia,Finland,Mid-Range,New,416574,7.1,Physical Store,Card,1,2,0.0,0.376,0.9,0.825,1.0,1.0,0.286,0.74,1
CUST_02005,20,Male,Tanga,Muslim,Others,Secondary,"200,000-500,000",Tigo Pesa,4,0.35,0.76,0.68,0.3,Infinix,China,Mid-Range,New,519208,6.3,Physical Store,Mobile Money,0,2,0.014,0.428,0.9,0.567,1.0,1.0,0.471,0.67,1
CUST_01028,21,Male,Tanga,Christian,Others,Primary,"<200,000",M-Pesa,4,0.35,0.9,0.56,0.5,Infinix,China,Mid-Range,New,426007,7.1,Physical Store,Mobile Money,0,2,0.041,0.398,1.0,0.604,1.0,1.0,0.447,0.74,0
CUST_02427,33,Female,Mwanza,Christian,Haya,Primary,"200,000-500,000",M-Pesa,4,0.39,0.74,0.69,0.5,Oppo,China,Mid-Range,New,305063,6.4,Physical Store,Cash,1,11,0.436,0.442,1.0,0.996,1.0,1.0,0.793,0.72,0
CUST_00707,31,Male,Morogoro,Christian,Nyamwezi,No formal,">2,000,000",M-Pesa,5,0.32,0.38,0.64,0.0,Huawei,China,Premium,New,1561425,9.6,Mobile,Mobile Money,1,9,0.506,0.614,1.0,0.855,1.0,1.0,0.709,0.66,1
CUST_04296,41,Female,Dodoma,Muslim,Others,No formal,"500,001-1,000,000",M-Pesa,4,0.6,0.41,0.75,0.0,Nokia,Finland,Mid-Range,Used,406089,6.9,Mobile,Cash,0,2,0.584,0.518,0.9,0.965,0.6,1.0,0.747,0.73,1
CUST_01544,46,Male,Dar es Salaam,Christian,Sukuma,Primary,"<200,000",M-Pesa,3,0.42,0.98,0.81,0.5,Samsung,South Korea,Premium,New,1676917,9.5,Physical Store,Card,1,11,0.0,0.77,1.0,0.819,1.0,1.0,0.596,0.63,1
CUST_04092,30,Female,Arusha,Christian,Nyamwezi,No formal,"<200,000",M-Pesa,4,0.48,0.82,0.72,0.5,Itel,China,Budget,New,234845,6.8,Physical Store,Card,0,2,0.0,0.49,1.0,0.834,1.0,1.0,0.396,0.76,1
CUST_01771,17,Male,Tanga,Christian,Others,No formal,"500,001-1,000,000",M-Pesa,3,0.22,0.71,0.51,0.0,Tecno,China,Mid-Range,New,579263,6.5,Physical Store,Cash,0,2,0.0,0.332,1.0,0.906,1.0,1.0,0.501,0.67,1
CUST_03478,28,Female,Tanga,Christian,Others,Primary,"<200,000",Airtel Money,5,0.3,0.71,0.77,0.5,Nokia,Finland,Mid-Range,New,554053,7.6,Online,Cash,0,2,0.017,0.585,1.0,0.942,1.0,1.0,0.649,0.75,1
CUST_04922,20,Male,Mwanza,Muslim,Chagga,Secondary,"500,001-1,000,000",M-Pesa,4,0.33,0.48,0.44,0.3,Oppo,China,Mid-Range,New,351465,7.5,Online,Cash,0,2,0.578,0.33,0.9,0.874,1.0,1.0,0.714,0.78,1
CUST_03954,15,Male,Dar es Salaam,Christian,Others,No formal,">2,000,000",None,3,0.29,0.15,0.38,0.5,Samsung,South Korea,Premium,New,1168740,8.5,Online,Cash,0,2,0.854,0.323,1.0,1.115,1.0,1.0,0.749,0.68,1
CUST_01192,23,Male,Arusha,Christian,Others,Primary,"<200,000",Airtel Money,3,0.24,0.9,0.66,0.7,Apple,USA,Premium,New,984251,8.1,Physical Store,Cash,1,11,0.262,0.535,1.0,0.62,1.0,1.0,0.657,0.69,1
CUST_02026,29,Male,Mbeya,Christian,Nyamwezi,Secondary,"500,001-1,000,000",Tigo Pesa,2,0.11,0.59,0.72,0.3,Samsung,South Korea,Premium,New,1461561,9.1,Physical Store,Mobile Money,0,11,0.281,0.655,1.0,1.124,1.0,1.0,0.7,0.65,1
CUST_02174,20,Male,Morogoro,Christian,Others,Secondary,"200,000-500,000",M-Pesa,2,0.34,0.82,0.36,1.0,Infinix,China,Mid-Range,New,311895,6.5,Physical Store,Cash,0,2,0.361,0.234,1.0,0.974,1.0,0.8,0.626,0.73,1
CUST_01805,28,Female,Dodoma,Christian,Sukuma,Diploma,"<200,000",Airtel Money,1,0.58,0.8,0.43,1.0,Nokia,Finland,Mid-Range,Used,198808,6.8,Physical Store,Mobile Money,1,12,0.602,0.292,1.0,0.899,0.6,0.8,0.643,0.77,0
CUST_00264,33,Female,Arusha,Muslim,Others,Primary,"200,000-500,000",Tigo Pesa,5,0.26,0.83,0.65,0.7,Nokia,Finland,Mid-Range,New,427152,7.5,Physical Store,Card,0,2,0.114,0.488,0.9,0.947,1.0,1.0,0.64,0.76,1
CUST_05000,16,Female,Mwanza,Muslim,Sukuma,Bachelor,"500,001-1,000,000",Tigo Pesa,3,0.2,0.56,0.32,0.5,Nokia,Finland,Mid-Range,New,443226,7.9,Online,Mobile Money,0,2,0.379,0.253,0.9,0.651,1.0,1.0,0.671,0.79,1
CUST_02148,15,Female,Dar es Salaam,Christian,Others,Diploma,"500,001-1,000,000",M-Pesa,5,0.39,0.45,0.61,0.3,Infinix,China,Mid-Range,New,420642,6.4,Mobile,Cash,0,2,0.527,0.39,1.0,0.93,1.0,1.0,0.911,0.7,1
CUST_00888,15,Male,Mwanza,Christian,Others,No formal,"200,000-500,000",Tigo Pesa,2,0.35,1.0,0.52,0.5,Infinix,China,Mid-Range,New,495369,7.6,Physical Store,Card,1,2,0.0,0.395,1.0,0.675,1.0,1.0,0.432,0.76,1
CUST_00766,30,Male,Dar es Salaam,Muslim,Chagga,Diploma,"1,000,001-2,000,000",Tigo Pesa,3,0.29,0.49,0.9,0.0,Nokia,Finland,Mid-Range,New,341479,7.3,Physical Store,Mobile Money,0,10,0.582,0.657,0.9,0.804,1.0,1.0,0.55,0.77,1
CUST_03348,41,Female,Dodoma,Christian,Sukuma,Primary,"<200,000",M-Pesa,4,0.4,0.97,0.57,0.0,Apple,USA,Premium,New,645571,9.7,Physical Store,Mobile Money,0,2,0.478,0.553,1.0,0.916,1.0,1.0,0.722,0.85,1
CUST_03196,32,Male,Arusha,Christian,Others,Secondary,"1,000,001-2,000,000",M-Pesa,4,0.22,0.3,0.81,0.0,Oppo,China,Mid-Range,New,467596,7.9,Online,Cash,0,2,0.649,0.64,1.0,0.539,1.0,1.0,0.708,0.78,1
CUST_00927,45,Female,Arusha,Christian,Others,Primary,"200,000-500,000",Airtel Money,4,0.12,0.96,0.83,0.0,Nokia,Finland,Mid-Range,New,271100,6.5,Physical Store,Mobile Money,1,1,0.349,0.54,1.0,0.915,1.0,1.0,0.684,0.74,1
CUST_01816,28,Female,Dar es Salaam,Christian,Others,Secondary,"200,000-500,000",Halopesa,3,0.13,0.87,0.84,0.7,Samsung,South Korea,Premium,New,2036339,9.3,Physical Store,Cash,1,2,0.0,0.781,1.0,0.9,1.0,1.0,0.574,0.55,1
CUST_03475,32,Female,Mbeya,Muslim,Others,Primary,"500,001-1,000,000",M-Pesa,2,0.35,0.73,0.88,0.3,Apple,USA,Premium,New,677718,8.2,Physical Store,Mobile Money,0,2,0.588,0.722,0.9,0.752,1.0,1.0,0.914,0.76,1
CUST_01445,35,Female,Dodoma,Muslim,Others,Bachelor,"500,001-1,000,000",Airtel Money,4,0.26,0.58,0.39,0.7,Apple,USA,Premium,New,1613117,10.0,Physical Store,Mobile Money,1,11,0.22,0.39,0.9,0.824,1.0,1.0,0.523,0.68,1
CUST_00931,37,Female,Dar es Salaam,Christian,Others,Diploma,"1,000,001-2,000,000",M-Pesa,2,0.17,0.31,0.81,0.5,Infinix,China,Mid-Range,New,572990,7.3,Physical Store,Mobile Money,1,1,0.556,0.591,1.0,0.996,1.0,1.0,0.606,0.72,1
CUST_03634,42,Female,Dodoma,Christian,Haya,Primary,"1,000,001-2,000,000",M-Pesa,3,0.59,0.31,0.64,0.3,Nokia,Finland,Mid-Range,New,588328,7.9,Physical Store,Cash,0,2,0.544,0.506,1.0,0.844,1.0,1.0,0.673,0.76,1
CUST_01493,17,Female,Dodoma,Christian,Makonde,Primary,"200,000-500,000",M-Pesa,3,0.6,0.7,0.45,0.5,Apple,USA,Premium,New,675164,8.2,Online,Cash,0,2,0.606,0.369,1.0,0.937,1.0,1.0,0.668,0.76,1
CUST_02262,18,Male,Arusha,Muslim,Others,Diploma,"200,000-500,000",M-Pesa,1,0.12,0.75,0.78,0.7,Huawei,China,Premium,New,718046,9.1,Physical Store,Cash,0,1,0.551,0.71,0.9,0.61,1.0,1.0,0.68,0.8,1
CUST_01410,43,Female,Dar es Salaam,Muslim,Haya,Primary,"200,000-500,000",M-Pesa,3,0.18,0.79,0.43,0.3,Tecno,China,Mid-Range,Used,247445,5.9,Physical Store,Cash,0,2,0.511,0.254,0.9,0.509,0.6,1.0,0.459,0.7,1
CUST_00436,20,Female,Dar es Salaam,Other,Sukuma,Primary,"200,000-500,000",Tigo Pesa,4,0.62,0.76,0.64,0.3,Nokia,Finland,Mid-Range,New,455209,7.1,Mobile,Cash,0,1,0.135,0.454,1.0,0.528,1.0,1.0,0.46,0.73,0
CUST_02459,39,Male,Morogoro,Other,Others,Primary,"1,000,001-2,000,000",Airtel Money,4,0.45,0.45,0.54,0.5,Xiaomi,China,Mid-Range,New,406884,6.2,Online,Cash,1,1,0.542,0.335,1.0,0.534,1.0,1.0,0.642,0.69,1
CUST_01459,41,Male,Mwanza,Christian,Others,Bachelor,"<200,000",M-Pesa,3,0.27,0.73,0.48,0.3,Huawei,China,Premium,New,1427699,8.5,Mobile,Cash,1,2,0.131,0.408,1.0,0.665,1.0,1.0,0.609,0.62,1
CUST_02308,31,Male,Tanga,Christian,Gogo,Secondary,"200,000-500,000",M-Pesa,4,0.16,0.85,0.7,0.5,Infinix,China,Mid-Range,Used,146954,5.7,Online,Cash,0,10,0.688,0.399,1.0,0.992,0.6,1.0,0.727,0.71,1
CUST_03093,20,Female,Mwanza,Christian,Others,Primary,"500,001-1,000,000",Airtel Money,1,0.45,0.47,0.37,0.3,Xiaomi,China,Mid-Range,New,543644,7.1,Physical Store,Cash,0,11,0.361,0.263,1.0,0.851,1.0,1.0,0.703,0.72,1
CUST_02546,22,Female,Arusha,Muslim,Gogo,Bachelor,"500,001-1,000,000",None,2,0.1,0.52,0.88,0.3,Itel,China,Budget,New,80742,4.4,Physical Store,Cash,1,1,0.72,0.387,0.9,0.944,1.0,1.0,0.591,0.65,1
CUST_00835,25,Female,Mwanza,Christian,Others,Secondary,"200,000-500,000",None,4,0.26,0.79,0.77,0.3,Infinix,China,Mid-Range,New,452318,6.4,Physical Store,Cash,0,2,0.107,0.493,1.0,0.723,1.0,1.0,0.437,0.69,1
CUST_01992,19,Male,Dar es Salaam,Christian,Others,Primary,"<200,000",Tigo Pesa,3,0.43,0.97,0.78,0.3,Huawei,China,Premium,New,2368791,9.7,Physical Store,Card,0,12,0.0,0.757,1.0,0.955,1.0,1.0,0.454,0.51,0
CUST_03241,26,Male,Mwanza,Muslim,Others,Master+,"500,001-1,000,000",Halopesa,3,0.09,0.73,0.82,0.0,Samsung,South Korea,Premium,Used,1253080,8.2,Mobile,Cash,0,1,0.238,0.672,0.9,1.006,0.6,1.0,0.593,0.64,0
CUST_04137,40,Male,Dodoma,Christian,Nyamwezi,Secondary,"200,000-500,000",Halopesa,3,0.34,0.9,0.88,0.3,Samsung,South Korea,Premium,New,916898,9.0,Physical Store,Mobile Money,0,2,0.312,0.792,1.0,1.086,1.0,1.0,0.855,0.76,1
CUST_03005,21,Female,Mwanza,Christian,Others,Secondary,"500,001-1,000,000",Airtel Money,3,0.17,0.73,0.69,0.0,Vivo,China,Mid-Range,New,420711,8.0,Online,Cash,0,2,0.232,0.552,1.0,0.609,1.0,1.0,0.478,0.8,1
CUST_03075,20,Male,Dar es Salaam,Christian,Sukuma,Secondary,"200,000-500,000",M-Pesa,1,0.21,0.81,0.72,0.5,Samsung,South Korea,Premium,New,1161470,9.3,Physical Store,Cash,0,1,0.216,0.67,1.0,0.938,1.0,1.0,0.582,0.73,1
CUST_01872,35,Female,Dar es Salaam,Muslim,Others,Bachelor,"<200,000",None,3,0.11,0.92,0.67,0.3,Huawei,China,Premium,New,2496850,8.6,Physical Store,Cash,1,11,0.0,0.576,0.9,0.573,1.0,1.0,0.471,0.42,1
CUST_02314,26,Female,Mwanza,Muslim,Nyamwezi,Diploma,"200,000-500,000",Airtel Money,2,0.16,0.84,0.56,0.5,Samsung,South Korea,Premium,New,845823,9.3,Online,Mobile Money,1,2,0.408,0.521,0.9,1.05,1.0,1.0,0.651,0.79,1
CUST_00888,15,Male,Mwanza,Christian,Others,No formal,"200,000-500,000",Tigo Pesa,2,0.35,1.0,0.52,0.5,Xiaomi,China,Mid-Range,New,456362,6.2,Physical Store,Cash,1,1,0.0,0.322,1.0,0.983,1.0,1.0,0.62,0.68,1
CUST_02041,23,Male,Zanzibar,Christian,Sukuma,Primary,"200,000-500,000",Tigo Pesa,3,0.43,0.8,0.56,0.3,Apple,USA,Premium,New,1414799,8.4,Physical Store,Card,0,2,0.057,0.47,1.0,0.948,1.0,1.0,0.582,0.62,1
CUST_02491,25,Male,Mbeya,Christian,Others,Master+,"<200,000",None,4,0.35,0.8,0.49,0.7,Xiaomi,China,Mid-Range,New,267969,6.7,Physical Store,Cash,1,2,0.464,0.328,1.0,0.534,1.0,1.0,0.239,0.75,1
CUST_02875,60,Female,Dar es Salaam,Christian,Others,Primary,"500,001-1,000,000",Tigo Pesa,4,0.49,0.74,0.41,0.5,Samsung,South Korea,Premium,New,2031160,8.8,Physical Store,Mobile Money,1,10,0.0,0.361,1.0,1.108,1.0,1.0,0.67,0.52,1
CUST_04533,23,Male,Arusha,Muslim,Others,No formal,"200,000-500,000",M-Pesa,5,0.73,0.84,0.75,0.0,Huawei,China,Premium,New,1940438,9.7,Physical Store,Cash,0,2,0.0,0.728,0.9,0.809,1.0,1.0,0.575,0.59,1
CUST_00983,17,Male,Tanga,Muslim,Others,Diploma,"500,001-1,000,000",M-Pesa,5,0.05,0.67,0.79,0.3,Infinix,China,Mid-Range,New,536921,6.3,Physical Store,Card,1,2,0.101,0.498,0.9,0.937,1.0,1.0,0.358,0.67,1
CUST_01055,15,Female,Dar es Salaam,Christian,Others,Bachelor,"<200,000",Tigo Pesa,4,0.29,0.79,0.46,0.7,Tecno,China,Mid-Range,New,291364,7.2,Physical Store,Cash,0,1,0.425,0.331,1.0,0.566,1.0,1.0,0.54,0.77,1
CUST_02697,31,Female,Dodoma,Muslim,Chagga,Bachelor,"500,001-1,000,000",Halopesa,4,0.33,0.63,0.78,0.5,Oppo,China,Mid-Range,Used,449799,5.2,Mobile,Card,1,12,0.292,0.406,0.9,0.77,0.6,1.0,0.494,0.62,1
CUST_00687,18,Female,Tanga,Christian,Others,Primary,"200,000-500,000",M-Pesa,2,0.23,0.9,0.79,0.0,Samsung,South Korea,Premium,New,2450634,8.6,Mobile,Cash,0,2,0.0,0.679,1.0,0.954,1.0,1.0,0.636,0.43,0
CUST_01422,26,Male,Dar es Salaam,Other,Sukuma,Primary,"500,001-1,000,000",Airtel Money,3,0.22,0.53,0.35,0.3,Samsung,South Korea,Premium,New,1337560,9.3,Physical Store,Mobile Money,1,2,0.409,0.326,1.0,0.973,1.0,1.0,0.761,0.69,1
CUST_02362,24,Male,Dar es Salaam,Muslim,Sukuma,Secondary,"<200,000",Halopesa,2,0.42,0.77,0.6,0.3,Infinix,China,Mid-Range,New,527581,7.6,Mobile,Mobile Money,1,2,0.0,0.456,0.9,0.613,1.0,1.0,0.618,0.75,1
CUST_01043,19,Male,Dar es Salaam,Christian,Others,Diploma,"500,001-1,000,000",M-Pesa,4,0.39,0.43,0.59,0.3,Samsung,South Korea,Premium,New,2125986,8.6,Physical Store,Cash,0,2,0.238,0.507,1.0,0.889,1.0,1.0,0.754,0.49,1
CUST_00733,43,Male,Dodoma,Muslim,Sukuma,Secondary,"<200,000",Tigo Pesa,2,0.38,0.72,0.54,0.3,Nokia,Finland,Mid-Range,New,261129,7.2,Physical Store,Cash,1,12,0.53,0.389,0.9,0.622,1.0,1.0,0.676,0.78,0
CUST_03318,26,Female,Arusha,Christian,Others,Primary,"200,000-500,000",M-Pesa,3,0.12,0.93,0.41,0.3,Itel,China,Budget,New,111941,6.6,Physical Store,Cash,0,2,0.306,0.271,1.0,0.855,1.0,1.0,0.566,0.77,1
CUST_04753,21,Female,Mwanza,Christian,Others,No formal,"<200,000",M-Pesa,4,0.04,0.72,0.67,0.3,Samsung,South Korea,Premium,New,1617490,9.8,Physical Store,Cash,0,2,0.03,0.657,1.0,0.972,1.0,1.0,0.237,0.66,1
CUST_04890,52,Male,Dodoma,Muslim,Sukuma,Primary,"<200,000",M-Pesa,5,0.31,0.71,0.39,0.5,Itel,China,Budget,New,153954,6.2,Physical Store,Cash,1,1,0.271,0.242,0.9,0.759,1.0,1.0,0.445,0.74,0
CUST_01879,33,Male,Mwanza,Christian,Others,Diploma,"200,000-500,000",M-Pesa,2,0.14,0.97,0.34,0.7,Apple,USA,Premium,New,1490050,8.3,Physical Store,Mobile Money,0,2,0.0,0.282,1.0,0.979,1.0,1.0,0.518,0.6,0
CUST_00613,48,Male,Tanga,Muslim,Others,Master+,"200,000-500,000",Airtel Money,5,0.32,0.78,0.87,0.0,Infinix,China,Mid-Range,New,372828,7.2,Physical Store,Mobile Money,0,1,0.273,0.626,0.9,0.778,1.0,1.0,0.707,0.76,1
CUST_02229,34,Female,Tanga,Muslim,Others,Diploma,"<200,000",M-Pesa,3,0.24,0.72,0.55,0.3,Huawei,China,Premium,New,733491,9.5,Online,Cash,0,1,0.56,0.522,0.9,0.937,1.0,1.0,0.614,0.82,1
CUST_04456,31,Male,Mbeya,Christian,Others,Primary,"500,001-1,000,000",Tigo Pesa,1,0.16,0.67,0.61,0.3,Oppo,China,Mid-Range,New,272466,6.1,Physical Store,Cash,1,11,0.544,0.372,1.0,0.789,1.0,1.0,0.621,0.71,1
CUST_01766,38,Female,Dar es Salaam,Christian,Sukuma,Secondary,"200,000-500,000",Halopesa,3,0.05,0.97,0.43,0.5,Apple,USA,Premium,New,670427,9.7,Online,Cash,0,2,0.458,0.417,1.0,0.886,1.0,1.0,0.512,0.85,1
CUST_00349,15,Male,Dodoma,Christian,Others,Secondary,"500,001-1,000,000",Tigo Pesa,2,0.39,0.48,0.68,0.3,Itel,China,Budget,Used,135835,5.6,Physical Store,Cash,0,2,0.565,0.381,1.0,0.625,0.6,1.0,0.834,0.71,1
CUST_00133,22,Male,Mbeya,Christian,Nyamwezi,Secondary,"200,000-500,000",Tigo Pesa,2,0.53,0.96,0.7,0.5,Itel,China,Budget,New,156272,5.4,Online,Card,0,10,0.0,0.378,1.0,0.645,1.0,1.0,0.479,0.69,1
CUST_02890,15,Female,Dar es Salaam,Christian,Others,Diploma,">2,000,000",M-Pesa,3,0.06,0.49,0.63,0.0,Apple,USA,Premium,New,1960554,9.8,Physical Store,Cash,0,2,0.199,0.617,1.0,1.152,1.0,1.0,0.77,0.6,1
CUST_01006,26,Female,Zanzibar,Muslim,Others,Primary,"500,001-1,000,000",Tigo Pesa,2,0.27,0.66,0.45,0.7,Vivo,China,Mid-Range,Used,226932,6.7,Physical Store,Cash,0,12,0.626,0.302,0.9,0.659,0.6,1.0,0.158,0.76,0
CUST_03984,33,Female,Arusha,Christian,Nyamwezi,Primary,"500,001-1,000,000",Airtel Money,4,0.28,0.41,0.42,0.3,Apple,USA,Premium,New,1818555,9.8,Mobile,Cash,0,2,0.379,0.412,1.0,1.189,1.0,1.0,0.62,0.62,1
CUST_04112,35,Male,Zanzibar,Muslim,Nyamwezi,Master+,"200,000-500,000",M-Pesa,4,0.31,0.71,0.51,0.5,Tecno,China,Mid-Range,New,486046,6.1,Online,Cash,1,2,0.137,0.311,0.9,0.961,1.0,1.0,0.488,0.67,1
CUST_00956,21,Female,Dar es Salaam,Christian,Gogo,Diploma,"1,000,001-2,000,000",Halopesa,3,0.08,0.19,0.53,0.5,Huawei,China,Premium,New,1638205,9.2,Online,Mobile Money,0,2,0.741,0.488,1.0,0.627,1.0,1.0,0.66,0.62,1
CUST_02974,15,Male,Mbeya,Muslim,Sukuma,Secondary,"500,001-1,000,000",Tigo Pesa,3,0.19,0.66,0.77,0.0,Samsung,South Korea,Premium,New,1141573,9.7,Online,Card,0,1,0.372,0.747,0.9,1.027,1.0,1.0,0.831,0.75,1
CUST_02478,34,Male,Arusha,Christian,Others,Diploma,"1,000,001-2,000,000",M-Pesa,4,0.21,0.21,0.58,0.5,Nokia,Finland,Mid-Range,New,575787,7.3,Physical Store,Mobile Money,0,1,0.698,0.423,1.0,0.745,1.0,1.0,0.717,0.72,1
CUST_01024,35,Male,Dar es Salaam,Christian,Others,Primary,"200,000-500,000",Halopesa,3,0.13,0.92,0.37,0.3,Samsung,South Korea,Premium,New,881033,9.4,Physical Store,Cash,0,2,0.325,0.348,1.0,1.03,1.0,1.0,0.545,0.79,1
CUST_04359,32,Female,Mbeya,Christian,Nyamwezi,Primary,"200,000-500,000",Airtel Money,1,0.09,0.79,0.44,0.5,Tecno,China,Mid-Range,New,545014,7.6,Physical Store,Mobile Money,0,2,0.0,0.334,1.0,0.971,1.0,1.0,0.588,0.75,1
CUST_04471,37,Male,Arusha,Other,Others,Diploma,"<200,000",Tigo Pesa,3,0.17,0.92,0.41,0.7,Huawei,China,Premium,New,1619996,9.0,Physical Store,Mobile Money,0,2,0.0,0.369,1.0,0.613,1.0,1.0,0.506,0.62,1
CUST_01279,32,Male,Morogoro,Muslim,Others,No formal,"500,001-1,000,000",Tigo Pesa,4,0.23,0.44,0.82,0.5,Nokia,Finland,Mid-Range,Used,126035,5.2,Physical Store,Cash,0,2,0.861,0.426,0.9,0.99,0.6,1.0,0.758,0.69,1
CUST_04421,31,Male,Arusha,Christian,Others,Secondary,"<200,000",Tigo Pesa,3,0.06,0.93,0.34,0.3,Tecno,China,Mid-Range,New,444706,6.7,Physical Store,Cash,0,2,0.0,0.228,1.0,0.635,1.0,1.0,0.226,0.71,0
CUST_03658,32,Female,Morogoro,Muslim,Sukuma,Diploma,"200,000-500,000",M-Pesa,4,0.37,0.93,0.8,1.0,Infinix,China,Mid-Range,New,309485,6.7,Physical Store,Mobile Money,0,1,0.28,0.536,0.9,0.566,1.0,0.8,0.722,0.74,1
CUST_02924,30,Male,Mwanza,Christian,Others,Secondary,"1,000,001-2,000,000",Tigo Pesa,1,0.06,0.4,0.85,0.3,Infinix,China,Mid-Range,New,548906,6.6,Mobile,Cash,0,2,0.451,0.561,1.0,0.782,1.0,1.0,0.563,0.69,1
CUST_04526,24,Female,Dar es Salaam,Christian,Others,No formal,"200,000-500,000",Airtel Money,4,0.17,0.79,0.39,0.5,Tecno,China,Mid-Range,New,564249,6.7,Physical Store,Mobile Money,0,2,0.0,0.261,1.0,0.666,1.0,1.0,0.345,0.69,1
CUST_04998,39,Female,Mwanza,Christian,Sukuma,No formal,"200,000-500,000",M-Pesa,2,0.15,0.93,0.47,0.7,Samsung,South Korea,Premium,Used,515354,7.0,Physical Store,Card,1,2,0.601,0.329,1.0,0.854,0.6,1.0,0.617,0.72,1
CUST_04560,18,Male,Arusha,Muslim,Others,Primary,"<200,000",M-Pesa,2,0.29,0.79,0.5,0.5,Infinix,China,Mid-Range,New,265025,7.1,Physical Store,Mobile Money,0,2,0.477,0.355,0.9,0.987,1.0,1.0,0.675,0.77,1
CUST_03532,49,Male,Tanga,Muslim,Others,Primary,"500,001-1,000,000",Airtel Money,1,0.08,0.6,0.55,0.3,Itel,China,Budget,New,119610,4.7,Physical Store,Mobile Money,0,2,0.522,0.259,0.9,0.672,1.0,1.0,0.567,0.66,1
CUST_03124,36,Female,Arusha,Christian,Others,Secondary,"200,000-500,000",Halopesa,3,0.11,0.92,0.57,0.3,Samsung,South Korea,Premium,New,1271190,9.7,Physical Store,Cash,0,1,0.025,0.553,1.0,0.815,1.0,1.0,0.563,0.73,1
CUST_04642,17,Male,Arusha,Christian,Others,No formal,"500,001-1,000,000",M-Pesa,1,0.37,0.58,0.63,0.5,Apple,USA,Premium,Used,1661196,8.8,Online,Cash,0,1,0.197,0.554,1.0,1.196,0.6,1.0,0.738,0.6,1
CUST_01322,38,Female,Zanzibar,Christian,Makonde,Secondary,"200,000-500,000",M-Pesa,5,0.58,0.99,0.87,0.7,Huawei,China,Premium,Used,575492,8.0,Physical Store,Cash,0,1,0.525,0.696,1.0,0.772,0.6,1.0,0.623,0.76,1
CUST_04386,30,Male,Arusha,Muslim,Sukuma,Primary,">2,000,000",Tigo Pesa,4,0.06,0.47,0.43,1.0,Tecno,China,Mid-Range,Used,188557,6.0,Physical Store,Cash,0,2,0.778,0.258,0.9,0.826,0.6,0.8,0.715,0.72,1
CUST_03244,34,Male,Dar es Salaam,Muslim,Sukuma,Diploma,"500,001-1,000,000",M-Pesa,3,0.08,0.71,0.56,0.3,Tecno,China,Mid-Range,New,509515,7.4,Physical Store,Mobile Money,0,12,0.096,0.414,0.9,0.63,1.0,1.0,0.651,0.74,0
CUST_03690,23,Female,Arusha,Muslim,Sukuma,Secondary,"1,000,001-2,000,000",Halopesa,5,0.21,0.25,0.74,0.0,Nokia,Finland,Mid-Range,New,569399,6.4,Physical Store,Cash,0,1,0.644,0.474,0.9,0.864,1.0,1.0,0.622,0.67,0
CUST_04921,15,Female,Dar es Salaam,Christian,Others,No formal,"1,000,001-2,000,000",Tigo Pesa,4,0.1,0.4,0.79,0.5,Tecno,China,Mid-Range,New,284132,6.8,Physical Store,Cash,0,2,0.716,0.537,1.0,0.699,1.0,1.0,0.84,0.75,1
CUST_03356,15,Female,Arusha,Christian,Others,Bachelor,"200,000-500,000",Airtel Money,3,0.2,0.72,0.36,0.3,Nokia,Finland,Mid-Range,New,321362,6.7,Physical Store,Mobile Money,0,2,0.422,0.241,1.0,0.581,1.0,1.0,0.424,0.74,1
CUST_03957,29,Female,Mwanza,Christian,Others,Primary,"500,001-1,000,000",M-Pesa,3,0.24,0.44,0.78,0.7,Infinix,China,Mid-Range,New,535717,7.7,Online,Cash,0,1,0.411,0.601,1.0,0.962,1.0,1.0,0.583,0.75,1
CUST_00081,36,Male,Dar es Salaam,Muslim,Others,Secondary,"200,000-500,000",Halopesa,5,0.08,0.76,0.67,0.5,Xiaomi,China,Mid-Range,New,588828,6.7,Physical Store,Cash,1,2,0.0,0.449,0.9,0.54,1.0,1.0,0.349,0.68,0
CUST_04539,28,Female,Zanzibar,Muslim,Others,Master+,"200,000-500,000",Tigo Pesa,3,0.15,0.95,0.42,0.3,Itel,China,Budget,New,190473,5.5,Physical Store,Cash,0,2,0.0,0.231,0.9,0.612,1.0,1.0,0.487,0.69,1
CUST_04506,38,Female,Arusha,Muslim,Others,Primary,"<200,000",Tigo Pesa,2,0.52,0.75,0.31,0.3,Itel,China,Budget,Used,134424,5.5,Mobile,Cash,0,12,0.328,0.17,0.9,0.565,0.6,1.0,0.353,0.7,1
CUST_00357,29,Female,Mwanza,Christian,Others,Primary,">2,000,000",Tigo Pesa,1,0.19,0.49,0.6,0.3,Huawei,China,Premium,New,1141894,9.7,Online,Cash,0,2,0.534,0.582,1.0,0.594,1.0,1.0,0.703,0.75,1
CUST_00732,31,Male,Dar es Salaam,Muslim,Haya,Secondary,"200,000-500,000",Airtel Money,2,0.48,0.8,0.62,0.3,Huawei,China,Premium,New,877984,8.3,Physical Store,Cash,0,2,0.415,0.515,0.9,0.552,1.0,1.0,0.678,0.72,1
CUST_02326,20,Male,Mwanza,Christian,Gogo,Secondary,"<200,000",Airtel Money,4,0.63,0.79,0.78,0.3,Xiaomi,China,Mid-Range,New,548465,6.9,Physical Store,Card,1,2,0.0,0.538,1.0,0.678,1.0,1.0,0.298,0.7,1
CUST_01229,28,Male,Tanga,Christian,Chagga,Secondary,"1,000,001-2,000,000",Airtel Money,3,0.52,0.24,0.44,0.7,Apple,USA,Premium,New,783258,9.3,Physical Store,Mobile Money,0,2,0.843,0.409,1.0,0.786,1.0,1.0,0.9,0.8,1
CUST_02205,38,Male,Tanga,Christian,Others,No formal,"200,000-500,000",None,1,0.22,0.77,0.69,0.0,Huawei,China,Premium,New,1752079,8.1,Online,Cash,0,12,0.0,0.559,1.0,0.534,1.0,1.0,0.447,0.54,1
CUST_00312,29,Male,Zanzibar,Muslim,Sukuma,Secondary,"1,000,001-2,000,000",Airtel Money,3,0.27,0.25,0.88,0.5,Apple,USA,Premium,New,2122741,9.5,Mobile,Cash,0,12,0.558,0.836,0.9,1.094,1.0,1.0,0.832,0.55,1
CUST_04804,24,Male,Dar es Salaam,Christian,Others,Diploma,"200,000-500,000",Halopesa,5,0.4,0.86,0.34,0.7,Infinix,China,Mid-Range,New,374328,7.4,Physical Store,Cash,1,1,0.195,0.252,1.0,0.801,1.0,1.0,0.514,0.77,1
CUST_00968,16,Male,Mwanza,Christian,Others,Secondary,"1,000,001-2,000,000",Halopesa,5,0.28,0.1,0.72,0.7,Infinix,China,Mid-Range,Used,154244,6.9,Mobile,Mobile Money,0,2,0.961,0.497,1.0,0.889,0.6,1.0,0.625,0.78,1
CUST_00782,15,Female,Tanga,Christian,Others,Primary,"200,000-500,000",Tigo Pesa,1,0.42,0.98,0.87,1.0,Huawei,China,Premium,New,1335108,8.1,Physical Store,Mobile Money,0,2,0.0,0.705,1.0,0.896,1.0,0.8,0.487,0.62,1
CUST_04826,32,Female,Morogoro,Christian,Others,Primary,"200,000-500,000",Airtel Money,5,0.21,0.88,0.31,1.0,Tecno,China,Mid-Range,New,476093,7.2,Physical Store,Cash,0,12,0.0,0.223,1.0,0.727,1.0,0.8,0.319,0.74,1
CUST_01659,36,Female,Dar es Salaam,Christian,Others,Primary,"200,000-500,000",Tigo Pesa,5,0.12,0.91,0.85,0.7,Apple,USA,Premium,New,605638,9.3,Online,Mobile Money,1,1,0.541,0.79,1.0,0.736,1.0,1.0,0.741,0.84,0
CUST_01339,42,Female,Dar es Salaam,Christian,Others,No formal,"200,000-500,000",M-Pesa,5,0.44,0.98,0.44,0.0,Infinix,China,Mid-Range,New,267876,6.8,Mobile,Cash,1,11,0.344,0.299,1.0,0.769,1.0,1.0,0.492,0.75,1
CUST_00063,15,Female,Mbeya,Christian,Sukuma,No formal,"1,000,001-2,000,000",Tigo Pesa,5,0.53,0.35,0.82,1.0,Tecno,China,Mid-Range,New,279971,7.4,Physical Store,Card,0,2,0.755,0.607,1.0,0.589,1.0,0.8,0.814,0.79,1
CUST_04212,17,Female,Mbeya,Christian,Chagga,Diploma,"200,000-500,000",Airtel Money,3,0.07,0.88,0.89,0.5,Infinix,China,Mid-Range,New,597752,7.4,Physical Store,Mobile Money,0,2,0.0,0.659,1.0,0.946,1.0,1.0,0.462,0.72,1
CUST_01429,34,Male,Dar es Salaam,Christian,Others,Primary,"<200,000",Tigo Pesa,5,0.05,0.88,0.4,0.5,Samsung,South Korea,Premium,New,1015609,9.2,Mobile,Cash,0,2,0.255,0.368,1.0,0.847,1.0,1.0,0.325,0.75,1
CUST_01281,24,Male,Tanga,Muslim,Others,No formal,"<200,000",Halopesa,2,0.33,0.77,0.89,0.7,Nokia,Finland,Mid-Range,New,512542,7.0,Physical Store,Mobile Money,1,11,0.013,0.623,0.9,0.84,1.0,1.0,0.696,0.72,1
CUST_04405,18,Male,Dodoma,Christian,Others,Secondary,"200,000-500,000",None,5,0.6,0.83,0.37,0.5,Xiaomi,China,Mid-Range,New,496912,7.0,Physical Store,Cash,0,12,0.0,0.259,1.0,0.951,1.0,1.0,0.506,0.72,1
CUST_00575,23,Female,Zanzibar,Muslim,Others,Primary,"200,000-500,000",M-Pesa,2,0.47,0.76,0.69,0.7,Apple,USA,Premium,New,2358086,9.4,Physical Store,Cash,0,2,0.0,0.649,0.9,0.639,1.0,1.0,0.639,0.49,1
CUST_03369,22,Female,Morogoro,Muslim,Sukuma,Diploma,"200,000-500,000",Tigo Pesa,3,0.3,0.78,0.78,0.0,Huawei,China,Premium,New,1286777,9.5,Mobile,Cash,0,1,0.164,0.741,0.9,0.563,1.0,1.0,0.672,0.71,1
CUST_00043,35,Male,Morogoro,Muslim,Others,Secondary,"1,000,001-2,000,000",M-Pesa,1,0.21,0.42,0.42,0.0,Apple,USA,Premium,New,1993037,8.4,Physical Store,Card,0,1,0.302,0.353,0.9,1.087,1.0,1.0,0.585,0.51,1
CUST_03421,23,Male,Dodoma,Christian,Others,No formal,"200,000-500,000",Tigo Pesa,3,0.23,0.89,0.56,0.0,Samsung,South Korea,Premium,New,1998286,8.1,Online,Cash,0,1,0.0,0.454,1.0,0.709,1.0,1.0,0.568,0.49,1
CUST_01082,29,Male,Dar es Salaam,Christian,Nyamwezi,Diploma,"<200,000",M-Pesa,3,0.26,0.72,0.86,0.5,Infinix,China,Mid-Range,New,524413,6.3,Online,Cash,0,2,0.056,0.542,1.0,0.544,1.0,1.0,0.456,0.67,1
CUST_01334,42,Male,Mwanza,Christian,Chagga,Secondary,"500,001-1,000,000",Airtel Money,4,0.14,0.64,0.74,0.3,Tecno,China,Mid-Range,New,545362,6.3,Physical Store,Mobile Money,0,12,0.127,0.466,1.0,0.849,1.0,1.0,0.277,0.67,1
CUST_01792,35,Male,Tanga,Christian,Gogo,No formal,"<200,000",M-Pesa,2,0.48,0.85,0.49,0.7,Itel,China,Budget,New,131275,5.3,Physical Store,Cash,1,2,0.256,0.26,1.0,0.902,1.0,1.0,0.53,0.69,1
CUST_02219,26,Male,Morogoro,Muslim,Haya,Bachelor,">2,000,000",Tigo Pesa,2,0.11,0.28,0.84,0.0,Huawei,China,Premium,New,902169,9.7,Physical Store,Cash,0,2,0.789,0.815,0.9,0.699,1.0,1.0,0.66,0.8,1
CUST_01129,22,Male,Mwanza,Christian,Chagga,No formal,">2,000,000",Halopesa,3,0.24,0.28,0.33,0.0,Apple,USA,Premium,New,2139116,8.7,Physical Store,Card,0,2,0.501,0.287,1.0,0.746,1.0,1.0,0.666,0.49,1
CUST_01054,42,Female,Dar es Salaam,Other,Others,No formal,"200,000-500,000",Airtel Money,1,0.02,0.79,0.37,0.5,Vivo,China,Mid-Range,New,473048,7.6,Physical Store,Cash,1,2,0.066,0.281,1.0,0.87,1.0,1.0,0.517,0.76,1
CUST_03208,38,Female,Mwanza,Muslim,Others,No formal,"500,001-1,000,000",M-Pesa,4,0.31,0.53,0.75,0.3,Nokia,Finland,Mid-Range,Used,356637,6.9,Online,Card,0,2,0.527,0.518,0.9,0.813,0.6,1.0,0.77,0.74,1
CUST_04604,25,Male,Dodoma,Muslim,Makonde,Bachelor,">2,000,000",Tigo Pesa,1,0.14,0.17,0.8,0.7,Apple,USA,Premium,New,1069669,9.8,Physical Store,Cash,1,12,0.848,0.784,0.9,1.112,1.0,1.0,0.884,0.77,1
CUST_01591,33,Female,Zanzibar,Christian,Haya,Secondary,"200,000-500,000",Airtel Money,4,0.06,0.95,0.72,0.0,Samsung,South Korea,Premium,New,2327866,9.8,Online,Mobile Money,0,2,0.0,0.706,1.0,0.99,1.0,1.0,0.699,0.52,1
CUST_01173,24,Female,Mbeya,Christian,Others,No formal,"500,001-1,000,000",Tigo Pesa,2,0.56,0.77,0.52,0.7,Itel,China,Budget,New,220904,4.9,Online,Mobile Money,0,1,0.0,0.255,1.0,0.811,1.0,1.0,0.478,0.65,1
CUST_00190,33,Male,Morogoro,Muslim,Haya,Secondary,"1,000,001-2,000,000",Halopesa,2,0.71,0.44,0.71,0.7,Vivo,China,Mid-Range,New,585221,6.1,Online,Card,0,2,0.356,0.433,0.9,0.529,1.0,1.0,0.693,0.65,1
CUST_03804,22,Female,Dar es Salaam,Christian,Sukuma,Secondary,"500,001-1,000,000",M-Pesa,2,0.44,0.71,0.41,1.0,Tecno,China,Mid-Range,New,313911,6.8,Physical Store,Cash,1,2,0.443,0.279,1.0,0.847,1.0,0.8,0.632,0.75,1
CUST_03825,43,Male,Dodoma,Christian,Others,Primary,"500,001-1,000,000",M-Pesa,4,0.61,0.47,0.84,0.3,Samsung,South Korea,Premium,New,1354964,9.1,Physical Store,Mobile Money,0,2,0.469,0.764,1.0,0.883,1.0,1.0,0.626,0.68,1
CUST_04387,23,Male,Dodoma,Christian,Nyamwezi,Primary,"500,001-1,000,000",Tigo Pesa,4,0.34,0.52,0.55,0.5,Tecno,China,Mid-Range,Used,260220,5.3,Physical Store,Mobile Money,0,2,0.662,0.292,1.0,0.954,0.6,1.0,0.647,0.67,1
CUST_03781,54,Male,Mwanza,Christian,Others,Diploma,"200,000-500,000",M-Pesa,3,0.2,0.83,0.8,0.0,Tecno,China,Mid-Range,New,511953,7.0,Physical Store,Card,0,2,0.0,0.56,1.0,0.782,1.0,1.0,0.433,0.72,1
CUST_02985,24,Female,Mwanza,Muslim,Nyamwezi,Primary,"1,000,001-2,000,000",Halopesa,2,0.41,0.34,0.79,0.0,Nokia,Finland,Mid-Range,New,422368,7.5,Online,Cash,0,2,0.641,0.592,0.9,0.992,1.0,1.0,0.649,0.77,1
CUST_00544,29,Male,Dodoma,Muslim,Nyamwezi,Diploma,"200,000-500,000",Airtel Money,3,0.68,0.99,0.61,0.5,Nokia,Finland,Mid-Range,New,517389,6.2,Physical Store,Mobile Money,0,12,0.0,0.378,0.9,0.558,1.0,1.0,0.553,0.67,0
CUST_02834,24,Male,Mwanza,Christian,Sukuma,Primary,"1,000,001-2,000,000",Airtel Money,5,0.11,0.37,0.41,0.5,Infinix,China,Mid-Range,New,375018,7.7,Physical Store,Mobile Money,0,2,0.653,0.316,1.0,0.985,1.0,1.0,0.74,0.79,1
CUST_02943,30,Male,Arusha,Muslim,Gogo,Primary,"1,000,001-2,000,000",Tigo Pesa,5,0.4,0.5,0.34,0.3,Infinix,China,Mid-Range,Used,284958,5.2,Physical Store,Mobile Money,0,1,0.644,0.177,0.9,0.66,0.6,1.0,0.514,0.66,1
CUST_01000,23,Male,Zanzibar,Muslim,Others,Primary,"200,000-500,000",M-Pesa,4,0.09,0.9,0.84,0.0,Infinix,China,Mid-Range,New,388018,6.9,Physical Store,Mobile Money,1,2,0.127,0.58,0.9,0.536,1.0,1.0,0.372,0.74,1
CUST_00689,16,Female,Mwanza,Christian,Nyamwezi,Bachelor,"500,001-1,000,000",M-Pesa,4,0.41,0.48,0.88,0.0,Huawei,China,Premium,New,2294739,8.1,Mobile,Mobile Money,1,12,0.082,0.713,1.0,0.896,1.0,1.0,0.606,0.43,1
CUST_01368,15,Male,Mwanza,Muslim,Sukuma,Bachelor,"<200,000",M-Pesa,3,0.11,0.78,0.75,0.0,Samsung,South Korea,Premium,New,1196140,8.5,Physical Store,Cash,0,2,0.223,0.638,0.9,0.695,1.0,1.0,0.656,0.67,1
CUST_03174,25,Male,Arusha,Christian,Others,Diploma,"200,000-500,000",M-Pesa,2,0.41,0.76,0.63,0.0,Nokia,Finland,Mid-Range,New,506439,6.7,Mobile,Cash,0,2,0.038,0.422,1.0,0.523,1.0,1.0,0.393,0.7,1
CUST_04604,25,Male,Dodoma,Muslim,Makonde,Bachelor,">2,000,000",Tigo Pesa,1,0.14,0.17,0.8,0.7,Nokia,Finland,Mid-Range,Used,385866,6.5,Physical Store,Mobile Money,0,12,0.836,0.52,0.9,0.71,0.6,1.0,0.792,0.71,1
CUST_01561,21,Male,Mbeya,Muslim,Gogo,Primary,"1,000,001-2,000,000",Halopesa,1,0.35,0.48,0.4,0.0,Apple,USA,Premium,New,2123126,9.2,Physical Store,Cash,0,1,0.151,0.368,0.9,1.024,1.0,1.0,0.395,0.53,1
CUST_03471,33,Female,Mbeya,Christian,Others,Diploma,"<200,000",Tigo Pesa,5,0.09,0.71,0.56,0.0,Samsung,South Korea,Premium,New,1897120,8.1,Physical Store,Mobile Money,0,2,0.0,0.454,1.0,0.683,1.0,1.0,0.47,0.51,1
CUST_04207,28,Female,Mwanza,Christian,Sukuma,Primary,"500,001-1,000,000",Tigo Pesa,2,0.3,0.7,0.63,0.0,Tecno,China,Mid-Range,New,289620,6.2,Online,Card,0,1,0.493,0.391,1.0,0.963,1.0,1.0,0.768,0.71,1
CUST_03903,62,Male,Zanzibar,Muslim,Sukuma,Secondary,"200,000-500,000",Tigo Pesa,2,0.42,0.99,0.82,0.7,Apple,USA,Premium,Used,493002,8.7,Physical Store,Mobile Money,0,1,0.593,0.713,0.9,0.664,0.6,1.0,0.619,0.82,1
CUST_01779,15,Male,Morogoro,Muslim,Sukuma,Primary,"500,001-1,000,000",Tigo Pesa,5,0.5,0.56,0.71,0.3,Apple,USA,Premium,New,1502172,8.5,Online,Cash,0,2,0.299,0.603,0.9,1.037,1.0,1.0,0.647,0.61,1
CUST_01483,16,Female,Morogoro,Christian,Chagga,Secondary,"500,001-1,000,000",Halopesa,4,0.07,0.74,0.88,0.5,Tecno,China,Mid-Range,New,350183,7.9,Physical Store,Cash,0,2,0.352,0.695,1.0,0.899,1.0,1.0,0.701,0.8,0
CUST_03633,34,Female,Dar es Salaam,Muslim,Nyamwezi,No formal,"500,001-1,000,000",M-Pesa,5,0.34,0.54,0.41,0.5,Oppo,China,Mid-Range,New,416521,7.9,Physical Store,Mobile Money,0,2,0.438,0.324,0.9,0.743,1.0,1.0,0.562,0.79,1
CUST_04177,28,Female,Dodoma,Christian,Nyamwezi,Secondary,"1,000,001-2,000,000",Airtel Money,5,0.15,0.39,0.3,0.0,Samsung,South Korea,Premium,New,1885865,9.5,Physical Store,Cash,0,2,0.387,0.285,1.0,0.6,1.0,1.0,0.569,0.59,1
CUST_04125,33,Female,Dodoma,Muslim,Others,Diploma,"500,001-1,000,000",M-Pesa,4,0.33,0.57,0.6,0.3,Nokia,Finland,Mid-Range,Used,358256,5.5,Physical Store,Cash,0,2,0.489,0.33,0.9,0.607,0.6,1.0,0.555,0.66,1
CUST_04007,24,Male,Arusha,Christian,Others,Secondary,"200,000-500,000",Airtel Money,3,0.35,0.86,0.87,0.0,Apple,USA,Premium,New,1102901,8.1,Online,Cash,0,2,0.21,0.705,1.0,0.655,1.0,1.0,0.546,0.67,0
CUST_01955,28,Female,Mbeya,Christian,Haya,Primary,"1,000,001-2,000,000",Tigo Pesa,3,0.04,0.33,0.62,0.0,Oppo,China,Mid-Range,New,420201,6.4,Online,Cash,0,2,0.653,0.397,1.0,0.549,1.0,1.0,0.658,0.7,0
CUST_02029,18,Male,Arusha,Christian,Others,Diploma,"200,000-500,000",Airtel Money,4,0.35,0.95,0.56,0.3,Xiaomi,China,Mid-Range,New,502605,7.6,Physical Store,Card,0,12,0.0,0.426,1.0,0.91,1.0,1.0,0.395,0.76,1
CUST_04432,19,Female,Arusha,Muslim,Others,Primary,"500,001-1,000,000",Halopesa,1,0.13,0.46,0.49,0.5,Tecno,China,Mid-Range,New,528138,7.6,Physical Store,Mobile Money,0,1,0.393,0.372,0.9,0.789,1.0,1.0,0.685,0.75,1
CUST_01568,34,Male,Zanzibar,Christian,Haya,Secondary,"200,000-500,000",M-Pesa,5,0.14,1.0,0.48,0.3,Itel,China,Budget,Used,149576,4.9,Physical Store,Mobile Money,1,2,0.003,0.235,1.0,0.993,0.6,1.0,0.359,0.66,1
CUST_01845,38,Female,Dodoma,Other,Haya,Secondary,"500,001-1,000,000",M-Pesa,2,0.18,0.8,0.72,0.5,Infinix,China,Mid-Range,Used,210230,5.9,Physical Store,Card,0,2,0.58,0.425,1.0,0.926,0.6,1.0,0.55,0.71,1
CUST_03808,21,Male,Mbeya,Muslim,Others,Primary,"500,001-1,000,000",M-Pesa,2,0.41,0.5,0.41,0.5,Samsung,South Korea,Premium,New,1258951,9.4,Online,Mobile Money,0,1,0.475,0.385,0.9,1.142,1.0,1.0,0.839,0.71,1
CUST_02432,29,Male,Dodoma,Muslim,Others,No formal,"500,001-1,000,000",M-Pesa,1,0.28,0.74,0.84,0.5,Vivo,China,Mid-Range,New,507422,6.1,Online,Mobile Money,0,2,0.061,0.512,0.9,0.898,1.0,1.0,0.524,0.66,1
CUST_00049,29,Female,Tanga,Christian,Others,Secondary,"200,000-500,000",M-Pesa,1,0.5,0.82,0.62,0.7,Infinix,China,Mid-Range,New,490792,6.9,Physical Store,Mobile Money,0,1,0.0,0.428,1.0,0.54,1.0,1.0,0.439,0.72,1
CUST_04412,15,Male,Dar es Salaam,Christian,Makonde,Secondary,"200,000-500,000",M-Pesa,5,0.18,0.85,0.82,0.3,Tecno,China,Mid-Range,New,483692,6.2,Physical Store,Cash,0,2,0.0,0.508,1.0,0.502,1.0,1.0,0.653,0.68,0
CUST_00533,44,Female,Arusha,Christian,Gogo,Bachelor,"200,000-500,000",Halopesa,4,0.05,0.87,0.5,0.3,Huawei,China,Premium,New,690444,9.3,Mobile,Cash,1,2,0.499,0.465,1.0,0.731,1.0,1.0,0.588,0.82,1
CUST_00220,43,Male,Morogoro,Christian,Sukuma,Primary,"<200,000",None,4,0.23,0.8,0.81,0.7,Vivo,China,Mid-Range,New,591447,6.5,Physical Store,Mobile Money,1,2,0.0,0.527,1.0,0.905,1.0,1.0,0.469,0.67,1
CUST_00188,23,Male,Mwanza,Muslim,Others,Primary,"200,000-500,000",M-Pesa,3,0.34,0.78,0.4,0.0,Huawei,China,Premium,Used,443838,7.8,Physical Store,Mobile Money,0,1,0.712,0.312,0.9,0.559,0.6,1.0,0.667,0.78,0
CUST_02220,42,Female,Dodoma,Christian,Others,Primary,"<200,000",Tigo Pesa,2,0.06,0.87,0.57,0.3,Huawei,China,Premium,Used,441823,7.8,Physical Store,Cash,0,1,0.68,0.445,1.0,0.825,0.6,1.0,0.757,0.78,1
CUST_03751,15,Female,Dar es Salaam,Muslim,Others,Primary,"200,000-500,000",Tigo Pesa,5,0.06,0.7,0.85,0.5,Samsung,South Korea,Premium,New,602387,9.9,Physical Store,Cash,0,1,0.649,0.842,0.9,1.171,1.0,1.0,0.665,0.87,1
CUST_03936,35,Male,Dar es Salaam,Muslim,Others,Diploma,"200,000-500,000",Halopesa,4,0.35,0.96,0.64,0.7,Samsung,South Korea,Premium,New,922531,8.4,Physical Store,Card,0,2,0.262,0.538,0.9,0.84,1.0,1.0,0.79,0.72,0
CUST_03976,23,Male,Tanga,Christian,Nyamwezi,Secondary,"200,000-500,000",Tigo Pesa,3,0.72,0.76,0.83,0.5,Infinix,China,Mid-Range,Used,381114,5.3,Physical Store,Cash,0,2,0.276,0.44,1.0,0.954,0.6,1.0,0.447,0.64,1
CUST_03983,29,Female,Mwanza,Muslim,Others,Secondary,"200,000-500,000",Halopesa,2,0.32,0.74,0.43,0.7,Tecno,China,Mid-Range,New,515736,6.4,Physical Store,Cash,0,1,0.046,0.275,0.9,0.506,1.0,1.0,0.489,0.68,1
CUST_02997,30,Female,Zanzibar,Muslim,Others,No formal,"200,000-500,000",Halopesa,4,0.4,0.97,0.36,0.0,Nokia,Finland,Mid-Range,New,332302,6.3,Physical Store,Mobile Money,1,2,0.194,0.227,0.9,0.636,1.0,1.0,0.476,0.71,1
CUST_00958,18,Male,Dar es Salaam,Muslim,Others,Diploma,">2,000,000",Tigo Pesa,3,0.59,0.13,0.45,0.0,Huawei,China,Premium,New,1960133,9.9,Online,Cash,0,2,0.788,0.446,0.9,0.639,1.0,1.0,0.689,0.6,1
CUST_04194,48,Female,Tanga,Christian,Sukuma,Diploma,"200,000-500,000",Halopesa,5,0.29,1.0,0.58,0.5,Samsung,South Korea,Premium,New,2354987,9.1,Physical Store,Cash,0,1,0.0,0.528,1.0,0.785,1.0,1.0,0.528,0.48,0
CUST_02356,36,Male,Dodoma,Christian,Others,Primary,"200,000-500,000",None,5,0.23,0.96,0.88,0.5,Infinix,China,Mid-Range,New,565253,7.7,Physical Store,Mobile Money,0,1,0.0,0.678,1.0,0.956,1.0,1.0,0.49,0.75,1
CUST_01776,20,Male,Dar es Salaam,Christian,Others,Primary,"500,001-1,000,000",Airtel Money,4,0.26,0.42,0.35,0.0,Infinix,China,Mid-Range,New,387248,7.3,Online,Cash,0,12,0.593,0.256,1.0,0.989,1.0,1.0,0.717,0.76,1
CUST_03490,49,Female,Dar es Salaam,Christian,Nyamwezi,No formal,"200,000-500,000",Tigo Pesa,5,0.27,0.95,0.53,0.0,Samsung,South Korea,Premium,New,689632,9.8,Physical Store,Mobile Money,0,12,0.454,0.519,1.0,0.982,1.0,1.0,0.713,0.85,1
CUST_01972,40,Female,Arusha,Muslim,Others,Primary,"1,000,001-2,000,000",M-Pesa,4,0.17,0.16,0.33,0.3,Apple,USA,Premium,New,2374117,9.5,Physical Store,Cash,0,1,0.683,0.314,0.9,0.659,1.0,1.0,0.567,0.5,1
CUST_03295,17,Female,Dodoma,Christian,Chagga,Secondary,"500,001-1,000,000",Airtel Money,4,0.19,0.78,0.73,0.7,Tecno,China,Mid-Range,New,285112,7.8,Online,Cash,1,2,0.444,0.569,1.0,0.668,1.0,1.0,0.646,0.81,1
CUST_04903,50,Female,Dar es Salaam,Christian,Others,Diploma,"200,000-500,000",M-Pesa,3,0.12,0.98,0.84,0.3,Vivo,China,Mid-Range,Used,471663,6.0,Online,Cash,0,2,0.0,0.504,1.0,0.993,0.6,1.0,0.508,0.67,1
CUST_00293,29,Female,Morogoro,Christian,Haya,Primary,">2,000,000",Airtel Money,3,0.42,0.47,0.55,0.3,Itel,China,Budget,Used,71702,4.7,Online,Cash,1,1,0.775,0.259,1.0,0.784,0.6,1.0,0.674,0.67,1
CUST_03228,19,Female,Mwanza,Muslim,Others,No formal,"200,000-500,000",M-Pesa,4,0.43,0.91,0.43,0.3,Xiaomi,China,Mid-Range,New,383424,7.8,Online,Card,1,2,0.128,0.335,0.9,0.88,1.0,1.0,0.335,0.79,1
CUST_03634,42,Female,Dodoma,Christian,Haya,Primary,"1,000,001-2,000,000",M-Pesa,3,0.59,0.31,0.64,0.3,Apple,USA,Premium,New,1191416,9.2,Physical Store,Mobile Money,0,2,0.692,0.589,1.0,0.754,1.0,1.0,0.839,0.71,1
CUST_04667,27,Female,Arusha,Muslim,Others,Secondary,"200,000-500,000",M-Pesa,3,0.08,0.75,0.6,0.5,Infinix,China,Mid-Range,New,406175,6.7,Physical Store,Mobile Money,0,2,0.238,0.402,0.9,0.665,1.0,1.0,0.617,0.72,1
CUST_03589,28,Female,Dar es Salaam,Muslim,Others,Bachelor,"500,001-1,000,000",Airtel Money,3,0.49,0.6,0.63,0.5,Tecno,China,Mid-Range,New,319490,6.2,Physical Store,Card,0,2,0.521,0.391,0.9,0.747,1.0,1.0,0.498,0.71,1
CUST_04959,21,Female,Arusha,Christian,Sukuma,Secondary,"<200,000",Tigo Pesa,2,0.21,0.82,0.57,0.0,Apple,USA,Premium,New,1740739,9.2,Physical Store,Mobile Money,0,12,0.0,0.524,1.0,0.826,1.0,1.0,0.558,0.6,1
CUST_00948,31,Male,Tanga,Christian,Others,Primary,"500,001-1,000,000",Halopesa,5,0.23,0.64,0.54,1.0,Samsung,South Korea,Premium,New,2070357,9.1,Physical Store,Cash,1,12,0.0,0.491,1.0,0.627,1.0,0.8,0.516,0.53,1
CUST_01832,38,Female,Dar es Salaam,Muslim,Sukuma,Secondary,"<200,000",Airtel Money,3,0.5,0.86,0.76,0.5,Samsung,South Korea,Premium,New,1895668,9.1,Physical Store,Cash,0,2,0.0,0.692,0.9,1.042,1.0,1.0,0.679,0.57,1
CUST_01455,29,Male,Arusha,Christian,Sukuma,Primary,"500,001-1,000,000",Tigo Pesa,3,0.16,0.48,0.51,1.0,Huawei,China,Premium,New,2236334,9.8,Online,Cash,0,2,0.105,0.5,1.0,0.877,1.0,0.8,0.398,0.54,1
CUST_04437,27,Male,Dar es Salaam,Christian,Sukuma,Secondary,"<200,000",M-Pesa,1,0.08,0.87,0.6,0.3,Tecno,China,Mid-Range,New,570853,7.6,Online,Cash,0,2,0.0,0.456,1.0,0.719,1.0,1.0,0.603,0.74,1
CUST_01216,15,Female,Morogoro,Other,Others,Primary,"<200,000",Tigo Pesa,4,0.2,0.99,0.31,0.5,Infinix,China,Mid-Range,Used,189301,6.4,Physical Store,Cash,0,2,0.531,0.198,1.0,0.961,0.6,1.0,0.619,0.75,1
CUST_03749,39,Male,Mwanza,Christian,Sukuma,Diploma,"1,000,001-2,000,000",M-Pesa,3,0.28,0.13,0.34,1.0,Huawei,China,Premium,New,2297759,9.0,Online,Mobile Money,0,2,0.751,0.306,1.0,0.795,1.0,0.8,0.604,0.48,1
CUST_00369,21,Female,Dodoma,Christian,Others,Primary,"200,000-500,000",Tigo Pesa,1,0.33,0.93,0.78,0.0,Oppo,China,Mid-Range,New,279399,7.9,Online,Mobile Money,1,2,0.35,0.616,1.0,0.533,1.0,1.0,0.683,0.82,1
CUST_04125,33,Female,Dodoma,Muslim,Others,Diploma,"500,001-1,000,000",M-Pesa,4,0.33,0.57,0.6,0.3,Vivo,China,Mid-Range,New,380663,7.8,Physical Store,Card,1,2,0.458,0.468,0.9,0.773,1.0,1.0,0.735,0.79,1
CUST_04918,27,Male,Morogoro,Muslim,Others,Primary,"<200,000",Halopesa,3,0.01,0.87,0.51,0.3,Infinix,China,Mid-Range,New,412326,7.4,Mobile,Mobile Money,0,12,0.103,0.377,0.9,0.678,1.0,1.0,0.317,0.76,1
CUST_03144,31,Female,Mbeya,Christian,Others,Secondary,"200,000-500,000",M-Pesa,4,0.04,0.82,0.44,0.5,Samsung,South Korea,Premium,New,2132854,8.9,Mobile,Mobile Money,0,2,0.0,0.392,1.0,0.896,1.0,1.0,0.454,0.51,1
CUST_02265,21,Female,Dodoma,Christian,Others,Primary,"<200,000",M-Pesa,2,0.35,0.97,0.68,1.0,Nokia,Finland,Mid-Range,New,423103,7.9,Physical Store,Mobile Money,0,2,0.0,0.537,1.0,0.987,1.0,0.8,0.489,0.79,1
CUST_03471,33,Female,Mbeya,Christian,Others,Diploma,"<200,000",Tigo Pesa,5,0.09,0.71,0.56,0.0,Huawei,China,Premium,New,2286107,8.4,Physical Store,Cash,0,2,0.0,0.47,1.0,0.978,1.0,1.0,0.468,0.45,1
CUST_02308,31,Male,Tanga,Christian,Gogo,Secondary,"200,000-500,000",M-Pesa,4,0.16,0.85,0.7,0.5,Tecno,China,Mid-Range,New,379762,7.0,Mobile,Cash,1,1,0.193,0.49,1.0,0.959,1.0,1.0,0.388,0.74,1
CUST_00907,15,Female,Morogoro,Christian,Others,Secondary,"200,000-500,000",Airtel Money,5,0.51,0.84,0.44,0.3,Nokia,Finland,Mid-Range,New,440259,7.2,Physical Store,Cash,1,2,0.075,0.317,1.0,0.529,1.0,1.0,0.57,0.74,1
CUST_04028,30,Male,Mwanza,Christian,Others,Bachelor,"<200,000",M-Pesa,4,0.25,0.95,0.72,0.0,Huawei,China,Premium,New,2025382,8.8,Physical Store,Mobile Money,1,2,0.0,0.634,1.0,0.738,1.0,1.0,0.551,0.52,1
CUST_02277,37,Male,Arusha,Christian,Others,Primary,"200,000-500,000",M-Pesa,5,0.09,0.92,0.58,0.5,Itel,China,Budget,New,228775,6.4,Physical Store,Cash,0,2,0.0,0.371,1.0,0.905,1.0,1.0,0.402,0.74,1
CUST_04565,28,Male,Mwanza,Muslim,Others,Secondary,"200,000-500,000",M-Pesa,5,0.41,0.75,0.42,0.0,Apple,USA,Premium,New,1906462,8.3,Physical Store,Card,0,1,0.0,0.349,0.9,1.132,1.0,1.0,0.647,0.52,1
CUST_00731,15,Female,Dar es Salaam,Other,Gogo,Diploma,"<200,000",Halopesa,2,0.33,0.76,0.6,0.5,Vivo,China,Mid-Range,New,348053,7.0,Physical Store,Cash,0,2,0.339,0.42,1.0,0.951,1.0,1.0,0.508,0.75,1
CUST_02493,37,Female,Morogoro,Christian,Gogo,Primary,"<200,000",M-Pesa,2,0.39,0.73,0.85,0.3,Samsung,South Korea,Premium,Used,1986816,8.9,Online,Mobile Money,0,2,0.0,0.756,1.0,0.708,0.6,1.0,0.528,0.54,1
CUST_00356,16,Female,Dar es Salaam,Christian,Sukuma,Bachelor,"500,001-1,000,000",Airtel Money,1,0.02,0.67,0.6,0.5,Nokia,Finland,Mid-Range,New,356127,7.4,Physical Store,Mobile Money,0,1,0.403,0.444,1.0,0.978,1.0,1.0,0.627,0.77,1
CUST_02112,35,Female,Tanga,Christian,Nyamwezi,No formal,"500,001-1,000,000",Halopesa,3,0.52,0.49,0.66,0.3,Nokia,Finland,Mid-Range,New,597894,7.4,Physical Store,Cash,0,2,0.268,0.488,1.0,0.552,1.0,1.0,0.642,0.72,1
CUST_04572,30,Female,Dar es Salaam,Christian,Others,Master+,"<200,000",Airtel Money,3,0.55,0.82,0.41,0.3,Nokia,Finland,Mid-Range,New,391156,7.7,Physical Store,Cash,0,1,0.198,0.316,1.0,0.552,1.0,1.0,0.484,0.78,1
CUST_02333,19,Female,Zanzibar,Muslim,Others,No formal,">2,000,000",Halopesa,4,0.06,0.37,0.68,0.0,Infinix,China,Mid-Range,New,468207,7.2,Physical Store,Cash,0,2,0.567,0.49,0.9,0.81,1.0,1.0,0.735,0.74,1
CUST_02638,23,Male,Dar es Salaam,Christian,Nyamwezi,Diploma,"<200,000",Tigo Pesa,4,0.4,0.93,0.45,0.0,Nokia,Finland,Mid-Range,New,340153,6.2,Online,Cash,0,1,0.209,0.279,1.0,0.519,1.0,1.0,0.511,0.7,1
CUST_02763,20,Female,Tanga,Muslim,Others,Primary,"200,000-500,000",Halopesa,4,0.27,0.83,0.84,0.5,Infinix,China,Mid-Range,Used,247007,5.4,Physical Store,Mobile Money,0,2,0.487,0.454,0.9,0.7,0.6,1.0,0.736,0.67,1
CUST_04742,28,Female,Dar es Salaam,Muslim,Others,Bachelor,"<200,000",Airtel Money,2,0.15,0.88,0.37,0.3,Tecno,China,Mid-Range,New,318487,7.2,Physical Store,Cash,0,2,0.299,0.266,0.9,0.64,1.0,1.0,0.552,0.77,1
CUST_01252,37,Male,Dar es Salaam,Muslim,Sukuma,Secondary,"500,001-1,000,000",Airtel Money,3,0.54,0.67,0.43,0.5,Oppo,China,Mid-Range,New,305756,6.2,Mobile,Mobile Money,0,1,0.488,0.267,0.9,0.681,1.0,1.0,0.731,0.71,1
CUST_00815,37,Male,Dar es Salaam,Christian,Others,Diploma,"<200,000",Tigo Pesa,1,0.17,0.85,0.35,0.5,Samsung,South Korea,Premium,New,2425430,8.1,Physical Store,Card,1,2,0.0,0.284,1.0,1.181,1.0,1.0,0.48,0.4,0
CUST_02702,28,Male,Mbeya,Christian,Gogo,Bachelor,"<200,000",Halopesa,5,0.29,0.84,0.46,0.3,Infinix,China,Mid-Range,New,300876,7.0,Physical Store,Mobile Money,0,9,0.368,0.322,1.0,0.574,1.0,1.0,0.707,0.76,1
CUST_04744,18,Male,Dar es Salaam,Christian,Chagga,Bachelor,">2,000,000",Tigo Pesa,3,0.19,0.27,0.51,0.0,Samsung,South Korea,Premium,New,1160616,9.6,Physical Store,Mobile Money,0,2,0.739,0.49,1.0,0.933,1.0,1.0,0.753,0.74,0
CUST_02795,30,Female,Zanzibar,Christian,Gogo,Primary,"1,000,001-2,000,000",Airtel Money,3,0.41,0.22,0.37,0.0,Samsung,South Korea,Premium,New,2467092,9.4,Mobile,Cash,0,1,0.548,0.348,1.0,1.076,1.0,1.0,0.723,0.47,1
CUST_01378,33,Male,Morogoro,Christian,Makonde,Primary,"<200,000",Tigo Pesa,5,0.15,0.74,0.34,0.0,Oppo,China,Mid-Range,Used,215699,5.8,Physical Store,Cash,1,11,0.601,0.197,1.0,0.686,0.6,1.0,0.746,0.7,1
CUST_00724,35,Male,Zanzibar,Christian,Others,Diploma,"<200,000",M-Pesa,5,0.03,0.85,0.89,1.0,Infinix,China,Mid-Range,New,357657,6.5,Physical Store,Cash,0,2,0.24,0.578,1.0,0.693,1.0,0.8,0.652,0.72,1
CUST_04123,19,Female,Mwanza,Muslim,Others,Diploma,"200,000-500,000",Halopesa,4,0.16,0.83,0.78,0.3,Tecno,China,Mid-Range,Used,363396,6.0,Physical Store,Mobile Money,0,11,0.246,0.468,0.9,0.66,0.6,1.0,0.523,0.69,1
CUST_03597,18,Female,Mwanza,Christian,Others,Primary,">2,000,000",None,4,0.16,0.14,0.3,0.0,Infinix,China,Mid-Range,New,447094,6.3,Online,Mobile Money,0,2,0.844,0.189,1.0,0.599,1.0,1.0,0.583,0.69,1
CUST_04614,35,Female,Mbeya,Christian,Others,Secondary,"500,001-1,000,000",Tigo Pesa,4,0.52,0.55,0.6,0.3,Tecno,China,Mid-Range,New,455225,7.3,Mobile,Cash,0,2,0.374,0.438,1.0,0.703,1.0,1.0,0.893,0.75,1
CUST_02720,30,Male,Dar es Salaam,Christian,Sukuma,No formal,"200,000-500,000",Tigo Pesa,3,0.15,0.81,0.39,0.5,Apple,USA,Premium,New,1100566,8.7,Physical Store,Cash,0,1,0.257,0.339,1.0,1.083,1.0,1.0,0.653,0.7,1
CUST_03959,31,Male,Mwanza,Christian,Others,No formal,"200,000-500,000",Halopesa,2,0.61,0.89,0.88,0.5,Infinix,China,Mid-Range,New,353597,6.7,Physical Store,Cash,0,2,0.213,0.59,1.0,0.566,1.0,1.0,0.652,0.73,0
CUST_03074,36,Female,Mbeya,Muslim,Sukuma,Secondary,"1,000,001-2,000,000",M-Pesa,2,0.3,0.38,0.48,0.0,Apple,USA,Premium,New,1626986,8.3,Online,Mobile Money,0,2,0.485,0.398,0.9,1.053,1.0,1.0,0.665,0.57,1
CUST_01266,39,Male,Dar es Salaam,Christian,Others,Secondary,"500,001-1,000,000",Halopesa,2,0.21,0.56,0.81,0.0,Tecno,China,Mid-Range,New,477352,7.5,Physical Store,Card,0,12,0.332,0.608,1.0,0.696,1.0,1.0,0.525,0.75,1
CUST_04876,15,Male,Dodoma,Christian,Others,Primary,"<200,000",M-Pesa,3,0.11,0.87,0.55,0.0,Nokia,Finland,Mid-Range,New,379760,7.4,Physical Store,Cash,0,1,0.174,0.407,1.0,0.579,1.0,1.0,0.434,0.77,1
CUST_02597,15,Female,Arusha,Christian,Nyamwezi,Diploma,">2,000,000",Tigo Pesa,3,0.11,0.32,0.35,0.5,Apple,USA,Premium,New,1319066,8.9,Online,Mobile Money,0,2,0.648,0.312,1.0,1.081,1.0,1.0,0.642,0.67,1
CUST_01956,15,Male,Arusha,Christian,Others,Primary,"<200,000",Airtel Money,3,0.41,0.79,0.86,0.3,Huawei,China,Premium,New,879782,9.4,Physical Store,Cash,0,2,0.421,0.808,1.0,0.858,1.0,1.0,0.732,0.79,1
CUST_03602,35,Female,Dar es Salaam,Muslim,Sukuma,No formal,"500,001-1,000,000",Airtel Money,5,0.19,0.41,0.68,0.3,Huawei,China,Premium,New,1578118,9.2,Physical Store,Card,0,2,0.461,0.626,0.9,0.542,1.0,1.0,0.523,0.64,0
CUST_02625,23,Female,Dar es Salaam,Christian,Haya,Primary,"200,000-500,000",M-Pesa,3,0.16,0.96,0.3,0.3,Tecno,China,Mid-Range,New,393611,7.3,Physical Store,Cash,0,2,0.055,0.219,1.0,0.967,1.0,1.0,0.476,0.76,1
CUST_04124,35,Female,Dodoma,Christian,Gogo,No formal,"1,000,001-2,000,000",Tigo Pesa,4,0.66,0.44,0.51,0.5,Huawei,China,Premium,New,1864849,9.3,Online,Cash,0,2,0.316,0.474,1.0,0.759,1.0,1.0,0.64,0.59,0
CUST_04571,23,Female,Morogoro,Muslim,Others,Primary,"200,000-500,000",Airtel Money,3,0.22,0.72,0.43,0.0,Tecno,China,Mid-Range,New,586658,7.5,Physical Store,Cash,0,1,0.0,0.322,0.9,0.665,1.0,1.0,0.455,0.73,1
CUST_04530,27,Male,Zanzibar,Muslim,Nyamwezi,Primary,"200,000-500,000",Halopesa,1,0.37,0.84,0.85,0.0,Vivo,China,Mid-Range,New,259483,7.6,Online,Mobile Money,1,2,0.455,0.646,0.9,0.574,1.0,1.0,0.831,0.8,1
CUST_03191,18,Male,Dodoma,Other,Makonde,Secondary,"500,001-1,000,000",Airtel Money,1,0.17,0.58,0.42,0.3,Nokia,Finland,Mid-Range,New,564589,6.6,Physical Store,Mobile Money,0,1,0.181,0.277,1.0,0.952,1.0,1.0,0.458,0.68,1
CUST_01104,35,Male,Mwanza,Muslim,Others,Primary,">2,000,000",Airtel Money,5,0.53,0.32,0.68,0.3,Nokia,Finland,Mid-Range,New,428619,6.7,Physical Store,Cash,0,1,0.657,0.456,0.9,0.885,1.0,1.0,0.692,0.72,1
CUST_04497,23,Female,Dar es Salaam,Christian,Others,Diploma,"200,000-500,000",Tigo Pesa,5,0.12,0.79,0.84,0.0,Vivo,China,Mid-Range,New,520023,7.3,Physical Store,Card,0,2,0.0,0.613,1.0,0.727,1.0,1.0,0.449,0.73,1
CUST_02847,25,Male,Tanga,Christian,Others,Bachelor,"<200,000",M-Pesa,4,0.33,0.9,0.69,0.5,Apple,USA,Premium,New,2402189,8.1,Online,Card,0,1,0.0,0.559,1.0,0.941,1.0,1.0,0.678,0.41,1
CUST_03240,33,Female,Mbeya,Christian,Others,Secondary,"<200,000",M-Pesa,5,0.17,0.82,0.47,1.0,Vivo,China,Mid-Range,New,449218,7.0,Physical Store,Cash,1,2,0.079,0.329,1.0,0.718,1.0,0.8,0.563,0.73,1
CUST_00138,31,Male,Dodoma,Christian,Others,No formal,"500,001-1,000,000",M-Pesa,3,0.24,0.8,0.38,0.3,Nokia,Finland,Mid-Range,New,445761,7.6,Online,Mobile Money,0,1,0.108,0.289,1.0,0.832,1.0,1.0,0.444,0.77,1
CUST_02564,19,Male,Tanga,Christian,Chagga,Primary,">2,000,000",None,3,0.18,0.18,0.86,0.3,Infinix,China,Mid-Range,New,371796,7.1,Online,Mobile Money,0,1,0.833,0.611,1.0,0.984,1.0,1.0,0.841,0.75,1
CUST_02989,25,Male,Mwanza,Muslim,Others,Master+,">2,000,000",Airtel Money,4,0.37,0.24,0.67,0.0,Tecno,China,Mid-Range,New,340643,6.8,Physical Store,Card,0,2,0.796,0.456,0.9,0.814,1.0,1.0,0.848,0.74,1
CUST_00104,32,Male,Dodoma,Muslim,Chagga,No formal,"1,000,001-2,000,000",Tigo Pesa,2,0.46,0.41,0.31,0.3,Tecno,China,Mid-Range,New,498395,6.8,Mobile,Cash,0,2,0.489,0.211,0.9,0.818,1.0,1.0,0.579,0.71,1
CUST_03974,26,Male,Zanzibar,Muslim,Haya,Diploma,"200,000-500,000",M-Pesa,3,0.13,0.96,0.57,0.5,Xiaomi,China,Mid-Range,New,573278,7.1,Mobile,Mobile Money,1,1,0.0,0.405,0.9,0.859,1.0,1.0,0.409,0.71,1
CUST_01282,33,Male,Dar es Salaam,Muslim,Others,Secondary,"500,001-1,000,000",M-Pesa,4,0.35,0.7,0.4,0.3,Samsung,South Korea,Premium,New,1775358,10.0,Online,Mobile Money,0,2,0.0,0.4,0.9,0.759,1.0,1.0,0.477,0.64,1
CUST_03193,17,Female,Mwanza,Christian,Chagga,Secondary,"200,000-500,000",Tigo Pesa,4,0.38,0.87,0.83,0.3,Oppo,China,Mid-Range,Used,200616,6.4,Mobile,Cash,0,2,0.564,0.531,1.0,0.864,0.6,1.0,0.699,0.74,0
CUST_02654,44,Male,Mbeya,Christian,Others,Secondary,"200,000-500,000",Airtel Money,4,0.49,0.98,0.4,0.3,Oppo,China,Mid-Range,New,343334,6.6,Online,Cash,0,2,0.159,0.264,1.0,0.902,1.0,1.0,0.571,0.73,1
CUST_01647,21,Male,Dodoma,Christian,Others,Primary,"200,000-500,000",M-Pesa,3,0.26,0.93,0.82,0.7,Itel,China,Budget,Used,164890,3.7,Online,Mobile Money,1,2,0.0,0.303,1.0,0.762,0.6,1.0,0.374,0.59,1
CUST_00459,33,Female,Zanzibar,Christian,Chagga,Diploma,"500,001-1,000,000",M-Pesa,1,0.32,0.74,0.32,0.3,Xiaomi,China,Mid-Range,Used,236634,6.9,Physical Store,Mobile Money,0,1,0.562,0.221,1.0,0.731,0.6,1.0,0.523,0.77,1
CUST_00270,20,Male,Mbeya,Christian,Gogo,Primary,"200,000-500,000",M-Pesa,2,0.19,0.98,0.31,0.0,Samsung,South Korea,Premium,New,1521448,9.8,Online,Cash,0,2,0.0,0.304,1.0,1.024,1.0,1.0,0.439,0.68,1
CUST_04601,24,Female,Zanzibar,Christian,Nyamwezi,Diploma,"500,001-1,000,000",Tigo Pesa,4,0.5,0.51,0.38,0.0,Itel,China,Budget,New,175791,6.9,Online,Mobile Money,1,1,0.402,0.262,1.0,0.93,1.0,1.0,0.541,0.78,1
CUST_03504,19,Female,Dar es Salaam,Muslim,Others,No formal,"500,001-1,000,000",Tigo Pesa,4,0.29,0.59,0.62,0.3,Tecno,China,Mid-Range,New,355475,6.6,Online,Mobile Money,0,2,0.476,0.409,0.9,0.866,1.0,1.0,0.823,0.72,0
CUST_00357,29,Female,Mwanza,Christian,Others,Primary,">2,000,000",Tigo Pesa,1,0.19,0.49,0.6,0.3,Nokia,Finland,Mid-Range,New,302050,7.6,Physical Store,Cash,0,2,0.63,0.456,1.0,0.867,1.0,1.0,0.86,0.8,1
CUST_02163,15,Female,Arusha,Christian,Others,Primary,"200,000-500,000",None,3,0.35,0.93,0.34,0.5,Vivo,China,Mid-Range,New,456281,7.2,Physical Store,Mobile Money,0,2,0.0,0.245,1.0,0.601,1.0,1.0,0.379,0.74,0
CUST_02648,23,Male,Tanga,Christian,Nyamwezi,Secondary,"<200,000",Tigo Pesa,4,0.39,0.75,0.83,0.7,Vivo,China,Mid-Range,Used,385298,5.1,Physical Store,Card,0,1,0.278,0.423,1.0,0.845,0.6,1.0,0.406,0.63,1
CUST_01438,34,Male,Morogoro,Christian,Nyamwezi,Secondary,"<200,000",Tigo Pesa,4,0.18,0.72,0.65,0.5,Tecno,China,Mid-Range,New,335391,7.2,Online,Cash,0,2,0.396,0.468,1.0,0.749,1.0,1.0,0.812,0.76,0
CUST_00934,15,Female,Morogoro,Christian,Others,Primary,"200,000-500,000",Tigo Pesa,4,0.18,0.89,0.34,0.0,Infinix,China,Mid-Range,New,269367,6.7,Physical Store,Mobile Money,1,1,0.401,0.228,1.0,0.893,1.0,1.0,0.516,0.75,1
CUST_00734,19,Male,Arusha,Muslim,Others,Secondary,"200,000-500,000",Halopesa,3,0.11,0.76,0.75,0.3,Nokia,Finland,Mid-Range,New,596194,6.2,Physical Store,Cash,1,11,0.0,0.465,0.9,0.52,1.0,1.0,0.559,0.65,1
CUST_01100,39,Female,Mbeya,Muslim,Others,Secondary,"<200,000",M-Pesa,2,0.27,0.85,0.39,0.3,Apple,USA,Premium,New,2158436,9.7,Physical Store,Cash,0,2,0.0,0.378,0.9,0.892,1.0,1.0,0.522,0.55,1
CUST_04798,15,Female,Dar es Salaam,Christian,Chagga,Secondary,"500,001-1,000,000",Tigo Pesa,3,0.35,0.54,0.68,0.3,Nokia,Finland,Mid-Range,New,421599,6.2,Physical Store,Mobile Money,0,12,0.431,0.422,1.0,0.662,1.0,1.0,0.667,0.69,0
CUST_01317,23,Female,Morogoro,Muslim,Nyamwezi,Primary,"1,000,001-2,000,000",Airtel Money,4,0.37,0.11,0.86,0.0,Tecno,China,Mid-Range,New,253985,6.9,Online,Mobile Money,0,1,0.93,0.593,0.9,0.666,1.0,1.0,0.878,0.76,1
CUST_00422,24,Female,Mbeya,Muslim,Haya,Secondary,"<200,000",Airtel Money,4,0.46,0.81,0.66,0.7,Apple,USA,Premium,New,1984674,8.8,Physical Store,Mobile Money,0,1,0.0,0.581,0.9,1.031,1.0,1.0,0.505,0.53,1
CUST_02017,39,Female,Dar es Salaam,Christian,Others,Diploma,"500,001-1,000,000",Airtel Money,2,0.2,0.47,0.83,0.5,Tecno,China,Mid-Range,New,575859,7.1,Physical Store,Cash,0,2,0.323,0.589,1.0,0.993,1.0,1.0,0.599,0.71,1
CUST_04858,48,Female,Dodoma,Christian,Others,Primary,"500,001-1,000,000",Halopesa,2,0.57,0.76,0.68,0.5,Nokia,Finland,Mid-Range,New,295462,6.1,Online,Mobile Money,0,1,0.439,0.415,1.0,0.963,1.0,1.0,0.616,0.71,1
CUST_03843,36,Female,Arusha,Christian,Others,Primary,"<200,000",Airtel Money,1,0.45,0.88,0.54,0.3,Huawei,China,Premium,New,1163092,8.9,Physical Store,Cash,0,1,0.147,0.481,1.0,0.637,1.0,1.0,0.557,0.7,1
CUST_00959,15,Female,Mbeya,Christian,Others,Secondary,">2,000,000",Tigo Pesa,4,0.03,0.5,0.47,0.5,Tecno,China,Mid-Range,New,337284,7.2,Mobile,Mobile Money,0,2,0.578,0.338,1.0,0.738,1.0,1.0,0.445,0.76,1
CUST_03882,26,Female,Tanga,Muslim,Others,Secondary,"200,000-500,000",M-Pesa,3,0.82,0.9,0.78,0.5,Huawei,China,Premium,New,2403574,9.5,Physical Store,Mobile Money,0,1,0.0,0.741,0.9,0.883,1.0,1.0,0.465,0.49,1
CUST_02524,19,Female,Morogoro,Muslim,Others,Secondary,"<200,000",Airtel Money,4,0.34,0.95,0.76,0.0,Samsung,South Korea,Premium,New,918957,9.7,Physical Store,Cash,0,2,0.272,0.737,0.9,0.923,1.0,1.0,0.752,0.8,0
CUST_01511,26,Female,Zanzibar,Muslim,Gogo,Primary,"200,000-500,000",M-Pesa,4,0.14,0.91,0.42,0.0,Samsung,South Korea,Premium,New,1551903,8.3,Physical Store,Cash,0,1,0.0,0.349,0.9,1.001,1.0,1.0,0.493,0.59,0
CUST_02680,15,Male,Dar es Salaam,Muslim,Others,Diploma,"500,001-1,000,000",M-Pesa,4,0.27,0.44,0.61,0.5,Huawei,China,Premium,New,1206186,9.8,Physical Store,Card,0,2,0.558,0.598,0.9,0.823,1.0,1.0,0.717,0.75,1
CUST_03735,15,Male,Dar es Salaam,Christian,Chagga,Bachelor,"<200,000",Halopesa,5,0.22,0.8,0.56,0.3,Tecno,China,Mid-Range,New,468158,7.9,Online,Mobile Money,0,2,0.064,0.442,1.0,0.698,1.0,1.0,0.351,0.78,1
CUST_03481,36,Female,Morogoro,Christian,Sukuma,Bachelor,"500,001-1,000,000",Tigo Pesa,3,0.38,0.59,0.53,0.3,Samsung,South Korea,Premium,New,1049649,9.6,Online,Cash,0,1,0.484,0.509,1.0,0.865,1.0,1.0,0.734,0.77,1
CUST_01826,35,Male,Mwanza,Muslim,Others,Secondary,"<200,000",Airtel Money,4,0.22,0.9,0.44,0.3,Huawei,China,Premium,New,2321141,9.8,Physical Store,Cash,0,2,0.0,0.431,0.9,0.761,1.0,1.0,0.351,0.52,1
CUST_02221,24,Female,Mbeya,Christian,Sukuma,Secondary,"200,000-500,000",Airtel Money,3,0.2,0.94,0.83,0.5,Samsung,South Korea,Premium,New,794618,8.8,Mobile,Cash,1,2,0.378,0.73,1.0,0.874,1.0,1.0,0.566,0.77,1
CUST_03834,33,Female,Arusha,Muslim,Others,Secondary,"1,000,001-2,000,000",Tigo Pesa,5,0.4,0.2,0.72,0.5,Huawei,China,Premium,New,2276407,8.4,Physical Store,Mobile Money,0,2,0.621,0.605,0.9,0.743,1.0,1.0,0.694,0.45,1
CUST_04599,23,Female,Arusha,Christian,Gogo,Secondary,">2,000,000",M-Pesa,1,0.16,0.45,0.76,0.3,Apple,USA,Premium,New,1551445,8.9,Physical Store,Mobile Money,0,1,0.418,0.676,1.0,1.06,1.0,1.0,0.791,0.62,1
CUST_04791,36,Male,Dar es Salaam,Other,Others,Primary,"200,000-500,000",None,4,0.36,0.8,0.52,0.7,Apple,USA,Premium,Used,1583398,7.7,Physical Store,Card,0,1,0.0,0.4,1.0,1.027,0.6,1.0,0.617,0.55,1
CUST_00704,17,Female,Dar es Salaam,Muslim,Others,No formal,"<200,000",M-Pesa,4,0.1,0.98,0.78,0.3,Itel,China,Budget,New,218773,6.1,Physical Store,Mobile Money,0,2,0.0,0.476,0.9,0.704,1.0,1.0,0.592,0.72,1
CUST_03966,32,Male,Mwanza,Christian,Others,Primary,"<200,000",Airtel Money,3,0.3,0.74,0.37,1.0,Huawei,China,Premium,New,1959998,8.7,Physical Store,Cash,0,2,0.0,0.322,1.0,0.549,1.0,0.8,0.398,0.53,1
CUST_02142,36,Male,Dodoma,Christian,Others,No formal,"500,001-1,000,000",M-Pesa,5,0.14,0.62,0.86,0.7,Apple,USA,Premium,New,1863875,9.8,Physical Store,Cash,0,1,0.037,0.843,1.0,0.636,1.0,1.0,0.642,0.62,1
CUST_02903,36,Female,Mbeya,Christian,Others,Diploma,"1,000,001-2,000,000",M-Pesa,5,0.27,0.26,0.3,0.5,Vivo,China,Mid-Range,New,400624,6.4,Physical Store,Cash,0,1,0.74,0.192,1.0,0.553,1.0,1.0,0.773,0.7,0
CUST_02440,29,Male,Arusha,Muslim,Sukuma,Diploma,"<200,000",Airtel Money,4,0.03,0.72,0.64,0.3,Samsung,South Korea,Premium,New,683956,9.0,Physical Store,Cash,0,1,0.59,0.576,0.9,0.737,1.0,1.0,0.493,0.8,1
CUST_02840,20,Male,Zanzibar,Christian,Nyamwezi,No formal,"1,000,001-2,000,000",Halopesa,4,0.18,0.24,0.4,0.0,Huawei,China,Premium,New,1449409,8.6,Physical Store,Mobile Money,0,1,0.71,0.344,1.0,0.801,1.0,1.0,0.451,0.63,0
CUST_00063,15,Female,Mbeya,Christian,Sukuma,No formal,"1,000,001-2,000,000",Tigo Pesa,5,0.53,0.35,0.82,1.0,Samsung,South Korea,Premium,New,2225711,9.2,Physical Store,Card,1,2,0.351,0.754,1.0,1.111,1.0,0.8,0.789,0.51,1
CUST_04021,26,Male,Mwanza,Muslim,Nyamwezi,Secondary,"<200,000",M-Pesa,4,0.26,0.87,0.64,0.7,Nokia,Finland,Mid-Range,New,263745,6.8,Online,Cash,0,2,0.426,0.435,0.9,0.614,1.0,1.0,0.63,0.76,1
CUST_04644,20,Male,Arusha,Christian,Haya,Secondary,"<200,000",M-Pesa,2,0.43,0.83,0.42,0.7,Samsung,South Korea,Premium,New,2118514,9.8,Physical Store,Cash,0,2,0.0,0.412,1.0,1.115,1.0,1.0,0.629,0.56,1
CUST_01111,28,Male,Mwanza,Christian,Others,Secondary,">2,000,000",M-Pesa,5,0.03,0.12,0.63,0.3,Nokia,Finland,Mid-Range,New,284513,7.9,Physical Store,Card,0,1,0.915,0.498,1.0,0.708,1.0,1.0,0.943,0.82,1
CUST_01764,42,Male,Morogoro,Christian,Others,Master+,"<200,000",M-Pesa,1,0.18,0.96,0.7,0.5,Infinix,China,Mid-Range,New,250525,6.4,Physical Store,Mobile Money,0,2,0.399,0.448,1.0,0.999,1.0,1.0,0.637,0.73,1
CUST_04423,47,Male,Dar es Salaam,Christian,Others,No formal,"<200,000",Tigo Pesa,3,0.22,0.89,0.83,0.0,Infinix,China,Mid-Range,New,360543,7.8,Physical Store,Cash,1,2,0.198,0.647,1.0,0.761,1.0,1.0,0.771,0.8,1
CUST_01460,22,Female,Dar es Salaam,Christian,Others,Primary,"500,001-1,000,000",Airtel Money,2,0.18,0.47,0.67,0.5,Samsung,South Korea,Premium,New,769916,9.1,Online,Mobile Money,1,2,0.698,0.61,1.0,0.839,1.0,1.0,0.841,0.79,1
CUST_00796,27,Female,Dar es Salaam,Muslim,Others,Diploma,"200,000-500,000",Airtel Money,2,0.18,0.86,0.53,1.0,Apple,USA,Premium,New,636346,8.3,Physical Store,Card,0,1,0.544,0.44,0.9,0.939,1.0,0.8,0.66,0.77,1
CUST_02026,29,Male,Mbeya,Christian,Nyamwezi,Secondary,"500,001-1,000,000",Tigo Pesa,2,0.11,0.59,0.72,0.3,Oppo,China,Mid-Range,New,332535,7.6,Physical Store,Cash,0,2,0.51,0.547,1.0,0.725,1.0,1.0,0.391,0.79,1
CUST_04329,18,Male,Dar es Salaam,Christian,Others,Secondary,"500,001-1,000,000",Airtel Money,4,0.32,0.46,0.71,1.0,Huawei,China,Premium,New,2175615,9.5,Online,Card,1,2,0.166,0.674,1.0,0.592,1.0,0.8,0.67,0.53,1
CUST_02308,31,Male,Tanga,Christian,Gogo,Secondary,"200,000-500,000",M-Pesa,4,0.16,0.85,0.7,0.5,Huawei,China,Premium,New,645626,10.0,Physical Store,Cash,1,2,0.543,0.7,1.0,0.561,1.0,1.0,0.717,0.87,1
CUST_01826,35,Male,Mwanza,Muslim,Others,Secondary,"<200,000",Airtel Money,4,0.22,0.9,0.44,0.3,Infinix,China,Mid-Range,New,502836,7.5,Physical Store,Cash,0,2,0.0,0.33,0.9,0.765,1.0,1.0,0.466,0.75,1
CUST_01601,15,Male,Morogoro,Christian,Others,Secondary,"200,000-500,000",M-Pesa,1,0.39,0.9,0.36,0.3,Apple,USA,Premium,New,2319528,9.3,Physical Store,Cash,0,1,0.0,0.335,1.0,0.835,1.0,1.0,0.522,0.49,0
CUST_02835,38,Male,Mwanza,Other,Others,Primary,"1,000,001-2,000,000",None,4,0.38,0.47,0.43,0.5,Huawei,China,Premium,New,2331515,8.8,Physical Store,Mobile Money,0,2,0.087,0.378,1.0,0.723,1.0,1.0,0.667,0.46,1
CUST_03933,43,Male,Mbeya,Christian,Others,Primary,">2,000,000",Tigo Pesa,3,0.21,0.45,0.85,0.3,Vivo,China,Mid-Range,New,431696,6.8,Physical Store,Cash,0,11,0.514,0.578,1.0,0.654,1.0,1.0,0.718,0.72,1
CUST_01356,41,Female,Dar es Salaam,Muslim,Chagga,Primary,"500,001-1,000,000",M-Pesa,1,0.13,0.79,0.44,0.7,Huawei,China,Premium,New,1046501,9.0,Physical Store,Cash,1,2,0.311,0.396,0.9,0.647,1.0,1.0,0.735,0.73,1
CUST_01760,32,Female,Dodoma,Muslim,Others,Secondary,"500,001-1,000,000",M-Pesa,3,0.25,0.57,0.67,0.3,Apple,USA,Premium,New,2431370,8.0,Physical Store,Mobile Money,1,2,0.0,0.536,0.9,0.769,1.0,1.0,0.51,0.39,1
CUST_04660,37,Female,Tanga,Christian,Chagga,Primary,"200,000-500,000",Tigo Pesa,4,0.19,0.92,0.87,0.3,Apple,USA,Premium,New,1269147,8.4,Online,Mobile Money,0,2,0.027,0.731,1.0,0.888,1.0,1.0,0.651,0.65,1
CUST_01881,36,Male,Dar es Salaam,Christian,Others,Secondary,"200,000-500,000",Halopesa,3,0.45,0.99,0.81,0.7,Tecno,China,Mid-Range,New,293588,7.8,Physical Store,Mobile Money,0,1,0.273,0.632,1.0,0.564,1.0,1.0,0.676,0.81,1
CUST_04543,40,Male,Dodoma,Christian,Nyamwezi,Primary,"200,000-500,000",M-Pesa,3,0.29,0.91,0.57,0.7,Nokia,Finland,Mid-Range,New,289378,7.6,Physical Store,Cash,1,2,0.342,0.433,1.0,0.743,1.0,1.0,0.57,0.8,1
CUST_03612,15,Female,Tanga,Christian,Gogo,Secondary,"200,000-500,000",None,4,0.35,0.8,0.32,0.0,Nokia,Finland,Mid-Range,New,394659,7.6,Online,Mobile Money,1,12,0.211,0.243,1.0,0.687,1.0,1.0,0.669,0.78,1
CUST_01894,15,Male,Mbeya,Muslim,Haya,Secondary,"200,000-500,000",Tigo Pesa,3,0.38,0.79,0.57,0.3,Apple,USA,Premium,New,1244684,9.7,Physical Store,Mobile Money,0,12,0.181,0.553,0.9,0.741,1.0,1.0,0.617,0.73,0
CUST_00062,15,Male,Arusha,Muslim,Sukuma,No formal,"500,001-1,000,000",M-Pesa,4,0.3,0.53,0.68,0.7,Apple,USA,Premium,New,1305939,9.0,Mobile,Cash,0,1,0.423,0.612,0.9,1.051,1.0,1.0,0.756,0.68,1
CUST_00765,25,Male,Mbeya,Christian,Sukuma,Bachelor,"500,001-1,000,000",Airtel Money,3,0.18,0.6,0.82,0.7,Samsung,South Korea,Premium,New,947408,9.3,Physical Store,Mobile Money,0,1,0.526,0.763,1.0,0.734,1.0,1.0,0.616,0.77,1
CUST_04303,33,Female,Mwanza,Muslim,Others,Diploma,"500,001-1,000,000",M-Pesa,3,0.36,0.5,0.58,0.3,Tecno,China,Mid-Range,New,518384,7.5,Online,Cash,1,12,0.352,0.435,0.9,0.86,1.0,1.0,0.67,0.75,1
CUST_02187,36,Female,Dodoma,Christian,Sukuma,Primary,"500,001-1,000,000",M-Pesa,2,0.22,0.4,0.44,0.3,Tecno,China,Mid-Range,Used,341362,5.7,Online,Mobile Money,0,2,0.659,0.251,1.0,0.659,0.6,1.0,0.755,0.67,1
CUST_03422,26,Male,Mbeya,Muslim,Gogo,No formal,"200,000-500,000",Airtel Money,3,0.45,0.98,0.66,0.7,Apple,USA,Premium,New,2484464,9.6,Physical Store,Mobile Money,0,2,0.0,0.634,0.9,0.693,1.0,1.0,0.791,0.48,1
CUST_01821,32,Female,Morogoro,Christian,Others,Primary,">2,000,000",M-Pesa,4,0.46,0.26,0.87,0.5,Tecno,China,Mid-Range,New,370371,7.9,Mobile,Mobile Money,0,1,0.759,0.687,1.0,0.727,1.0,1.0,0.865,0.8,0
CUST_02065,27,Female,Arusha,Christian,Others,Secondary,"1,000,001-2,000,000",Halopesa,4,0.42,0.25,0.57,0.7,Oppo,China,Mid-Range,New,497406,6.2,Mobile,Cash,1,2,0.689,0.353,1.0,0.92,1.0,1.0,0.662,0.67,1
CUST_01811,21,Female,Dar es Salaam,Christian,Makonde,Primary,"1,000,001-2,000,000",Tigo Pesa,5,0.47,0.46,0.36,0.7,Itel,China,Budget,Used,77834,4.1,Physical Store,Cash,1,2,0.761,0.148,1.0,0.564,0.6,1.0,0.912,0.63,1
CUST_03229,27,Female,Dar es Salaam,Muslim,Others,Diploma,"500,001-1,000,000",M-Pesa,2,0.27,0.5,0.57,0.5,Tecno,China,Mid-Range,New,586738,7.2,Physical Store,Mobile Money,0,2,0.267,0.41,0.9,0.571,1.0,1.0,0.519,0.71,1
CUST_02866,24,Male,Dodoma,Christian,Makonde,No formal,"200,000-500,000",Tigo Pesa,2,0.13,0.77,0.64,0.0,Apple,USA,Premium,Used,1198511,7.9,Physical Store,Cash,0,2,0.231,0.506,1.0,0.674,0.6,1.0,0.568,0.63,0
CUST_03192,22,Male,Dar es Salaam,Christian,Haya,Secondary,"<200,000",Tigo Pesa,5,0.11,0.77,0.84,0.3,Tecno,China,Mid-Range,Used,268481,6.2,Physical Store,Mobile Money,0,2,0.483,0.521,1.0,0.627,0.6,1.0,0.385,0.72,1
CUST_00264,33,Female,Arusha,Muslim,Others,Primary,"200,000-500,000",Tigo Pesa,5,0.26,0.83,0.65,0.7,Itel,China,Budget,New,110570,5.2,Physical Store,Cash,0,12,0.388,0.338,0.9,0.731,1.0,1.0,0.446,0.69,1
CUST_01381,29,Male,Zanzibar,Christian,Others,No formal,"<200,000",Halopesa,4,0.21,0.82,0.39,0.5,Tecno,China,Mid-Range,New,369088,6.9,Physical Store,Card,0,2,0.243,0.269,1.0,0.698,1.0,1.0,0.42,0.74,0
CUST_00102,33,Male,Arusha,Christian,Sukuma,Primary,"200,000-500,000",Tigo Pesa,2,0.23,0.75,0.34,0.5,Tecno,China,Mid-Range,Used,258698,6.2,Physical Store,Cash,0,11,0.515,0.211,1.0,0.975,0.6,1.0,0.667,0.72,1
CUST_01822,34,Male,Mbeya,Christian,Gogo,Secondary,"<200,000",M-Pesa,3,0.33,0.94,0.7,0.5,Samsung,South Korea,Premium,New,1373142,8.1,Physical Store,Cash,0,1,0.0,0.567,1.0,0.993,1.0,1.0,0.642,0.61,1
CUST_01070,32,Female,Tanga,Christian,Sukuma,No formal,"500,001-1,000,000",Halopesa,3,0.43,0.75,0.9,0.5,Tecno,China,Mid-Range,New,355396,6.1,Online,Cash,0,2,0.334,0.549,1.0,0.89,1.0,1.0,0.53,0.69,1
CUST_02822,15,Female,Arusha,Muslim,Others,Bachelor,"<200,000",M-Pesa,1,0.3,0.91,0.6,0.3,Apple,USA,Premium,New,1755357,8.9,Physical Store,Mobile Money,0,2,0.0,0.534,0.9,0.606,1.0,1.0,0.394,0.58,0
CUST_01341,21,Female,Mbeya,Christian,Sukuma,No formal,">2,000,000",M-Pesa,4,0.17,0.44,0.74,0.0,Huawei,China,Premium,New,1025431,9.1,Physical Store,Cash,0,2,0.624,0.673,1.0,0.766,1.0,1.0,0.77,0.74,1
CUST_00885,43,Female,Mwanza,Muslim,Others,Secondary,"200,000-500,000",M-Pesa,5,0.13,0.85,0.64,0.3,Nokia,Finland,Mid-Range,New,522552,7.2,Online,Cash,1,2,0.0,0.461,0.9,0.68,1.0,1.0,0.355,0.73,1
CUST_00034,36,Female,Mbeya,Christian,Gogo,Primary,"200,000-500,000",Airtel Money,3,0.38,0.98,0.6,0.3,Infinix,China,Mid-Range,New,299609,6.4,Mobile,Mobile Money,0,1,0.266,0.384,1.0,0.518,1.0,1.0,0.503,0.72,1
CUST_02785,15,Female,Zanzibar,Christian,Others,No formal,"500,001-1,000,000",Tigo Pesa,2,0.51,0.44,0.85,0.7,Samsung,South Korea,Premium,New,2388585,9.4,Online,Cash,0,2,0.124,0.799,1.0,0.905,1.0,1.0,0.622,0.49,1
CUST_03803,24,Male,Dodoma,Christian,Makonde,Diploma,"1,000,001-2,000,000",Tigo Pesa,1,0.48,0.21,0.56,0.5,Huawei,China,Premium,New,1980546,9.1,Physical Store,Card,0,2,0.653,0.51,1.0,0.848,1.0,1.0,0.675,0.55,1
CUST_01701,29,Female,Dar es Salaam,Christian,Others,Bachelor,"500,001-1,000,000",M-Pesa,1,0.28,0.71,0.75,0.7,Samsung,South Korea,Premium,New,1457284,8.1,Physical Store,Cash,0,1,0.138,0.607,1.0,0.813,1.0,1.0,0.553,0.59,1
CUST_04590,24,Female,Dar es Salaam,Christian,Others,Bachelor,"1,000,001-2,000,000",M-Pesa,5,0.07,0.37,0.79,1.0,Itel,China,Budget,New,241738,6.2,Physical Store,Cash,1,2,0.404,0.49,1.0,0.795,1.0,0.8,0.575,0.72,0
CUST_03716,27,Female,Dar es Salaam,Muslim,Chagga,Primary,"<200,000",Tigo Pesa,5,0.26,0.97,0.55,0.7,Itel,China,Budget,Used,98091,5.7,Physical Store,Cash,1,2,0.366,0.314,0.9,0.835,0.6,1.0,0.81,0.72,1
CUST_04905,37,Male,Arusha,Christian,Makonde,Primary,"200,000-500,000",M-Pesa,3,0.14,0.91,0.61,0.5,Tecno,China,Mid-Range,New,488441,6.3,Online,Cash,0,2,0.0,0.384,1.0,0.917,1.0,1.0,0.554,0.68,1
CUST_02971,22,Male,Dodoma,Christian,Sukuma,Secondary,"1,000,001-2,000,000",Airtel Money,3,0.11,0.19,0.66,0.3,Vivo,China,Mid-Range,New,333616,6.8,Online,Cash,0,2,0.842,0.449,1.0,0.629,1.0,1.0,0.884,0.74,1
CUST_04597,16,Female,Zanzibar,Christian,Sukuma,Bachelor,"<200,000",M-Pesa,4,0.37,0.85,0.62,0.3,Infinix,China,Mid-Range,New,313964,7.4,Physical Store,Cash,0,2,0.333,0.459,1.0,0.827,1.0,1.0,0.715,0.78,1
CUST_02705,31,Female,Dodoma,Christian,Chagga,Primary,"500,001-1,000,000",Tigo Pesa,2,0.29,0.79,0.37,0.5,Itel,China,Budget,Used,197157,4.3,Online,Card,0,2,0.0,0.159,1.0,0.603,0.6,1.0,0.496,0.62,1
CUST_03903,62,Male,Zanzibar,Muslim,Sukuma,Secondary,"200,000-500,000",Tigo Pesa,2,0.42,0.99,0.82,0.7,Apple,USA,Premium,New,836050,9.5,Online,Mobile Money,1,2,0.31,0.779,0.9,0.631,1.0,1.0,0.652,0.8,1
CUST_03615,32,Male,Arusha,Christian,Haya,Primary,">2,000,000",M-Pesa,4,0.53,0.29,0.53,0.3,Samsung,South Korea,Premium,Used,1060994,7.8,Physical Store,Mobile Money,0,2,0.744,0.413,1.0,0.75,0.6,1.0,0.801,0.66,1
CUST_00978,15,Female,Mwanza,Christian,Others,Secondary,">2,000,000",M-Pesa,1,0.32,0.27,0.5,0.0,Itel,China,Budget,New,128063,6.0,Online,Cash,1,1,0.769,0.3,1.0,0.532,1.0,1.0,0.659,0.73,1
CUST_04050,45,Female,Dar es Salaam,Christian,Others,Primary,"<200,000",M-Pesa,4,0.47,0.76,0.46,0.3,Apple,USA,Premium,New,1482958,8.8,Physical Store,Cash,0,1,0.061,0.405,1.0,1.19,1.0,1.0,0.64,0.63,0
CUST_03890,15,Male,Zanzibar,Christian,Sukuma,Secondary,"<200,000",None,4,0.7,0.78,0.34,0.5,Samsung,South Korea,Premium,New,1579593,8.4,Online,Mobile Money,0,8,0.0,0.286,1.0,1.182,1.0,1.0,0.512,0.59,1
CUST_01272,27,Male,Mwanza,Christian,Chagga,Primary,"200,000-500,000",M-Pesa,1,0.32,0.72,0.74,0.0,Samsung,South Korea,Premium,New,1109918,9.1,Physical Store,Mobile Money,0,2,0.334,0.673,1.0,0.877,1.0,1.0,0.641,0.72,1
CUST_02274,28,Male,Dar es Salaam,Christian,Others,Secondary,"200,000-500,000",Airtel Money,4,0.11,0.8,0.51,0.7,Infinix,China,Mid-Range,Used,195714,5.7,Online,Mobile Money,0,2,0.609,0.291,1.0,0.506,0.6,1.0,0.452,0.7,1
CUST_02889,42,Male,Dar es Salaam,Muslim,Sukuma,Master+,"500,001-1,000,000",Airtel Money,2,0.13,0.61,0.89,0.3,Xiaomi,China,Mid-Range,New,510608,7.1,Physical Store,Mobile Money,1,2,0.221,0.632,0.9,0.538,1.0,1.0,0.476,0.72,1
CUST_02908,17,Male,Tanga,Christian,Others,Primary,"<200,000",M-Pesa,4,0.22,0.81,0.47,0.0,Apple,USA,Premium,New,1871192,9.2,Online,Cash,1,1,0.0,0.432,1.0,1.098,1.0,1.0,0.503,0.58,1
CUST_03512,46,Female,Mbeya,Muslim,Sukuma,Secondary,"200,000-500,000",Airtel Money,5,0.31,0.9,0.55,0.3,Vivo,China,Mid-Range,New,326031,6.6,Physical Store,Mobile Money,0,2,0.266,0.363,0.9,0.728,1.0,1.0,0.487,0.73,1
CUST_02816,37,Male,Arusha,Other,Gogo,Diploma,"200,000-500,000",Airtel Money,3,0.09,0.89,0.87,0.3,Apple,USA,Premium,New,1759940,8.8,Physical Store,Cash,1,1,0.0,0.766,1.0,1.024,1.0,1.0,0.526,0.58,1
CUST_04916,20,Male,Dar es Salaam,Muslim,Others,Secondary,"500,001-1,000,000",M-Pesa,4,0.4,0.73,0.76,0.5,Apple,USA,Premium,New,835349,9.0,Mobile,Cash,1,2,0.492,0.684,0.9,0.803,1.0,1.0,0.734,0.77,0
CUST_03461,36,Female,Arusha,Muslim,Others,Secondary,"200,000-500,000",M-Pesa,3,0.31,0.79,0.65,0.3,Nokia,Finland,Mid-Range,New,567631,8.0,Physical Store,Cash,0,1,0.0,0.52,0.9,0.503,1.0,1.0,0.413,0.77,1
CUST_04242,27,Male,Tanga,Christian,Makonde,Secondary,">2,000,000",None,4,0.41,0.17,0.7,0.3,Nokia,Finland,Mid-Range,New,395896,6.1,Physical Store,Mobile Money,0,2,0.832,0.427,1.0,0.842,1.0,1.0,0.692,0.69,1
CUST_02040,23,Female,Mwanza,Christian,Others,Diploma,"<200,000",M-Pesa,1,0.21,0.93,0.38,0.0,Nokia,Finland,Mid-Range,New,305421,7.6,Online,Cash,0,2,0.29,0.289,1.0,0.691,1.0,1.0,0.518,0.79,1
CUST_01521,18,Male,Dodoma,Christian,Makonde,Secondary,"200,000-500,000",M-Pesa,4,0.49,0.71,0.72,1.0,Samsung,South Korea,Premium,New,1106667,8.6,Physical Store,Cash,1,1,0.345,0.619,1.0,0.848,1.0,0.8,0.567,0.69,0
CUST_04713,20,Female,Dodoma,Christian,Haya,Secondary,"1,000,001-2,000,000",M-Pesa,5,0.16,0.12,0.58,0.3,Infinix,China,Mid-Range,New,537395,7.2,Physical Store,Cash,0,1,0.839,0.418,1.0,0.917,1.0,1.0,0.965,0.72,1
CUST_02886,39,Female,Morogoro,Christian,Sukuma,Secondary,"200,000-500,000",Tigo Pesa,2,0.32,0.95,0.4,0.5,Apple,USA,Premium,New,2161621,8.7,Physical Store,Cash,0,10,0.0,0.348,1.0,0.813,1.0,1.0,0.642,0.49,1
CUST_01781,15,Female,Dodoma,Christian,Nyamwezi,No formal,">2,000,000",Tigo Pesa,5,0.29,0.11,0.58,0.0,Samsung,South Korea,Premium,New,2340147,9.6,Online,Cash,1,2,0.785,0.557,1.0,0.628,1.0,1.0,0.705,0.51,1
CUST_04651,42,Female,Dar es Salaam,Muslim,Nyamwezi,Secondary,"200,000-500,000",Tigo Pesa,3,0.41,0.92,0.5,0.5,Apple,USA,Premium,New,2151566,8.3,Online,Mobile Money,1,2,0.0,0.415,0.9,0.784,1.0,1.0,0.672,0.47,1
CUST_04410,26,Female,Dar es Salaam,Muslim,Others,Secondary,"200,000-500,000",M-Pesa,4,0.05,0.77,0.72,0.5,Nokia,Finland,Mid-Range,New,472214,7.5,Online,Mobile Money,0,1,0.091,0.54,0.9,0.649,1.0,1.0,0.457,0.76,1
CUST_03951,15,Male,Morogoro,Muslim,Gogo,Secondary,"200,000-500,000",Airtel Money,4,0.18,0.96,0.63,0.5,Huawei,China,Premium,New,2046378,8.4,Mobile,Cash,0,1,0.0,0.529,0.9,0.979,1.0,1.0,0.494,0.49,1
CUST_01695,33,Male,Dar es Salaam,Muslim,Others,No formal,"200,000-500,000",Halopesa,5,0.38,0.86,0.78,0.3,Samsung,South Korea,Premium,New,2240735,9.4,Physical Store,Cash,0,11,0.0,0.733,0.9,0.645,1.0,1.0,0.524,0.52,0
CUST_01885,15,Male,Dar es Salaam,Muslim,Others,Primary,"<200,000",Halopesa,5,0.14,0.83,0.54,0.3,Oppo,China,Mid-Range,Used,230973,6.6,Physical Store,Card,0,12,0.521,0.356,0.9,0.677,0.6,1.0,0.78,0.75,1
CUST_00232,29,Female,Dodoma,Muslim,Sukuma,Primary,"200,000-500,000",Halopesa,2,0.25,0.87,0.5,0.0,Samsung,South Korea,Premium,New,1895789,8.5,Physical Store,Mobile Money,0,12,0.0,0.425,0.9,0.879,1.0,1.0,0.528,0.53,1
CUST_01945,48,Female,Dar es Salaam,Christian,Sukuma,Diploma,"200,000-500,000",M-Pesa,2,0.46,0.85,0.42,0.7,Apple,USA,Premium,New,828535,8.5,Physical Store,Mobile Money,0,1,0.413,0.357,1.0,0.631,1.0,1.0,0.52,0.74,1
CUST_00672,19,Female,Dar es Salaam,Christian,Sukuma,No formal,"500,001-1,000,000",M-Pesa,2,0.33,0.54,0.87,0.5,Apple,USA,Premium,New,1932885,10.0,Physical Store,Mobile Money,0,1,0.13,0.87,1.0,0.682,1.0,1.0,0.657,0.61,1
CUST_02470,28,Male,Dodoma,Muslim,Others,Secondary,"500,001-1,000,000",Halopesa,3,0.46,0.68,0.48,0.5,Tecno,China,Mid-Range,New,476107,6.3,Physical Store,Cash,0,2,0.191,0.302,0.9,0.631,1.0,1.0,0.513,0.68,1
CUST_02268,24,Female,Zanzibar,Christian,Sukuma,Primary,"500,001-1,000,000",Tigo Pesa,3,0.4,0.46,0.87,0.3,Itel,China,Budget,New,183987,4.0,Physical Store,Mobile Money,0,1,0.436,0.348,1.0,0.618,1.0,1.0,0.576,0.6,1
CUST_04542,15,Male,Mbeya,Muslim,Others,Secondary,"<200,000",M-Pesa,5,0.33,0.71,0.71,0.5,Nokia,Finland,Mid-Range,Used,128140,6.0,Physical Store,Cash,1,2,0.773,0.426,0.9,0.694,0.6,1.0,0.812,0.73,1
CUST_04774,34,Male,Dar es Salaam,Muslim,Nyamwezi,Primary,">2,000,000",Halopesa,4,0.18,0.13,0.9,0.5,Infinix,China,Mid-Range,New,483230,7.4,Physical Store,Mobile Money,0,2,0.843,0.666,0.9,0.715,1.0,1.0,0.748,0.75,1
CUST_00975,19,Female,Arusha,Muslim,Others,Secondary,"500,001-1,000,000",Airtel Money,3,0.16,0.44,0.86,0.7,Samsung,South Korea,Premium,New,2066821,8.4,Physical Store,Cash,0,2,0.242,0.722,0.9,1.152,1.0,1.0,0.688,0.49,1
CUST_02105,21,Female,Dar es Salaam,Muslim,Nyamwezi,Diploma,"<200,000",M-Pesa,1,0.14,0.85,0.79,0.5,Samsung,South Korea,Premium,New,1162290,9.4,Physical Store,Card,1,2,0.177,0.743,0.9,0.646,1.0,1.0,0.645,0.73,1
CUST_03343,25,Male,Dar es Salaam,Christian,Chagga,Secondary,"<200,000",M-Pesa,4,0.14,0.95,0.87,0.3,Oppo,China,Mid-Range,Used,326895,6.4,Mobile,Mobile Money,0,2,0.224,0.557,1.0,0.927,0.6,1.0,0.555,0.72,1
CUST_00441,30,Female,Dar es Salaam,Christian,Others,Primary,"200,000-500,000",M-Pesa,4,0.04,0.95,0.59,0.5,Infinix,China,Mid-Range,New,289281,7.0,Physical Store,Card,0,2,0.313,0.413,1.0,0.542,1.0,1.0,0.617,0.76,1
CUST_04464,27,Female,Zanzibar,Christian,Makonde,Diploma,"1,000,001-2,000,000",Tigo Pesa,2,0.74,0.11,0.66,0.7,Samsung,South Korea,Premium,New,2416588,8.3,Physical Store,Mobile Money,1,2,0.778,0.548,1.0,0.691,1.0,1.0,0.835,0.41,1
CUST_03592,15,Male,Morogoro,Muslim,Others,Secondary,"1,000,001-2,000,000",M-Pesa,3,0.36,0.13,0.84,0.0,Xiaomi,China,Mid-Range,New,552296,6.4,Online,Cash,1,1,0.821,0.538,0.9,0.954,1.0,1.0,0.763,0.67,1
CUST_00136,25,Female,Dar es Salaam,Christian,Sukuma,Bachelor,"500,001-1,000,000",Airtel Money,3,0.02,0.59,0.33,0.0,Tecno,China,Mid-Range,New,437455,6.3,Physical Store,Mobile Money,0,1,0.355,0.208,1.0,0.645,1.0,1.0,0.502,0.69,1
CUST_00685,25,Female,Morogoro,Christian,Others,Bachelor,"200,000-500,000",Tigo Pesa,4,0.12,0.84,0.55,0.5,Tecno,China,Mid-Range,New,386589,7.6,Physical Store,Cash,0,12,0.188,0.418,1.0,0.658,1.0,1.0,0.361,0.78,1
CUST_00007,22,Female,Arusha,Christian,Others,Primary,"<200,000",M-Pesa,2,0.06,0.94,0.41,0.7,Nokia,Finland,Mid-Range,Used,395037,5.1,Online,Cash,0,1,0.072,0.209,1.0,0.682,0.6,1.0,0.371,0.63,1
CUST_04122,21,Male,Dar es Salaam,Christian,Others,Primary,"200,000-500,000",M-Pesa,2,0.23,0.86,0.56,0.5,Oppo,China,Mid-Range,New,571113,6.1,Physical Store,Mobile Money,0,2,0.0,0.342,1.0,0.801,1.0,1.0,0.347,0.65,0
CUST_04479,18,Male,Dar es Salaam,Christian,Others,Primary,"<200,000",Tigo Pesa,4,0.16,0.96,0.9,0.3,Infinix,China,Mid-Range,New,499228,7.8,Physical Store,Mobile Money,0,1,0.0,0.702,1.0,0.564,1.0,1.0,0.506,0.77,1
CUST_02754,15,Female,Mbeya,Christian,Others,Secondary,"200,000-500,000",M-Pesa,5,0.59,0.78,0.64,0.0,Huawei,China,Premium,New,1759625,9.5,Online,Mobile Money,1,2,0.0,0.608,1.0,0.522,1.0,1.0,0.591,0.62,1
CUST_02906,24,Male,Mwanza,Muslim,Others,Secondary,"<200,000",Airtel Money,4,0.23,0.71,0.42,0.5,Itel,China,Budget,New,247551,6.7,Physical Store,Cash,1,12,0.0,0.281,0.9,0.681,1.0,1.0,0.282,0.75,1
CUST_00124,15,Female,Dar es Salaam,Christian,Others,Diploma,"1,000,001-2,000,000",M-Pesa,3,0.28,0.32,0.6,0.0,Huawei,China,Premium,New,1464123,9.5,Physical Store,Cash,0,2,0.61,0.57,1.0,0.63,1.0,1.0,0.731,0.68,1
CUST_01915,20,Male,Arusha,Muslim,Others,Secondary,"200,000-500,000",Airtel Money,2,0.24,0.88,0.35,0.7,Apple,USA,Premium,New,2118405,8.9,Physical Store,Cash,0,2,0.0,0.312,0.9,0.665,1.0,1.0,0.438,0.51,1
CUST_02746,36,Female,Dar es Salaam,Muslim,Others,Primary,"<200,000",Tigo Pesa,3,0.31,0.73,0.73,0.7,Apple,USA,Premium,New,1096245,8.8,Online,Mobile Money,0,2,0.333,0.642,0.9,1.03,1.0,1.0,0.636,0.71,1
CUST_03144,31,Female,Mbeya,Christian,Others,Secondary,"200,000-500,000",M-Pesa,4,0.04,0.82,0.44,0.5,Samsung,South Korea,Premium,New,1293968,9.6,Physical Store,Mobile Money,1,2,0.116,0.422,1.0,1.066,1.0,1.0,0.545,0.72,1
CUST_00766,30,Male,Dar es Salaam,Muslim,Chagga,Diploma,"1,000,001-2,000,000",Tigo Pesa,3,0.29,0.49,0.9,0.0,Samsung,South Korea,Premium,New,613125,8.8,Online,Cash,0,1,0.75,0.792,0.9,0.768,1.0,1.0,0.88,0.81,1
CUST_01445,35,Female,Dodoma,Muslim,Others,Bachelor,"500,001-1,000,000",Airtel Money,4,0.26,0.58,0.39,0.7,Tecno,China,Mid-Range,New,372152,6.7,Physical Store,Card,0,2,0.46,0.261,0.9,0.9,1.0,1.0,0.685,0.73,1
CUST_01446,32,Female,Dodoma,Christian,Nyamwezi,Master+,">2,000,000",Tigo Pesa,2,0.26,0.42,0.47,0.5,Infinix,China,Mid-Range,New,314879,7.6,Physical Store,Cash,0,1,0.669,0.357,1.0,0.951,1.0,1.0,0.711,0.79,1
CUST_00512,45,Male,Mwanza,Muslim,Others,Secondary,"500,001-1,000,000",Tigo Pesa,4,0.63,0.67,0.45,0.5,Infinix,China,Mid-Range,New,417692,6.8,Physical Store,Mobile Money,0,1,0.3,0.306,0.9,0.744,1.0,1.0,0.475,0.72,0
CUST_01352,29,Female,Mbeya,Muslim,Sukuma,Primary,"500,001-1,000,000",Airtel Money,3,0.43,0.42,0.41,0.5,Infinix,China,Mid-Range,Used,275494,6.7,Physical Store,Cash,0,2,0.711,0.275,0.9,0.915,0.6,1.0,0.684,0.75,1
CUST_01008,15,Female,Zanzibar,Muslim,Sukuma,Secondary,"1,000,001-2,000,000",Tigo Pesa,5,0.16,0.39,0.86,0.5,Apple,USA,Premium,New,1710127,9.6,Physical Store,Cash,0,1,0.444,0.826,0.9,0.645,1.0,1.0,0.719,0.63,0
CUST_03762,15,Male,Mwanza,Christian,Others,Secondary,"200,000-500,000",None,2,0.03,0.91,0.42,0.3,Xiaomi,China,Mid-Range,New,447412,6.1,Physical Store,Cash,0,12,0.0,0.256,1.0,0.666,1.0,1.0,0.503,0.68,1
CUST_02769,17,Female,Mwanza,Muslim,Others,Secondary,"200,000-500,000",Airtel Money,5,0.1,0.8,0.38,0.3,Vivo,China,Mid-Range,New,557602,6.9,Mobile,Cash,0,2,0.0,0.262,0.9,0.884,1.0,1.0,0.299,0.7,1
CUST_01965,50,Male,Dodoma,Christian,Others,Primary,"1,000,001-2,000,000",M-Pesa,3,0.47,0.47,0.5,0.3,Samsung,South Korea,Premium,New,1462390,9.3,Mobile,Card,0,1,0.427,0.465,1.0,0.825,1.0,1.0,0.718,0.67,1
CUST_01896,27,Male,Dar es Salaam,Christian,Others,Secondary,"1,000,001-2,000,000",Airtel Money,3,0.36,0.43,0.61,0.3,Xiaomi,China,Mid-Range,New,401839,7.0,Physical Store,Cash,0,1,0.568,0.427,1.0,0.977,1.0,1.0,0.638,0.74,1
CUST_02432,29,Male,Dodoma,Muslim,Others,No formal,"500,001-1,000,000",M-Pesa,1,0.28,0.74,0.84,0.5,Infinix,China,Mid-Range,New,593855,6.5,Physical Store,Cash,0,2,0.0,0.546,0.9,0.596,1.0,1.0,0.557,0.67,1
CUST_02238,22,Male,Tanga,Muslim,Nyamwezi,Master+,"500,001-1,000,000",M-Pesa,3,0.49,0.53,0.48,1.0,Samsung,South Korea,Premium,New,1968835,8.9,Online,Mobile Money,0,2,0.13,0.427,0.9,1.142,1.0,0.8,0.354,0.54,1
CUST_03891,21,Female,Arusha,Christian,Others,Primary,"200,000-500,000",Tigo Pesa,1,0.33,0.77,0.59,0.5,Xiaomi,China,Mid-Range,New,509842,6.1,Physical Store,Mobile Money,0,1,0.019,0.36,1.0,0.771,1.0,1.0,0.502,0.66,1
CUST_00344,24,Male,Dar es Salaam,Christian,Others,Diploma,">2,000,000",M-Pesa,2,0.29,0.42,0.38,1.0,Apple,USA,Premium,New,940354,8.2,Physical Store,Cash,1,12,0.671,0.312,1.0,0.752,1.0,0.8,0.589,0.7,1
CUST_03168,26,Male,Mbeya,Christian,Sukuma,No formal,">2,000,000",M-Pesa,4,0.3,0.45,0.85,0.5,Infinix,China,Mid-Range,New,349899,6.2,Mobile,Mobile Money,1,2,0.606,0.527,1.0,0.613,1.0,1.0,0.701,0.7,1
CUST_04261,28,Male,Dodoma,Christian,Makonde,Secondary,"200,000-500,000",M-Pesa,3,0.36,0.98,0.41,0.7,Nokia,Finland,Mid-Range,Used,202078,6.5,Physical Store,Mobile Money,0,2,0.505,0.266,1.0,0.603,0.6,1.0,0.391,0.75,1
CUST_01534,36,Male,Mbeya,Christian,Others,Secondary,"500,001-1,000,000",M-Pesa,3,0.43,0.61,0.75,0.0,Infinix,China,Mid-Range,New,599244,7.8,Online,Card,0,12,0.086,0.585,1.0,0.908,1.0,1.0,0.47,0.75,1
CUST_04399,24,Female,Mbeya,Christian,Sukuma,Primary,"500,001-1,000,000",Airtel Money,3,0.04,0.46,0.69,0.3,Apple,USA,Premium,New,1526764,9.5,Physical Store,Cash,1,2,0.415,0.656,1.0,1.175,1.0,1.0,0.785,0.66,1
CUST_04363,42,Male,Mwanza,Christian,Sukuma,Diploma,"500,001-1,000,000",M-Pesa,5,0.14,0.66,0.72,0.3,Tecno,China,Mid-Range,New,477912,6.8,Physical Store,Cash,1,12,0.211,0.49,1.0,0.664,1.0,1.0,0.43,0.71,1
CUST_04806,19,Female,Dodoma,Christian,Others,Secondary,"<200,000",M-Pesa,3,0.51,0.87,0.53,0.3,Vivo,China,Mid-Range,Used,291786,5.7,Physical Store,Mobile Money,0,2,0.365,0.302,1.0,0.524,0.6,1.0,0.534,0.68,1
CUST_04260,21,Female,Tanga,Christian,Others,Bachelor,"200,000-500,000",Tigo Pesa,2,0.03,0.91,0.69,0.3,Huawei,China,Premium,New,805151,8.1,Physical Store,Cash,0,2,0.389,0.559,1.0,0.907,1.0,1.0,0.486,0.72,1
CUST_03415,18,Male,Dar es Salaam,Christian,Others,Primary,"500,001-1,000,000",M-Pesa,3,0.45,0.55,0.68,0.5,Infinix,China,Mid-Range,New,529366,6.6,Physical Store,Card,0,2,0.272,0.449,1.0,0.618,1.0,1.0,0.57,0.69,1
CUST_00238,20,Female,Mwanza,Christian,Nyamwezi,Diploma,"500,001-1,000,000",M-Pesa,2,0.26,0.42,0.32,0.3,Nokia,Finland,Mid-Range,New,431650,6.6,Physical Store,Cash,0,10,0.547,0.211,1.0,0.645,1.0,1.0,0.578,0.71,1
CUST_01519,26,Female,Mwanza,Christian,Others,Bachelor,"<200,000",M-Pesa,1,0.38,0.97,0.86,0.0,Apple,USA,Premium,New,2045707,9.4,Physical Store,Cash,0,1,0.0,0.808,1.0,1.068,1.0,1.0,0.669,0.55,1
CUST_02579,48,Male,Tanga,Christian,Others,Diploma,"<200,000",Tigo Pesa,3,0.17,0.84,0.4,1.0,Tecno,China,Mid-Range,New,265217,7.2,Physical Store,Cash,0,2,0.443,0.288,1.0,0.888,1.0,0.8,0.606,0.78,1
CUST_02347,31,Male,Dar es Salaam,Muslim,Gogo,Secondary,"500,001-1,000,000",Halopesa,4,0.24,0.41,0.78,0.3,Infinix,China,Mid-Range,New,385089,6.8,Online,Mobile Money,0,2,0.605,0.53,0.9,0.745,1.0,1.0,0.502,0.73,1
CUST_04299,27,Male,Morogoro,Christian,Others,Secondary,"<200,000",M-Pesa,3,0.18,0.8,0.4,0.5,Apple,USA,Premium,New,2167793,8.5,Online,Card,0,1,0.0,0.34,1.0,0.933,1.0,1.0,0.532,0.48,1
CUST_01186,21,Female,Dodoma,Christian,Others,Secondary,"<200,000",Halopesa,1,0.18,0.72,0.81,0.3,Huawei,China,Premium,New,2421174,8.2,Online,Cash,0,1,0.0,0.664,1.0,0.63,1.0,1.0,0.436,0.41,1
CUST_01390,29,Male,Dar es Salaam,Christian,Nyamwezi,Diploma,"200,000-500,000",Tigo Pesa,4,0.52,0.79,0.35,0.3,Infinix,China,Mid-Range,New,483387,6.7,Physical Store,Mobile Money,0,2,0.045,0.234,1.0,0.98,1.0,1.0,0.621,0.71,1
CUST_03532,49,Male,Tanga,Muslim,Others,Primary,"500,001-1,000,000",Airtel Money,1,0.08,0.6,0.55,0.3,Nokia,Finland,Mid-Range,New,323076,7.5,Physical Store,Mobile Money,0,1,0.515,0.413,0.9,0.544,1.0,1.0,0.683,0.79,1
CUST_04436,16,Female,Morogoro,Muslim,Others,No formal,"200,000-500,000",Tigo Pesa,4,0.38,0.96,0.59,0.3,Vivo,China,Mid-Range,Used,367980,5.6,Physical Store,Mobile Money,0,2,0.117,0.33,0.9,0.908,0.6,1.0,0.544,0.66,1
CUST_00867,15,Female,Arusha,Muslim,Sukuma,Diploma,"<200,000",Airtel Money,4,0.25,0.89,0.62,0.5,Nokia,Finland,Mid-Range,New,410221,6.8,Mobile,Mobile Money,0,2,0.087,0.422,0.9,0.997,1.0,1.0,0.618,0.73,1
CUST_02045,19,Male,Zanzibar,Christian,Chagga,Diploma,"500,001-1,000,000",Tigo Pesa,2,0.47,0.56,0.59,0.0,Tecno,China,Mid-Range,New,433267,7.1,Physical Store,Mobile Money,0,2,0.393,0.419,1.0,0.647,1.0,1.0,0.568,0.74,1
CUST_02948,24,Female,Dodoma,Christian,Gogo,Primary,"<200,000",M-Pesa,4,0.39,0.95,0.86,0.3,Nokia,Finland,Mid-Range,New,396931,7.2,Mobile,Mobile Money,0,2,0.057,0.619,1.0,0.619,1.0,1.0,0.585,0.75,1
CUST_01911,21,Female,Mbeya,Muslim,Others,Primary,"500,001-1,000,000",Halopesa,4,0.16,0.4,0.79,0.5,Oppo,China,Mid-Range,New,434520,6.7,Online,Cash,0,10,0.565,0.529,0.9,0.833,1.0,1.0,0.6,0.72,1
CUST_03275,23,Male,Dar es Salaam,Christian,Sukuma,Secondary,"1,000,001-2,000,000",Airtel Money,4,0.69,0.43,0.4,0.5,Xiaomi,China,Mid-Range,Used,171931,5.8,Physical Store,Cash,0,2,0.815,0.232,1.0,0.669,0.6,1.0,0.77,0.71,1
CUST_02928,24,Male,Mbeya,Christian,Others,Primary,"<200,000",M-Pesa,2,0.01,0.84,0.82,0.0,Huawei,China,Premium,New,1354171,9.3,Mobile,Cash,0,11,0.052,0.763,1.0,0.849,1.0,1.0,0.605,0.69,1
CUST_01868,26,Male,Mwanza,Christian,Nyamwezi,Bachelor,"500,001-1,000,000",M-Pesa,3,0.24,0.56,0.68,0.3,Infinix,China,Mid-Range,Used,462686,6.2,Physical Store,Mobile Money,0,2,0.352,0.422,1.0,0.747,0.6,1.0,0.45,0.68,0
CUST_02058,16,Male,Dar es Salaam,Christian,Others,Secondary,"<200,000",Airtel Money,4,0.44,0.81,0.62,0.5,Xiaomi,China,Mid-Range,New,515514,7.2,Online,Card,0,1,0.0,0.446,1.0,0.632,1.0,1.0,0.403,0.73,1
CUST_01682,35,Female,Morogoro,Christian,Nyamwezi,Primary,"200,000-500,000",M-Pesa,2,0.21,1.0,0.39,0.0,Oppo,China,Mid-Range,Used,255467,5.5,Online,Mobile Money,0,2,0.361,0.215,1.0,0.994,0.6,1.0,0.52,0.68,1
CUST_03486,38,Female,Dar es Salaam,Christian,Others,Primary,"200,000-500,000",Airtel Money,1,0.53,0.93,0.79,0.3,Nokia,Finland,Mid-Range,Used,293764,5.5,Physical Store,Mobile Money,0,2,0.317,0.435,1.0,0.941,0.6,1.0,0.558,0.67,1
CUST_02975,22,Male,Dar es Salaam,Christian,Others,Primary,"<200,000",Airtel Money,2,0.17,0.76,0.82,0.7,Samsung,South Korea,Premium,New,904922,9.1,Online,Cash,1,2,0.427,0.746,1.0,0.676,1.0,1.0,0.76,0.77,1
CUST_03369,22,Female,Morogoro,Muslim,Sukuma,Diploma,"200,000-500,000",Tigo Pesa,3,0.3,0.78,0.78,0.0,Apple,USA,Premium,New,2097679,9.7,Mobile,Cash,1,2,0.0,0.757,0.9,0.604,1.0,1.0,0.59,0.56,1
CUST_01614,27,Male,Mwanza,Christian,Nyamwezi,Diploma,"<200,000",None,2,0.34,0.91,0.35,0.3,Nokia,Finland,Mid-Range,Used,359535,7.0,Physical Store,Cash,0,2,0.182,0.245,1.0,0.832,0.6,1.0,0.423,0.75,0
CUST_02922,33,Male,Mwanza,Muslim,Nyamwezi,Secondary,"500,001-1,000,000",M-Pesa,2,0.46,0.77,0.72,0.5,Infinix,China,Mid-Range,Used,364870,6.9,Physical Store,Cash,0,2,0.298,0.497,0.9,0.951,0.6,1.0,0.683,0.74,1
CUST_02322,43,Female,Mbeya,Christian,Nyamwezi,Primary,"<200,000",Tigo Pesa,3,0.35,0.98,0.62,0.5,Oppo,China,Mid-Range,New,391580,6.8,Mobile,Cash,0,2,0.041,0.422,1.0,0.785,1.0,1.0,0.547,0.73,1
CUST_01335,29,Female,Dodoma,Muslim,Sukuma,Primary,"200,000-500,000",Halopesa,4,0.63,0.83,0.75,0.5,Nokia,Finland,Mid-Range,New,565628,6.2,Physical Store,Cash,0,9,0.0,0.465,0.9,0.816,1.0,1.0,0.688,0.66,1
CUST_04376,26,Female,Arusha,Christian,Others,Secondary,"200,000-500,000",Halopesa,4,0.31,0.73,0.64,0.3,Itel,China,Budget,New,147478,6.2,Physical Store,Cash,0,2,0.282,0.397,1.0,0.535,1.0,1.0,0.653,0.74,1
CUST_03913,44,Male,Mbeya,Muslim,Others,Bachelor,"<200,000",M-Pesa,3,0.44,0.79,0.42,0.3,Samsung,South Korea,Premium,New,1322013,8.3,Physical Store,Mobile Money,0,2,0.13,0.349,0.9,1.025,1.0,1.0,0.426,0.63,1
CUST_04683,34,Female,Dar es Salaam,Christian,Others,Diploma,"200,000-500,000",Tigo Pesa,3,0.55,0.85,0.79,1.0,Itel,China,Budget,New,149518,6.8,Physical Store,Mobile Money,0,12,0.153,0.537,1.0,0.863,1.0,0.8,0.595,0.78,1
CUST_01083,15,Male,Dodoma,Muslim,Others,Secondary,"<200,000",Tigo Pesa,4,0.27,0.8,0.33,0.5,Apple,USA,Premium,New,2407600,8.8,Mobile,Cash,0,2,0.0,0.29,0.9,0.787,1.0,1.0,0.39,0.45,1
CUST_04506,38,Female,Arusha,Muslim,Others,Primary,"<200,000",Tigo Pesa,2,0.52,0.75,0.31,0.3,Apple,USA,Premium,New,2283436,8.5,Physical Store,Mobile Money,0,1,0.0,0.264,0.9,1.182,1.0,1.0,0.368,0.45,1
CUST_00315,27,Male,Dar es Salaam,Christian,Others,Primary,"<200,000",M-Pesa,4,0.37,0.71,0.77,0.0,Itel,China,Budget,New,233226,5.0,Online,Cash,0,1,0.0,0.385,1.0,0.622,1.0,1.0,0.455,0.65,1
CUST_00389,29,Female,Dar es Salaam,Muslim,Haya,Bachelor,"<200,000",M-Pesa,2,0.46,0.76,0.78,1.0,Apple,USA,Premium,New,1093994,9.3,Physical Store,Cash,0,2,0.307,0.725,0.9,0.715,1.0,0.8,0.744,0.74,1
CUST_02018,19,Male,Tanga,Christian,Gogo,No formal,"200,000-500,000",M-Pesa,1,0.02,0.92,0.8,0.3,Apple,USA,Premium,New,1575004,8.8,Physical Store,Card,0,2,0.0,0.704,1.0,1.133,1.0,1.0,0.61,0.61,1
CUST_04527,15,Male,Zanzibar,Christian,Sukuma,Primary,"<200,000",Airtel Money,5,0.29,0.98,0.45,0.0,Huawei,China,Premium,New,675455,8.5,Online,Cash,0,2,0.448,0.382,1.0,0.892,1.0,1.0,0.731,0.77,1
CUST_00231,24,Female,Tanga,Christian,Nyamwezi,Secondary,">2,000,000",M-Pesa,5,0.33,0.31,0.71,0.3,Nokia,Finland,Mid-Range,New,325915,6.1,Online,Cash,0,2,0.747,0.433,1.0,0.823,1.0,1.0,0.982,0.7,1
CUST_04145,38,Male,Dar es Salaam,Christian,Gogo,Secondary,"<200,000",None,4,0.59,0.9,0.85,0.3,Samsung,South Korea,Premium,New,1877742,9.4,Physical Store,Cash,0,2,0.0,0.799,1.0,0.789,1.0,1.0,0.427,0.59,1
CUST_00931,37,Female,Dar es Salaam,Christian,Others,Diploma,"1,000,001-2,000,000",M-Pesa,2,0.17,0.31,0.81,0.5,Apple,USA,Premium,New,2282159,8.9,Physical Store,Mobile Money,1,2,0.41,0.721,1.0,1.091,1.0,1.0,0.711,0.48,1
CUST_01731,39,Male,Mbeya,Christian,Others,No formal,"200,000-500,000",None,5,0.27,0.79,0.33,0.3,Tecno,China,Mid-Range,New,287300,7.2,Physical Store,Card,0,1,0.433,0.238,1.0,0.703,1.0,1.0,0.545,0.77,1
CUST_01707,15,Male,Zanzibar,Christian,Sukuma,Diploma,"500,001-1,000,000",Halopesa,3,0.1,0.51,0.68,0.3,Itel,China,Budget,New,164529,6.6,Physical Store,Cash,0,2,0.441,0.449,1.0,0.548,1.0,1.0,0.821,0.76,1
CUST_00957,22,Female,Mbeya,Muslim,Gogo,Primary,"500,001-1,000,000",Halopesa,5,0.15,0.76,0.88,0.3,Samsung,South Korea,Premium,New,1761964,9.7,Physical Store,Card,1,2,0.0,0.854,0.9,0.98,1.0,1.0,0.653,0.63,1
CUST_02113,46,Female,Arusha,Muslim,Sukuma,Secondary,"500,001-1,000,000",Airtel Money,2,0.31,0.56,0.62,0.3,Tecno,China,Mid-Range,New,250789,6.4,Online,Cash,0,1,0.649,0.397,0.9,0.526,1.0,1.0,0.684,0.73,0
CUST_01706,23,Female,Dodoma,Muslim,Others,Secondary,"200,000-500,000",M-Pesa,3,0.22,0.91,0.69,0.5,Huawei,China,Premium,New,2441282,9.8,Physical Store,Mobile Money,0,2,0.0,0.676,0.9,0.556,1.0,1.0,0.568,0.5,0
CUST_04154,20,Female,Arusha,Christian,Others,Primary,"500,001-1,000,000",M-Pesa,5,0.44,0.73,0.52,0.3,Itel,China,Budget,Used,176284,3.2,Physical Store,Cash,0,12,0.142,0.166,1.0,0.853,0.6,1.0,0.412,0.56,1
CUST_04359,32,Female,Mbeya,Christian,Nyamwezi,Primary,"200,000-500,000",Airtel Money,1,0.09,0.79,0.44,0.5,Samsung,South Korea,Premium,New,1049262,9.9,Online,Cash,0,2,0.309,0.436,1.0,0.603,1.0,1.0,0.58,0.78,1
CUST_02020,23,Female,Dar es Salaam,Christian,Others,Diploma,"<200,000",Airtel Money,5,0.03,0.75,0.54,0.0,Xiaomi,China,Mid-Range,New,253686,7.6,Mobile,Mobile Money,0,2,0.524,0.41,1.0,0.948,1.0,1.0,0.682,0.81,1
CUST_04736,29,Female,Mbeya,Christian,Others,Diploma,"200,000-500,000",M-Pesa,3,0.44,0.86,0.52,0.3,Infinix,China,Mid-Range,New,275382,6.5,Physical Store,Card,0,2,0.408,0.338,1.0,0.544,1.0,1.0,0.636,0.73,1
CUST_00915,15,Female,Dodoma,Muslim,Others,No formal,"1,000,001-2,000,000",M-Pesa,4,0.25,0.12,0.78,0.0,Apple,USA,Premium,New,980980,8.5,Physical Store,Card,1,2,0.902,0.663,0.9,0.754,1.0,1.0,0.529,0.71,1
CUST_01673,30,Male,Dodoma,Christian,Others,Diploma,"<200,000",M-Pesa,3,0.16,0.75,0.89,0.3,Xiaomi,China,Mid-Range,New,313885,6.0,Online,Mobile Money,0,1,0.411,0.534,1.0,0.684,1.0,1.0,0.466,0.7,1
CUST_03650,57,Female,Arusha,Christian,Nyamwezi,Primary,"200,000-500,000",None,2,0.26,0.99,0.4,0.5,Apple,USA,Premium,Used,961244,8.4,Physical Store,Cash,0,2,0.207,0.336,1.0,0.787,0.6,1.0,0.304,0.71,1
CUST_03019,16,Female,Mwanza,Muslim,Others,Secondary,"<200,000",Tigo Pesa,4,0.34,0.76,0.61,0.3,Xiaomi,China,Mid-Range,New,480789,6.0,Physical Store,Cash,1,1,0.087,0.366,0.9,0.603,1.0,1.0,0.446,0.66,1
CUST_00420,38,Female,Morogoro,Christian,Others,Bachelor,"200,000-500,000",Tigo Pesa,2,0.23,0.98,0.61,0.5,Infinix,China,Mid-Range,New,509600,6.3,Physical Store,Cash,0,2,0.0,0.384,1.0,0.713,1.0,1.0,0.379,0.68,1
CUST_02710,30,Male,Zanzibar,Muslim,Gogo,No formal,"1,000,001-2,000,000",Tigo Pesa,3,0.37,0.14,0.38,0.5,Xiaomi,China,Mid-Range,New,421680,7.3,Physical Store,Cash,0,2,0.852,0.277,0.9,0.796,1.0,1.0,0.594,0.75,1
CUST_04137,40,Male,Dodoma,Christian,Nyamwezi,Secondary,"200,000-500,000",Halopesa,3,0.34,0.9,0.88,0.3,Apple,USA,Premium,New,2290751,9.5,Physical Store,Mobile Money,1,1,0.0,0.836,1.0,0.836,1.0,1.0,0.728,0.51,1
CUST_02701,15,Female,Dar es Salaam,Christian,Others,No formal,"200,000-500,000",M-Pesa,3,0.27,0.89,0.81,0.0,Tecno,China,Mid-Range,New,348507,7.2,Physical Store,Cash,0,2,0.225,0.583,1.0,0.95,1.0,1.0,0.653,0.76,1
CUST_01552,15,Female,Dar es Salaam,Muslim,Chagga,Primary,"500,001-1,000,000",Tigo Pesa,4,0.28,0.74,0.67,0.5,Nokia,Finland,Mid-Range,New,327454,6.5,Physical Store,Cash,0,2,0.394,0.436,0.9,0.897,1.0,1.0,0.473,0.72,1
CUST_03658,32,Female,Morogoro,Muslim,Sukuma,Diploma,"200,000-500,000",M-Pesa,4,0.37,0.93,0.8,1.0,Nokia,Finland,Mid-Range,New,384680,6.0,Mobile,Cash,0,12,0.106,0.48,0.9,0.8,1.0,0.8,0.367,0.68,1
CUST_00137,26,Female,Arusha,Other,Haya,Primary,"500,001-1,000,000",M-Pesa,2,0.23,0.41,0.36,0.3,Samsung,South Korea,Premium,New,1028791,8.0,Physical Store,Cash,0,1,0.648,0.288,1.0,1.105,1.0,1.0,0.834,0.67,1
CUST_01818,23,Male,Mwanza,Christian,Chagga,Secondary,"<200,000",Halopesa,1,0.07,0.74,0.41,0.3,Tecno,China,Mid-Range,New,482591,6.7,Physical Store,Mobile Money,1,2,0.107,0.275,1.0,0.655,1.0,1.0,0.43,0.71,1
CUST_00367,22,Female,Arusha,Christian,Gogo,Secondary,"200,000-500,000",Tigo Pesa,2,0.22,0.73,0.88,0.0,Huawei,China,Premium,New,1398911,8.9,Physical Store,Mobile Money,1,12,0.149,0.783,1.0,0.677,1.0,1.0,0.741,0.65,1
CUST_00621,37,Female,Dar es Salaam,Muslim,Makonde,Primary,"200,000-500,000",Tigo Pesa,3,0.59,0.99,0.46,0.5,Tecno,China,Mid-Range,Used,171618,5.8,Physical Store,Mobile Money,0,2,0.575,0.267,0.9,0.769,0.6,1.0,0.416,0.71,1
CUST_03926,29,Female,Dodoma,Muslim,Others,Bachelor,"<200,000",M-Pesa,2,0.21,0.83,0.79,0.7,Apple,USA,Premium,New,1883457,8.6,Online,Mobile Money,0,2,0.0,0.679,0.9,0.77,1.0,1.0,0.549,0.54,1
CUST_03049,15,Female,Dar es Salaam,Christian,Others,Secondary,"200,000-500,000",Airtel Money,4,0.49,0.75,0.7,0.7,Nokia,Finland,Mid-Range,New,267854,7.5,Mobile,Mobile Money,1,2,0.498,0.525,1.0,0.914,1.0,1.0,0.715,0.8,1
CUST_02453,20,Male,Dodoma,Other,Others,Diploma,"200,000-500,000",None,3,0.18,0.99,0.48,0.3,Samsung,South Korea,Premium,New,1170812,9.8,Physical Store,Mobile Money,0,2,0.034,0.47,1.0,0.885,1.0,1.0,0.594,0.75,0
CUST_00096,39,Male,Mbeya,Christian,Sukuma,Diploma,"<200,000",M-Pesa,2,0.19,0.94,0.44,0.5,Xiaomi,China,Mid-Range,Used,252896,5.4,Physical Store,Cash,1,2,0.406,0.238,1.0,0.811,0.6,1.0,0.625,0.67,1
CUST_02695,32,Male,Mbeya,Christian,Others,Primary,"<200,000",M-Pesa,3,0.11,0.89,0.85,0.7,Huawei,China,Premium,New,2276178,8.1,Physical Store,Mobile Money,1,2,0.0,0.688,1.0,0.616,1.0,1.0,0.492,0.43,1
CUST_00920,32,Male,Arusha,Muslim,Others,Secondary,"<200,000",M-Pesa,4,0.38,0.72,0.52,0.3,Infinix,China,Mid-Range,New,295616,7.1,Physical Store,Mobile Money,0,10,0.468,0.369,0.9,0.854,1.0,1.0,0.659,0.77,1
CUST_03256,25,Female,Zanzibar,Christian,Haya,Primary,"500,001-1,000,000",M-Pesa,3,0.34,0.74,0.8,0.0,Itel,China,Budget,New,85449,6.0,Physical Store,Cash,0,2,0.578,0.48,1.0,0.675,1.0,1.0,0.74,0.74,1
CUST_04188,40,Male,Zanzibar,Muslim,Others,Primary,">2,000,000",Halopesa,2,0.21,0.37,0.61,0.7,Oppo,China,Mid-Range,New,580032,6.3,Physical Store,Mobile Money,0,1,0.463,0.384,0.9,0.866,1.0,1.0,0.5,0.66,1
CUST_00572,25,Female,Mwanza,Christian,Nyamwezi,Primary,"<200,000",Airtel Money,4,0.42,0.91,0.45,0.7,Tecno,China,Mid-Range,New,588045,7.0,Online,Mobile Money,1,11,0.0,0.315,1.0,0.712,1.0,1.0,0.552,0.7,1
CUST_01371,29,Female,Mwanza,Muslim,Chagga,Diploma,"200,000-500,000",M-Pesa,3,0.41,0.83,0.72,0.7,Vivo,China,Mid-Range,New,326661,7.9,Physical Store,Cash,0,1,0.322,0.569,0.9,0.589,1.0,1.0,0.623,0.81,1
CUST_03490,49,Female,Dar es Salaam,Christian,Nyamwezi,No formal,"200,000-500,000",Tigo Pesa,5,0.27,0.95,0.53,0.0,Tecno,China,Mid-Range,New,598716,6.2,Physical Store,Mobile Money,0,2,0.0,0.329,1.0,0.752,1.0,1.0,0.283,0.65,1
CUST_01260,30,Female,Dar es Salaam,Muslim,Others,No formal,"200,000-500,000",Tigo Pesa,2,0.24,0.95,0.48,0.7,Infinix,China,Mid-Range,New,577332,6.3,Mobile,Cash,0,2,0.0,0.302,0.9,0.557,1.0,1.0,0.488,0.66,1
CUST_02818,27,Male,Mwanza,Muslim,Sukuma,Bachelor,"200,000-500,000",None,1,0.34,0.97,0.7,0.7,Apple,USA,Premium,Used,799105,7.3,Physical Store,Mobile Money,1,2,0.354,0.511,0.9,0.7,0.6,1.0,0.522,0.68,1
CUST_02473,15,Male,Tanga,Christian,Sukuma,Diploma,"1,000,001-2,000,000",None,3,0.4,0.2,0.87,0.5,Nokia,Finland,Mid-Range,New,464182,6.3,Physical Store,Mobile Money,0,12,0.768,0.548,1.0,0.79,1.0,1.0,0.807,0.69,1
CUST_03969,23,Female,Dodoma,Christian,Others,Diploma,"200,000-500,000",Airtel Money,3,0.65,0.9,0.87,0.3,Apple,USA,Premium,New,1390196,9.3,Physical Store,Cash,0,2,0.0,0.809,1.0,0.839,1.0,1.0,0.67,0.68,1
CUST_04877,15,Male,Dar es Salaam,Muslim,Others,No formal,"500,001-1,000,000",Halopesa,4,0.1,0.5,0.74,0.0,Huawei,China,Premium,New,992852,8.2,Physical Store,Mobile Money,0,11,0.586,0.607,0.9,0.574,1.0,1.0,0.837,0.69,1
CUST_01212,24,Female,Arusha,Christian,Others,Secondary,"<200,000",M-Pesa,2,0.19,0.88,0.66,0.3,Oppo,China,Mid-Range,New,576489,7.0,Online,Cash,0,2,0.0,0.462,1.0,0.943,1.0,1.0,0.662,0.7,1
CUST_04739,34,Male,Morogoro,Christian,Gogo,Diploma,"200,000-500,000",Halopesa,4,0.21,0.75,0.82,0.7,Infinix,China,Mid-Range,New,301124,6.5,Physical Store,Cash,0,2,0.435,0.533,1.0,0.921,1.0,1.0,0.597,0.73,1
CUST_03638,28,Male,Dar es Salaam,Christian,Others,No formal,"500,001-1,000,000",Airtel Money,3,0.35,0.61,0.88,0.3,Infinix,China,Mid-Range,New,436897,7.9,Physical Store,Mobile Money,0,2,0.334,0.695,1.0,0.82,1.0,1.0,0.69,0.79,1
CUST_02834,24,Male,Mwanza,Christian,Sukuma,Primary,"1,000,001-2,000,000",Airtel Money,5,0.11,0.37,0.41,0.5,Nokia,Finland,Mid-Range,New,348810,7.6,Physical Store,Card,0,2,0.677,0.312,1.0,0.617,1.0,1.0,0.578,0.79,1
CUST_01772,19,Male,Dodoma,Other,Gogo,Diploma,"200,000-500,000",Halopesa,3,0.2,0.77,0.47,0.5,Vivo,China,Mid-Range,New,318022,7.5,Physical Store,Cash,1,10,0.388,0.352,1.0,0.942,1.0,1.0,0.443,0.79,1
CUST_02861,35,Female,Mwanza,Christian,Chagga,Secondary,"200,000-500,000",Tigo Pesa,3,0.15,1.0,0.52,0.3,Huawei,China,Premium,Used,1485358,8.1,Physical Store,Mobile Money,0,1,0.0,0.421,1.0,0.867,0.6,1.0,0.574,0.59,1
CUST_03553,15,Female,Dar es Salaam,Muslim,Others,No formal,"500,001-1,000,000",Airtel Money,3,0.05,0.46,0.52,0.3,Apple,USA,Premium,New,1097037,9.0,Physical Store,Mobile Money,0,2,0.579,0.468,0.9,0.771,1.0,1.0,0.642,0.72,1
CUST_01763,28,Female,Zanzibar,Christian,Makonde,Secondary,"500,001-1,000,000",Airtel Money,4,0.38,0.47,0.79,0.3,Tecno,China,Mid-Range,New,410745,6.1,Physical Store,Card,0,1,0.517,0.482,1.0,0.815,1.0,1.0,0.734,0.68,0
CUST_04134,20,Female,Dodoma,Christian,Others,Primary,"<200,000",M-Pesa,4,0.15,0.76,0.89,0.0,Vivo,China,Mid-Range,New,458398,7.3,Physical Store,Mobile Money,1,2,0.129,0.65,1.0,0.503,1.0,1.0,0.641,0.75,1
CUST_04859,21,Male,Morogoro,Muslim,Sukuma,Primary,"200,000-500,000",Airtel Money,4,0.41,0.77,0.84,0.3,Huawei,China,Premium,New,1234911,8.7,Physical Store,Cash,1,1,0.208,0.731,0.9,0.612,1.0,1.0,0.66,0.68,1
CUST_02242,21,Female,Mbeya,Muslim,Others,Diploma,"1,000,001-2,000,000",Halopesa,2,0.47,0.22,0.89,0.3,Itel,China,Budget,New,99654,5.0,Physical Store,Mobile Money,0,2,0.854,0.445,0.9,0.618,1.0,1.0,0.875,0.68,1
CUST_01114,41,Female,Zanzibar,Christian,Others,Primary,"200,000-500,000",Airtel Money,4,0.44,0.99,0.61,0.7,Infinix,China,Mid-Range,New,487240,7.3,Mobile,Mobile Money,1,2,0.0,0.445,1.0,0.896,1.0,1.0,0.412,0.74,1
CUST_00777,15,Male,Mwanza,Muslim,Nyamwezi,Primary,"<200,000",Halopesa,5,0.22,0.76,0.48,0.3,Itel,China,Budget,New,179581,4.8,Physical Store,Mobile Money,0,2,0.09,0.23,0.9,0.869,1.0,1.0,0.379,0.65,1
CUST_04227,15,Female,Arusha,Muslim,Others,Diploma,"500,001-1,000,000",Tigo Pesa,2,0.07,0.67,0.54,0.0,Samsung,South Korea,Premium,New,1438819,9.7,Online,Cash,1,12,0.197,0.524,0.9,1.119,1.0,1.0,0.616,0.69,1
CUST_00862,15,Male,Mbeya,Christian,Others,Diploma,"1,000,001-2,000,000",M-Pesa,3,0.24,0.39,0.34,0.3,Samsung,South Korea,Premium,New,791662,9.1,Mobile,Cash,1,2,0.743,0.309,1.0,0.674,1.0,1.0,0.543,0.79,1
CUST_02706,26,Female,Mbeya,Christian,Gogo,Secondary,"500,001-1,000,000",Airtel Money,4,0.43,0.48,0.8,0.3,Nokia,Finland,Mid-Range,New,336608,7.5,Physical Store,Card,0,2,0.596,0.6,1.0,0.515,1.0,1.0,0.743,0.78,1
CUST_00657,15,Male,Arusha,Muslim,Sukuma,No formal,"<200,000",Airtel Money,4,0.65,0.92,0.75,0.0,Huawei,China,Premium,New,1003603,8.4,Physical Store,Mobile Money,0,2,0.231,0.63,0.9,0.994,1.0,1.0,0.608,0.7,0
CUST_00826,23,Male,Zanzibar,Muslim,Gogo,Primary,"1,000,001-2,000,000",M-Pesa,3,0.26,0.36,0.51,0.3,Nokia,Finland,Mid-Range,New,484302,6.8,Physical Store,Mobile Money,0,1,0.564,0.347,0.9,0.749,1.0,1.0,0.636,0.71,1
CUST_03656,23,Male,Mwanza,Other,Others,Diploma,"500,001-1,000,000",None,5,0.34,0.43,0.52,0.3,Samsung,South Korea,Premium,New,2269221,9.9,Mobile,Mobile Money,1,2,0.187,0.515,1.0,1.122,1.0,1.0,0.75,0.54,0
CUST_00235,23,Male,Dar es Salaam,Muslim,Others,Primary,"<200,000",Airtel Money,5,0.25,0.83,0.33,0.0,Samsung,South Korea,Premium,New,1977873,9.6,Physical Store,Mobile Money,0,2,0.0,0.317,0.9,1.152,1.0,1.0,0.469,0.58,1
CUST_00409,15,Female,Tanga,Muslim,Sukuma,Primary,"200,000-500,000",M-Pesa,3,0.22,0.8,0.81,0.3,Samsung,South Korea,Premium,New,1267758,9.1,Mobile,Cash,0,2,0.155,0.737,0.9,0.907,1.0,1.0,0.701,0.69,1
CUST_03168,26,Male,Mbeya,Christian,Sukuma,No formal,">2,000,000",M-Pesa,4,0.3,0.45,0.85,0.5,Infinix,China,Mid-Range,New,505999,6.0,Physical Store,Mobile Money,1,2,0.431,0.51,1.0,0.759,1.0,1.0,0.599,0.66,1
CUST_01221,25,Male,Zanzibar,Christian,Sukuma,Bachelor,"200,000-500,000",Tigo Pesa,3,0.22,0.71,0.86,0.7,Tecno,China,Mid-Range,New,333463,6.1,Physical Store,Cash,0,2,0.408,0.525,1.0,0.606,1.0,1.0,0.733,0.7,0
CUST_00934,15,Female,Morogoro,Christian,Others,Primary,"200,000-500,000",Tigo Pesa,4,0.18,0.89,0.34,0.0,Huawei,China,Premium,New,1630355,8.2,Mobile,Mobile Money,1,2,0.0,0.279,1.0,0.897,1.0,1.0,0.622,0.57,1
CUST_01096,44,Female,Mwanza,Muslim,Sukuma,Secondary,"200,000-500,000",Halopesa,5,0.41,0.82,0.68,0.5,Tecno,China,Mid-Range,New,493013,7.5,Online,Mobile Money,0,2,0.0,0.51,0.9,0.646,1.0,1.0,0.605,0.75,1
CUST_03777,28,Female,Mwanza,Christian,Others,Primary,"500,001-1,000,000",M-Pesa,5,0.19,0.55,0.84,0.3,Xiaomi,China,Mid-Range,New,436033,6.1,Physical Store,Mobile Money,0,2,0.4,0.512,1.0,0.868,1.0,1.0,0.604,0.68,1
CUST_04835,25,Female,Dar es Salaam,Christian,Haya,No formal,"<200,000",Airtel Money,2,0.15,0.74,0.87,0.5,Samsung,South Korea,Premium,New,969369,8.4,Physical Store,Cash,0,12,0.402,0.731,1.0,1.109,1.0,1.0,0.658,0.71,0
CUST_01689,20,Female,Dar es Salaam,Christian,Others,Primary,"<200,000",M-Pesa,2,0.32,0.99,0.52,0.0,Samsung,South Korea,Premium,New,1377882,8.7,Physical Store,Cash,0,2,0.0,0.452,1.0,0.97,1.0,1.0,0.457,0.65,1
CUST_03620,27,Female,Zanzibar,Other,Others,Diploma,"200,000-500,000",M-Pesa,4,0.44,0.75,0.47,0.3,Nokia,Finland,Mid-Range,Used,471260,6.5,Physical Store,Card,0,2,0.116,0.306,1.0,0.573,0.6,1.0,0.501,0.7,1
CUST_01076,40,Female,Dodoma,Christian,Others,Primary,"<200,000",M-Pesa,3,0.32,0.94,0.77,0.5,Samsung,South Korea,Premium,New,1024305,9.3,Physical Store,Mobile Money,1,1,0.198,0.716,1.0,1.173,1.0,1.0,0.73,0.75,1
CUST_03368,35,Female,Mwanza,Christian,Others,Secondary,"<200,000",Tigo Pesa,4,0.64,0.84,0.46,0.3,Nokia,Finland,Mid-Range,New,476604,7.2,Physical Store,Cash,1,1,0.0,0.331,1.0,0.896,1.0,1.0,0.508,0.74,1
CUST_02783,28,Male,Dar es Salaam,Christian,Haya,Diploma,"200,000-500,000",M-Pesa,4,0.04,0.97,0.5,0.3,Itel,China,Budget,New,198309,4.5,Online,Mobile Money,0,1,0.0,0.225,1.0,0.519,1.0,1.0,0.289,0.63,0
CUST_01081,34,Male,Arusha,Christian,Others,Primary,"<200,000",M-Pesa,3,0.26,0.9,0.36,0.5,Nokia,Finland,Mid-Range,Used,464261,6.9,Physical Store,Card,0,12,0.0,0.248,1.0,0.78,0.6,1.0,0.413,0.72,1
CUST_04459,32,Female,Dar es Salaam,Christian,Gogo,Diploma,"500,001-1,000,000",None,3,0.15,0.56,0.34,0.5,Nokia,Finland,Mid-Range,Used,142473,5.4,Physical Store,Cash,1,2,0.801,0.184,1.0,0.633,0.6,1.0,0.534,0.7,1
CUST_01093,36,Female,Dodoma,Christian,Sukuma,Primary,"500,001-1,000,000",M-Pesa,3,0.1,0.62,0.7,0.0,Itel,China,Budget,Used,64388,3.6,Physical Store,Cash,1,2,0.734,0.252,1.0,0.646,0.6,1.0,0.643,0.6,1
CUST_04693,25,Male,Mbeya,Christian,Others,No formal,"200,000-500,000",Halopesa,4,0.26,0.73,0.45,0.3,Nokia,Finland,Mid-Range,New,565772,7.3,Physical Store,Cash,0,2,0.0,0.328,1.0,0.795,1.0,1.0,0.345,0.72,1
CUST_01067,31,Male,Tanga,Muslim,Gogo,Secondary,"1,000,001-2,000,000",M-Pesa,3,0.22,0.5,0.79,0.5,Infinix,China,Mid-Range,New,299952,6.4,Physical Store,Mobile Money,0,2,0.625,0.506,0.9,0.851,1.0,1.0,0.859,0.72,0
CUST_02799,38,Male,Zanzibar,Christian,Others,Diploma,"200,000-500,000",Tigo Pesa,3,0.15,0.74,0.41,0.0,Huawei,China,Premium,New,709289,9.1,Physical Store,Cash,1,12,0.563,0.373,1.0,0.807,1.0,1.0,0.795,0.8,0
CUST_04644,20,Male,Arusha,Christian,Haya,Secondary,"<200,000",M-Pesa,2,0.43,0.83,0.42,0.7,Apple,USA,Premium,New,1729483,10.0,Physical Store,Mobile Money,0,2,0.0,0.42,1.0,0.986,1.0,1.0,0.559,0.65,1
CUST_04966,17,Female,Mwanza,Christian,Others,Secondary,"<200,000",Airtel Money,1,0.38,0.94,0.47,1.0,Itel,China,Budget,New,207024,5.5,Physical Store,Cash,0,11,0.0,0.258,1.0,0.941,1.0,0.8,0.572,0.69,1
CUST_01482,48,Male,Arusha,Christian,Others,No formal,"200,000-500,000",Halopesa,3,0.24,0.79,0.55,0.3,Nokia,Finland,Mid-Range,New,484380,6.2,Physical Store,Mobile Money,0,2,0.043,0.341,1.0,0.762,1.0,1.0,0.447,0.68,1
CUST_00253,18,Female,Mwanza,Christian,Others,Secondary,"200,000-500,000",Tigo Pesa,2,0.17,0.83,0.69,0.0,Nokia,Finland,Mid-Range,New,391407,7.7,Online,Cash,0,1,0.188,0.531,1.0,0.825,1.0,1.0,0.579,0.78,0
CUST_02298,38,Female,Dodoma,Muslim,Sukuma,No formal,"<200,000",Tigo Pesa,3,0.12,0.83,0.8,0.3,Samsung,South Korea,Premium,New,1718350,9.9,Physical Store,Mobile Money,0,1,0.0,0.792,0.9,0.756,1.0,1.0,0.694,0.65,1
CUST_00302,51,Male,Mbeya,Muslim,Makonde,Secondary,"200,000-500,000",M-Pesa,2,0.4,0.93,0.34,0.5,Infinix,China,Mid-Range,New,563393,7.1,Mobile,Cash,0,2,0.0,0.241,0.9,0.85,1.0,1.0,0.374,0.71,1
CUST_03890,15,Male,Zanzibar,Christian,Sukuma,Secondary,"<200,000",None,4,0.7,0.78,0.34,0.5,Apple,USA,Premium,New,825000,8.0,Physical Store,Mobile Money,0,2,0.464,0.272,1.0,1.134,1.0,1.0,0.832,0.72,1
CUST_03207,48,Male,Morogoro,Muslim,Haya,Bachelor,"200,000-500,000",Tigo Pesa,2,0.45,0.94,0.81,0.3,Oppo,China,Mid-Range,New,441521,7.6,Mobile,Mobile Money,0,2,0.0,0.616,0.9,0.682,1.0,1.0,0.418,0.77,1
CUST_01550,24,Male,Mwanza,Christian,Nyamwezi,Primary,"500,001-1,000,000",M-Pesa,5,0.49,0.59,0.5,0.3,Nokia,Finland,Mid-Range,Used,138288,5.3,Physical Store,Mobile Money,1,12,0.796,0.265,1.0,0.502,0.6,1.0,0.724,0.69,0
CUST_02134,26,Male,Dar es Salaam,Christian,Others,Secondary,"1,000,001-2,000,000",None,1,0.46,0.44,0.57,0.3,Tecno,China,Mid-Range,New,557841,7.5,Physical Store,Mobile Money,0,1,0.386,0.428,1.0,0.967,1.0,1.0,0.626,0.74,1
CUST_03501,26,Male,Dar es Salaam,Muslim,Nyamwezi,Primary,"200,000-500,000",M-Pesa,4,0.47,0.96,0.35,0.5,Infinix,China,Mid-Range,Used,209192,5.0,Online,Cash,0,1,0.498,0.175,0.9,0.689,0.6,1.0,0.646,0.66,1
CUST_02639,19,Male,Mbeya,Christian,Others,Primary,"200,000-500,000",M-Pesa,4,0.37,0.84,0.87,0.0,Infinix,China,Mid-Range,New,485223,6.6,Physical Store,Mobile Money,0,11,0.0,0.574,1.0,0.739,1.0,1.0,0.416,0.7,0
CUST_02286,20,Female,Arusha,Muslim,Haya,Bachelor,"200,000-500,000",M-Pesa,4,0.2,0.98,0.43,0.5,Xiaomi,China,Mid-Range,New,469739,7.7,Physical Store,Mobile Money,0,1,0.0,0.331,0.9,0.802,1.0,1.0,0.507,0.77,1
CUST_00004,38,Female,Dodoma,Muslim,Others,Bachelor,"<200,000",M-Pesa,1,0.25,0.81,0.47,0.5,Vivo,China,Mid-Range,New,293589,8.0,Physical Store,Cash,0,11,0.405,0.376,0.9,0.608,1.0,1.0,0.559,0.82,1
CUST_04741,15,Male,Zanzibar,Muslim,Others,Primary,"500,001-1,000,000",Airtel Money,2,0.44,0.77,0.68,0.3,Infinix,China,Mid-Range,Used,331196,5.8,Physical Store,Cash,1,2,0.362,0.394,0.9,0.524,0.6,1.0,0.524,0.68,1
CUST_00233,15,Female,Arusha,Christian,Others,Primary,"500,001-1,000,000",M-Pesa,4,0.52,0.41,0.66,0.5,Apple,USA,Premium,New,1570573,9.2,Online,Cash,0,2,0.463,0.607,1.0,0.718,1.0,1.0,0.478,0.64,1
CUST_02528,36,Female,Arusha,Christian,Makonde,No formal,"500,001-1,000,000",Airtel Money,3,0.23,0.69,0.38,0.7,Samsung,South Korea,Premium,New,2062362,9.6,Online,Mobile Money,0,2,0.0,0.365,1.0,1.174,1.0,1.0,0.409,0.56,1
CUST_03551,16,Female,Arusha,Christian,Others,Primary,"<200,000",Airtel Money,5,0.26,0.7,0.49,1.0,Samsung,South Korea,Premium,New,1700162,9.3,Physical Store,Mobile Money,1,2,0.008,0.456,1.0,0.769,1.0,0.8,0.636,0.62,1
CUST_02125,29,Male,Dodoma,Christian,Haya,Secondary,"500,001-1,000,000",Airtel Money,5,0.25,0.77,0.88,0.7,Samsung,South Korea,Premium,New,2294317,9.1,Physical Store,Cash,0,2,0.0,0.801,1.0,1.028,1.0,1.0,0.664,0.49,0
CUST_02588,43,Male,Morogoro,Christian,Nyamwezi,No formal,"<200,000",M-Pesa,3,0.41,0.79,0.37,0.0,Samsung,South Korea,Premium,New,2109664,8.6,Physical Store,Mobile Money,0,2,0.0,0.318,1.0,1.013,1.0,1.0,0.375,0.49,1
CUST_04394,19,Female,Dar es Salaam,Christian,Others,No formal,"200,000-500,000",Halopesa,5,0.16,0.75,0.56,0.0,Oppo,China,Mid-Range,New,434305,7.6,Physical Store,Cash,0,2,0.186,0.426,1.0,0.72,1.0,1.0,0.319,0.77,1
CUST_03846,22,Female,Dar es Salaam,Muslim,Gogo,Primary,"200,000-500,000",Tigo Pesa,3,0.25,0.92,0.58,0.0,Tecno,China,Mid-Range,Used,233726,5.1,Online,Cash,0,1,0.462,0.296,0.9,0.613,0.6,1.0,0.748,0.66,1
CUST_00958,18,Male,Dar es Salaam,Muslim,Others,Diploma,">2,000,000",Tigo Pesa,3,0.59,0.13,0.45,0.0,Nokia,Finland,Mid-Range,New,471481,7.8,Physical Store,Mobile Money,1,2,0.847,0.351,0.9,0.794,1.0,1.0,0.671,0.77,1
CUST_01465,26,Female,Arusha,Christian,Gogo,No formal,"500,001-1,000,000",Halopesa,5,0.44,0.45,0.8,0.0,Nokia,Finland,Mid-Range,New,443299,6.2,Physical Store,Cash,1,2,0.501,0.496,1.0,0.756,1.0,1.0,0.752,0.68,1
CUST_03196,32,Male,Arusha,Christian,Others,Secondary,"1,000,001-2,000,000",M-Pesa,4,0.22,0.3,0.81,0.0,Apple,USA,Premium,New,2216923,8.1,Physical Store,Mobile Money,0,1,0.446,0.656,1.0,0.761,1.0,1.0,0.823,0.44,1
CUST_00321,20,Male,Tanga,Christian,Others,Primary,"1,000,001-2,000,000",M-Pesa,5,0.3,0.49,0.57,0.3,Samsung,South Korea,Premium,New,2162905,9.2,Mobile,Cash,1,2,0.117,0.524,1.0,1.11,1.0,1.0,0.645,0.52,1
CUST_03318,26,Female,Arusha,Christian,Others,Primary,"200,000-500,000",M-Pesa,3,0.12,0.93,0.41,0.3,Nokia,Finland,Mid-Range,New,388227,8.0,Physical Store,Cash,1,10,0.097,0.328,1.0,0.749,1.0,1.0,0.427,0.8,1
CUST_02032,15,Male,Dar es Salaam,Christian,Makonde,No formal,"200,000-500,000",M-Pesa,5,0.31,0.71,0.59,0.3,Tecno,China,Mid-Range,Used,353939,6.8,Online,Card,1,2,0.372,0.401,1.0,0.72,0.6,1.0,0.565,0.74,0
CUST_03615,32,Male,Arusha,Christian,Haya,Primary,">2,000,000",M-Pesa,4,0.53,0.29,0.53,0.3,Infinix,China,Mid-Range,New,481066,7.6,Physical Store,Mobile Money,0,1,0.651,0.403,1.0,0.548,1.0,1.0,0.626,0.76,1
CUST_02901,28,Male,Mwanza,Christian,Haya,Bachelor,"<200,000",M-Pesa,3,0.48,0.82,0.7,0.5,Infinix,China,Mid-Range,New,351955,6.2,Physical Store,Card,0,1,0.278,0.434,1.0,0.921,1.0,1.0,0.524,0.7,1
CUST_01875,16,Male,Dar es Salaam,Christian,Nyamwezi,Primary,"500,001-1,000,000",None,3,0.34,0.51,0.54,0.5,Apple,USA,Premium,New,1939603,9.1,Online,Cash,0,12,0.176,0.491,1.0,0.715,1.0,1.0,0.46,0.56,1
CUST_02280,40,Male,Mwanza,Christian,Sukuma,Primary,"1,000,001-2,000,000",None,4,0.16,0.27,0.71,0.5,Tecno,China,Mid-Range,New,425743,7.5,Physical Store,Mobile Money,0,2,0.713,0.532,1.0,0.59,1.0,1.0,0.669,0.76,1
CUST_00428,29,Male,Dodoma,Muslim,Nyamwezi,Secondary,"500,001-1,000,000",Tigo Pesa,3,0.33,0.45,0.76,0.7,Oppo,China,Mid-Range,New,423047,8.0,Physical Store,Cash,0,2,0.524,0.608,0.9,0.958,1.0,1.0,0.632,0.8,1
CUST_03398,25,Male,Morogoro,Christian,Others,Primary,"1,000,001-2,000,000",Airtel Money,3,0.41,0.42,0.46,0.3,Infinix,China,Mid-Range,New,573929,6.4,Physical Store,Cash,0,2,0.397,0.294,1.0,0.582,1.0,1.0,0.579,0.67,1
CUST_01304,23,Female,Morogoro,Christian,Others,Primary,"<200,000",Tigo Pesa,3,0.37,0.82,0.65,0.5,Infinix,China,Mid-Range,New,598295,7.0,Physical Store,Mobile Money,0,1,0.0,0.455,1.0,0.667,1.0,1.0,0.375,0.7,0
CUST_03561,36,Male,Mwanza,Muslim,Chagga,Primary,"200,000-500,000",M-Pesa,3,0.12,0.96,0.5,0.3,Xiaomi,China,Mid-Range,New,317954,7.0,Physical Store,Mobile Money,0,11,0.237,0.35,0.9,0.745,1.0,1.0,0.409,0.76,1
CUST_00806,37,Female,Dar es Salaam,Christian,Gogo,Diploma,"200,000-500,000",Tigo Pesa,3,0.4,0.74,0.53,0.5,Tecno,China,Mid-Range,New,389830,6.3,Physical Store,Cash,0,12,0.279,0.334,1.0,0.672,1.0,1.0,0.51,0.7,1
CUST_02522,29,Male,Mbeya,Muslim,Others,Bachelor,"200,000-500,000",M-Pesa,3,0.04,0.93,0.69,0.5,Huawei,China,Premium,New,664430,8.4,Online,Cash,0,2,0.485,0.58,0.9,0.566,1.0,1.0,0.582,0.77,1
CUST_00560,33,Male,Dar es Salaam,Christian,Makonde,Primary,"200,000-500,000",M-Pesa,3,0.1,0.93,0.37,0.3,Infinix,China,Mid-Range,New,366253,6.4,Physical Store,Cash,0,2,0.148,0.237,1.0,0.746,1.0,1.0,0.327,0.71,0
CUST_00325,16,Female,Arusha,Christian,Others,Diploma,"1,000,001-2,000,000",Airtel Money,3,0.16,0.1,0.55,0.3,Samsung,South Korea,Premium,New,1460327,9.8,Mobile,Cash,1,2,0.878,0.539,1.0,0.92,1.0,1.0,0.764,0.7,0
CUST_03208,38,Female,Mwanza,Muslim,Others,No formal,"500,001-1,000,000",M-Pesa,4,0.31,0.53,0.75,0.3,Huawei,China,Premium,New,942010,9.9,Physical Store,Mobile Money,0,2,0.584,0.742,0.9,0.807,1.0,1.0,0.651,0.81,1
CUST_00826,23,Male,Zanzibar,Muslim,Gogo,Primary,"1,000,001-2,000,000",M-Pesa,3,0.26,0.36,0.51,0.3,Tecno,China,Mid-Range,New,359366,7.2,Physical Store,Mobile Money,0,11,0.677,0.367,0.9,0.808,1.0,1.0,0.589,0.76,1
CUST_02716,24,Female,Dodoma,Christian,Others,Diploma,"1,000,001-2,000,000",Halopesa,5,0.38,0.23,0.71,0.0,Apple,USA,Premium,New,947887,8.9,Physical Store,Cash,0,1,0.818,0.632,1.0,1.053,1.0,1.0,0.782,0.74,1
CUST_02807,27,Male,Dar es Salaam,Muslim,Others,Primary,"200,000-500,000",M-Pesa,2,0.34,0.91,0.73,0.3,Xiaomi,China,Mid-Range,New,496641,7.5,Online,Card,0,12,0.0,0.548,0.9,0.774,1.0,1.0,0.626,0.75,0
CUST_04963,22,Female,Zanzibar,Muslim,Nyamwezi,Bachelor,"200,000-500,000",M-Pesa,5,0.44,0.88,0.8,0.5,Samsung,South Korea,Premium,New,1159975,9.9,Online,Cash,0,2,0.149,0.792,0.9,0.64,1.0,1.0,0.74,0.76,1
CUST_03698,34,Female,Morogoro,Muslim,Sukuma,Primary,"500,001-1,000,000",M-Pesa,5,0.52,0.6,0.39,0.7,Huawei,China,Premium,New,1614966,9.7,Mobile,Mobile Money,0,1,0.193,0.378,0.9,0.702,1.0,1.0,0.606,0.66,0
CUST_01162,25,Female,Dar es Salaam,Christian,Haya,Primary,"500,001-1,000,000",M-Pesa,4,0.29,0.72,0.41,0.3,Itel,China,Budget,Used,41038,5.2,Physical Store,Cash,1,1,0.803,0.213,1.0,0.97,0.6,1.0,0.735,0.7,1
CUST_04872,25,Female,Dar es Salaam,Christian,Sukuma,No formal,"1,000,001-2,000,000",Airtel Money,5,0.25,0.22,0.75,0.5,Xiaomi,China,Mid-Range,New,453973,6.4,Physical Store,Mobile Money,1,1,0.75,0.48,1.0,0.584,1.0,1.0,0.649,0.69,1
CUST_00102,33,Male,Arusha,Christian,Sukuma,Primary,"200,000-500,000",Tigo Pesa,2,0.23,0.75,0.34,0.5,Nokia,Finland,Mid-Range,New,280406,6.6,Physical Store,Cash,1,1,0.474,0.224,1.0,0.822,1.0,1.0,0.583,0.74,1
CUST_04313,15,Male,Mwanza,Christian,Others,Primary,"<200,000",Tigo Pesa,4,0.36,1.0,0.71,0.5,Samsung,South Korea,Premium,New,1430479,9.3,Online,Cash,0,2,0.0,0.66,1.0,0.856,1.0,1.0,0.72,0.67,1
CUST_04740,28,Male,Dar es Salaam,Christian,Others,Primary,"500,001-1,000,000",Airtel Money,2,0.8,0.57,0.89,0.3,Oppo,China,Mid-Range,New,458615,6.5,Physical Store,Card,0,2,0.346,0.578,1.0,0.645,1.0,1.0,0.514,0.7,1
CUST_01137,15,Female,Arusha,Muslim,Others,Diploma,"500,001-1,000,000",Tigo Pesa,2,0.34,0.51,0.71,1.0,Vivo,China,Mid-Range,New,469299,7.5,Physical Store,Card,1,2,0.402,0.532,0.9,0.547,1.0,0.8,0.72,0.76,1
CUST_04938,20,Female,Mbeya,Muslim,Others,Primary,"<200,000",M-Pesa,4,0.4,0.9,0.52,0.3,Huawei,China,Premium,New,2207925,8.5,Physical Store,Cash,0,1,0.0,0.442,0.9,0.732,1.0,1.0,0.551,0.47,1
CUST_03839,46,Female,Dodoma,Christian,Others,No formal,"200,000-500,000",Tigo Pesa,4,0.09,0.75,0.37,0.0,Nokia,Finland,Mid-Range,New,468070,6.7,Physical Store,Cash,0,2,0.122,0.248,1.0,0.608,1.0,1.0,0.472,0.71,0
CUST_02294,40,Male,Dodoma,Muslim,Others,Bachelor,"500,001-1,000,000",Airtel Money,3,0.02,0.71,0.39,0.5,Tecno,China,Mid-Range,Used,352360,6.6,Online,Card,1,1,0.375,0.257,0.9,0.652,0.6,1.0,0.361,0.73,1
CUST_04930,31,Female,Morogoro,Christian,Gogo,Secondary,"500,001-1,000,000",Airtel Money,5,0.12,0.67,0.35,0.3,Vivo,China,Mid-Range,New,334646,6.7,Physical Store,Mobile Money,0,12,0.439,0.234,1.0,0.624,1.0,1.0,0.567,0.74,1
CUST_03144,31,Female,Mbeya,Christian,Others,Secondary,"200,000-500,000",M-Pesa,4,0.04,0.82,0.44,0.5,Xiaomi,China,Mid-Range,New,457932,7.1,Physical Store,Cash,1,2,0.061,0.312,1.0,0.829,1.0,1.0,0.519,0.73,1
CUST_01446,32,Female,Dodoma,Christian,Nyamwezi,Master+,">2,000,000",Tigo Pesa,2,0.26,0.42,0.47,0.5,Nokia,Finland,Mid-Range,Used,141527,6.4,Mobile,Cash,1,2,0.851,0.301,1.0,0.993,0.6,1.0,0.86,0.76,1
CUST_02454,15,Male,Dar es Salaam,Christian,Gogo,Primary,"500,001-1,000,000",Tigo Pesa,2,0.32,0.8,0.32,0.0,Nokia,Finland,Mid-Range,New,378214,7.9,Physical Store,Cash,0,2,0.244,0.253,1.0,0.528,1.0,1.0,0.419,0.8,1
CUST_01787,34,Female,Dar es Salaam,Muslim,Chagga,Primary,"1,000,001-2,000,000",Halopesa,5,0.43,0.27,0.73,0.3,Huawei,China,Premium,New,664746,8.7,Physical Store,Mobile Money,0,1,0.85,0.635,0.9,0.781,1.0,1.0,0.728,0.79,0
CUST_04315,24,Female,Dodoma,Christian,Others,Secondary,"<200,000",M-Pesa,5,0.49,0.91,0.78,0.3,Infinix,China,Mid-Range,New,392303,6.7,Physical Store,Cash,0,1,0.108,0.523,1.0,0.708,1.0,1.0,0.428,0.72,1
CUST_01841,20,Male,Arusha,Christian,Others,Secondary,"<200,000",Tigo Pesa,3,0.21,1.0,0.36,0.7,Tecno,China,Mid-Range,New,305961,7.7,Physical Store,Card,0,2,0.235,0.277,1.0,0.831,1.0,1.0,0.529,0.8,1
CUST_03780,15,Male,Dar es Salaam,Christian,Others,Diploma,"500,001-1,000,000",Airtel Money,4,0.29,0.66,0.52,0.7,Tecno,China,Mid-Range,Used,337337,6.3,Mobile,Mobile Money,0,1,0.443,0.328,1.0,0.646,0.6,1.0,0.45,0.71,0
CUST_04955,17,Male,Tanga,Christian,Others,Bachelor,"<200,000",M-Pesa,3,0.13,0.77,0.31,0.5,Tecno,China,Mid-Range,New,319182,6.8,Physical Store,Cash,0,2,0.386,0.211,1.0,0.768,1.0,1.0,0.614,0.74,0
CUST_01637,15,Female,Arusha,Christian,Sukuma,Primary,"200,000-500,000",Airtel Money,1,0.42,0.81,0.75,0.3,Samsung,South Korea,Premium,New,924947,9.5,Physical Store,Mobile Money,0,1,0.376,0.712,1.0,0.961,1.0,1.0,0.766,0.79,1
CUST_04341,40,Male,Dar es Salaam,Muslim,Haya,Secondary,"<200,000",Tigo Pesa,3,0.14,0.93,0.88,0.3,Infinix,China,Mid-Range,New,599806,6.4,Physical Store,Cash,0,1,0.0,0.563,0.9,0.941,1.0,1.0,0.486,0.66,1
CUST_02196,22,Female,Dar es Salaam,Christian,Others,Primary,"500,001-1,000,000",Airtel Money,3,0.41,0.44,0.89,0.0,Vivo,China,Mid-Range,Used,349563,6.9,Mobile,Mobile Money,1,12,0.615,0.614,1.0,0.713,0.6,1.0,0.658,0.74,1
CUST_02067,34,Female,Arusha,Muslim,Others,Secondary,"1,000,001-2,000,000",Halopesa,3,0.65,0.19,0.43,0.5,Samsung,South Korea,Premium,New,680761,8.2,Online,Mobile Money,0,2,0.892,0.353,0.9,0.758,1.0,1.0,0.796,0.76,1
CUST_01606,31,Female,Dar es Salaam,Muslim,Others,Diploma,"200,000-500,000",Halopesa,5,0.32,0.97,0.84,0.7,Tecno,China,Mid-Range,New,390011,6.3,Mobile,Card,1,1,0.054,0.529,0.9,0.814,1.0,1.0,0.575,0.7,1
CUST_04745,32,Female,Dar es Salaam,Other,Others,Primary,"200,000-500,000",Tigo Pesa,4,0.47,0.89,0.48,0.7,Samsung,South Korea,Premium,New,1333834,8.9,Online,Mobile Money,0,2,0.011,0.427,1.0,0.772,1.0,1.0,0.529,0.67,1
CUST_01818,23,Male,Mwanza,Christian,Chagga,Secondary,"<200,000",Halopesa,1,0.07,0.74,0.41,0.3,Samsung,South Korea,Premium,New,1404065,8.1,Physical Store,Mobile Money,0,2,0.134,0.332,1.0,1.04,1.0,1.0,0.543,0.61,1
CUST_04818,38,Female,Mwanza,Muslim,Chagga,No formal,"200,000-500,000",M-Pesa,2,0.36,0.91,0.57,0.5,Xiaomi,China,Mid-Range,New,517508,7.2,Physical Store,Cash,0,12,0.0,0.41,0.9,0.795,1.0,1.0,0.584,0.73,1
CUST_00949,19,Female,Mbeya,Muslim,Sukuma,Secondary,"500,001-1,000,000",Halopesa,1,0.41,0.55,0.33,0.3,Nokia,Finland,Mid-Range,New,372736,6.7,Physical Store,Mobile Money,0,2,0.487,0.221,0.9,0.894,1.0,1.0,0.502,0.73,1
CUST_02835,38,Male,Mwanza,Other,Others,Primary,"1,000,001-2,000,000",None,4,0.38,0.47,0.43,0.5,Huawei,China,Premium,New,762676,9.4,Physical Store,Cash,0,1,0.701,0.404,1.0,0.555,1.0,1.0,0.691,0.81,1
CUST_00249,45,Female,Dar es Salaam,Muslim,Sukuma,Diploma,"1,000,001-2,000,000",Tigo Pesa,4,0.42,0.44,0.42,0.0,Infinix,China,Mid-Range,New,590739,7.7,Physical Store,Mobile Money,0,1,0.35,0.323,0.9,0.515,1.0,1.0,0.547,0.74,1
CUST_00216,19,Male,Dar es Salaam,Christian,Others,Primary,"<200,000",Halopesa,4,0.39,0.81,0.36,0.3,Tecno,China,Mid-Range,New,380041,7.3,Physical Store,Mobile Money,0,11,0.23,0.263,1.0,0.823,1.0,1.0,0.589,0.76,1
CUST_03510,21,Male,Dar es Salaam,Muslim,Others,Primary,"200,000-500,000",M-Pesa,4,0.52,0.81,0.69,0.5,Huawei,China,Premium,New,1704202,9.2,Mobile,Mobile Money,0,12,0.0,0.635,0.9,0.903,1.0,1.0,0.58,0.61,1
CUST_02194,23,Female,Mbeya,Christian,Chagga,Secondary,"<200,000",M-Pesa,4,0.41,0.74,0.36,0.3,Nokia,Finland,Mid-Range,New,566747,6.2,Physical Store,Cash,1,1,0.0,0.223,1.0,0.869,1.0,1.0,0.329,0.66,0
CUST_02254,35,Male,Zanzibar,Christian,Sukuma,Bachelor,"<200,000",M-Pesa,3,0.32,0.94,0.76,0.0,Tecno,China,Mid-Range,New,335240,7.3,Physical Store,Cash,0,2,0.212,0.555,1.0,0.643,1.0,1.0,0.488,0.77,1
CUST_04156,15,Female,Tanga,Christian,Chagga,Bachelor,"<200,000",Halopesa,4,0.49,0.97,0.8,0.0,Samsung,South Korea,Premium,New,897407,9.3,Online,Cash,0,2,0.275,0.744,1.0,0.979,1.0,1.0,0.567,0.78,1
CUST_03443,37,Female,Mbeya,Christian,Others,Diploma,"<200,000",M-Pesa,3,0.27,0.89,0.43,0.5,Nokia,Finland,Mid-Range,New,586040,6.5,Online,Cash,0,12,0.0,0.28,1.0,0.84,1.0,1.0,0.472,0.67,1
CUST_00550,27,Female,Dodoma,Christian,Sukuma,Primary,"500,001-1,000,000",Airtel Money,4,0.13,0.48,0.48,0.0,Samsung,South Korea,Premium,New,2210620,8.3,Physical Store,Mobile Money,0,12,0.116,0.398,1.0,1.073,1.0,1.0,0.663,0.46,1
CUST_04962,15,Female,Dar es Salaam,Muslim,Others,Secondary,"500,001-1,000,000",M-Pesa,4,0.17,0.75,0.84,0.5,Itel,China,Budget,New,96552,6.9,Physical Store,Card,1,2,0.517,0.58,0.9,0.776,1.0,1.0,0.687,0.79,0
CUST_03753,29,Female,Mbeya,Muslim,Haya,Bachelor,"<200,000",Airtel Money,3,0.11,0.74,0.85,0.7,Tecno,China,Mid-Range,New,476393,6.3,Physical Store,Mobile Money,0,2,0.119,0.536,0.9,0.831,1.0,1.0,0.655,0.68,1
CUST_02054,19,Female,Zanzibar,Other,Others,Diploma,"200,000-500,000",Tigo Pesa,1,0.19,0.76,0.78,0.3,Huawei,China,Premium,New,2361093,9.5,Online,Cash,0,1,0.0,0.741,1.0,0.871,1.0,1.0,0.48,0.5,1
CUST_00834,24,Female,Dar es Salaam,Muslim,Others,Primary,"500,001-1,000,000",None,2,0.09,0.41,0.62,1.0,Infinix,China,Mid-Range,New,297381,6.3,Physical Store,Cash,0,2,0.695,0.391,0.9,0.54,1.0,0.8,0.775,0.72,1
CUST_00096,39,Male,Mbeya,Christian,Sukuma,Diploma,"<200,000",M-Pesa,2,0.19,0.94,0.44,0.5,Itel,China,Budget,Used,170767,4.5,Physical Store,Card,0,2,0.0,0.198,1.0,0.786,0.6,1.0,0.545,0.64,1
CUST_04845,24,Male,Dar es Salaam,Muslim,Haya,Primary,"200,000-500,000",None,2,0.25,0.74,0.8,0.5,Nokia,Finland,Mid-Range,Used,302727,6.9,Physical Store,Mobile Money,0,2,0.44,0.552,0.9,0.954,0.6,1.0,0.366,0.75,1
CUST_00355,32,Male,Tanga,Christian,Others,Diploma,"1,000,001-2,000,000",M-Pesa,5,0.33,0.36,0.31,1.0,Infinix,China,Mid-Range,New,457112,7.0,Physical Store,Mobile Money,0,2,0.589,0.217,1.0,0.519,1.0,0.8,0.572,0.73,1
CUST_04895,33,Male,Mwanza,Muslim,Chagga,Primary,"200,000-500,000",M-Pesa,4,0.09,0.95,0.48,0.3,Xiaomi,China,Mid-Range,New,422622,6.5,Physical Store,Mobile Money,1,2,0.0,0.312,0.9,0.886,1.0,1.0,0.434,0.71,1
CUST_02158,33,Female,Dar es Salaam,Christian,Chagga,Primary,"200,000-500,000",M-Pesa,5,0.52,0.77,0.61,0.5,Infinix,China,Mid-Range,Used,132509,6.6,Physical Store,Mobile Money,1,2,0.745,0.403,1.0,0.638,0.6,1.0,0.843,0.77,1
CUST_01102,34,Male,Dar es Salaam,Christian,Nyamwezi,Diploma,"500,001-1,000,000",Halopesa,1,0.23,0.66,0.5,0.5,Tecno,China,Mid-Range,New,511167,6.9,Mobile,Cash,1,2,0.157,0.345,1.0,0.763,1.0,1.0,0.621,0.71,1
CUST_00210,31,Male,Dar es Salaam,Christian,Makonde,No formal,"<200,000",M-Pesa,5,0.07,0.79,0.44,0.0,Vivo,China,Mid-Range,New,281559,6.2,Physical Store,Mobile Money,0,2,0.444,0.273,1.0,0.952,1.0,1.0,0.622,0.72,1
CUST_03058,40,Female,Dar es Salaam,Muslim,Nyamwezi,Primary,">2,000,000",M-Pesa,5,0.35,0.44,0.57,0.3,Nokia,Finland,Mid-Range,New,279070,6.3,Online,Cash,0,2,0.693,0.359,0.9,0.818,1.0,1.0,0.609,0.72,1
CUST_01529,40,Female,Dodoma,Muslim,Others,Secondary,"200,000-500,000",Tigo Pesa,5,0.43,0.96,0.5,0.3,Tecno,China,Mid-Range,New,586015,6.8,Physical Store,Cash,0,12,0.0,0.34,0.9,0.582,1.0,1.0,0.481,0.69,1
CUST_04579,20,Female,Mbeya,Christian,Makonde,Secondary,"<200,000",Tigo Pesa,2,0.36,0.73,0.71,0.3,Infinix,China,Mid-Range,New,407431,6.8,Physical Store,Mobile Money,0,1,0.256,0.483,1.0,0.691,1.0,1.0,0.54,0.73,1
CUST_02636,25,Male,Mwanza,Christian,Chagga,Primary,"<200,000",Halopesa,5,0.11,0.88,0.66,0.0,Huawei,China,Premium,New,1687349,9.0,Physical Store,Cash,0,2,0.0,0.594,1.0,0.838,1.0,1.0,0.399,0.6,0
CUST_04881,21,Female,Dar es Salaam,Muslim,Makonde,Primary,">2,000,000",Airtel Money,3,0.07,0.43,0.88,0.3,Infinix,China,Mid-Range,New,446982,6.5,Physical Store,Cash,0,1,0.519,0.572,0.9,0.914,1.0,1.0,0.749,0.7,1
CUST_03809,21,Female,Dar es Salaam,Muslim,Sukuma,Diploma,"500,001-1,000,000",M-Pesa,4,0.2,0.57,0.39,1.0,Huawei,China,Premium,New,981054,8.1,Physical Store,Mobile Money,0,12,0.534,0.316,0.9,0.556,1.0,0.8,0.532,0.69,0
CUST_03879,32,Female,Dar es Salaam,Christian,Others,Bachelor,"<200,000",Tigo Pesa,1,0.38,0.95,0.76,0.0,Apple,USA,Premium,New,1615852,8.1,Mobile,Mobile Money,0,1,0.0,0.616,1.0,0.919,1.0,1.0,0.644,0.56,1
CUST_01445,35,Female,Dodoma,Muslim,Others,Bachelor,"500,001-1,000,000",Airtel Money,4,0.26,0.58,0.39,0.7,Samsung,South Korea,Premium,New,1668535,9.0,Physical Store,Mobile Money,0,2,0.194,0.351,0.9,0.82,1.0,1.0,0.46,0.61,1
CUST_03439,23,Male,Mwanza,Christian,Others,Secondary,">2,000,000",Halopesa,4,0.05,0.13,0.86,0.3,Tecno,China,Mid-Range,New,466956,7.7,Physical Store,Mobile Money,0,2,0.848,0.662,1.0,0.818,1.0,1.0,0.926,0.77,1
CUST_00037,36,Female,Zanzibar,Christian,Others,Primary,"<200,000",M-Pesa,3,0.22,0.71,0.45,0.5,Nokia,Finland,Mid-Range,New,364238,8.0,Physical Store,Cash,1,1,0.353,0.36,1.0,0.643,1.0,1.0,0.658,0.81,1
CUST_00467,15,Female,Tanga,Christian,Makonde,Secondary,"200,000-500,000",Halopesa,3,0.17,0.88,0.8,0.3,Vivo,China,Mid-Range,New,547080,7.1,Physical Store,Mobile Money,1,12,0.0,0.568,1.0,0.589,1.0,1.0,0.597,0.72,1
CUST_04222,21,Male,Arusha,Other,Nyamwezi,Primary,"1,000,001-2,000,000",M-Pesa,3,0.13,0.21,0.43,0.7,Vivo,China,Mid-Range,New,275856,6.5,Mobile,Cash,1,2,0.855,0.28,1.0,0.727,1.0,1.0,0.477,0.73,1
CUST_01983,34,Male,Mwanza,Muslim,Others,Diploma,"200,000-500,000",Airtel Money,2,0.34,0.75,0.42,0.0,Infinix,China,Mid-Range,Used,284980,6.1,Physical Store,Cash,0,2,0.466,0.256,0.9,0.75,0.6,1.0,0.579,0.71,1
CUST_00295,22,Male,Tanga,Christian,Sukuma,Secondary,"200,000-500,000",Airtel Money,3,0.09,0.76,0.48,0.5,Vivo,China,Mid-Range,New,265853,7.2,Physical Store,Mobile Money,0,2,0.495,0.346,1.0,0.995,1.0,1.0,0.466,0.78,1
CUST_00131,15,Female,Zanzibar,Christian,Others,Secondary,"<200,000",Tigo Pesa,3,0.2,0.73,0.55,0.0,Itel,China,Budget,New,102281,5.4,Physical Store,Cash,0,2,0.502,0.297,1.0,0.653,1.0,1.0,0.55,0.7,0
CUST_02662,50,Male,Zanzibar,Muslim,Others,Primary,"200,000-500,000",Halopesa,5,0.06,0.75,0.54,0.3,Tecno,China,Mid-Range,New,521817,6.9,Physical Store,Mobile Money,1,2,0.022,0.373,0.9,0.779,1.0,1.0,0.798,0.71,1
CUST_02965,38,Female,Arusha,Muslim,Others,Primary,"<200,000",Tigo Pesa,3,0.61,0.93,0.6,0.5,Vivo,China,Mid-Range,New,298565,6.6,Online,Mobile Money,0,2,0.306,0.396,0.9,0.573,1.0,1.0,0.661,0.74,1
CUST_03983,29,Female,Mwanza,Muslim,Others,Secondary,"200,000-500,000",Halopesa,2,0.32,0.74,0.43,0.7,Nokia,Finland,Mid-Range,New,576886,6.7,Physical Store,Card,0,2,0.0,0.288,0.9,0.6,1.0,1.0,0.43,0.69,1
CUST_00656,16,Male,Dar es Salaam,Christian,Sukuma,Secondary,"500,001-1,000,000",Halopesa,4,0.31,0.68,0.85,0.5,Samsung,South Korea,Premium,New,1005069,8.6,Physical Store,Cash,1,11,0.43,0.731,1.0,0.788,1.0,1.0,0.68,0.71,1
CUST_03272,32,Male,Morogoro,Christian,Sukuma,Secondary,"200,000-500,000",Airtel Money,2,0.29,0.99,0.35,0.3,Nokia,Finland,Mid-Range,New,381440,7.1,Physical Store,Cash,1,12,0.056,0.248,1.0,0.811,1.0,1.0,0.567,0.75,1
CUST_00489,16,Male,Dar es Salaam,Christian,Others,Secondary,"200,000-500,000",Tigo Pesa,3,0.18,0.76,0.36,0.7,Infinix,China,Mid-Range,Used,330335,5.1,Physical Store,Cash,0,1,0.372,0.184,1.0,0.588,0.6,1.0,0.602,0.64,1
CUST_01577,29,Male,Morogoro,Muslim,Others,Primary,"500,001-1,000,000",Airtel Money,1,0.19,0.69,0.33,0.5,Oppo,China,Mid-Range,New,593758,7.0,Physical Store,Cash,0,2,0.0,0.231,0.9,0.928,1.0,1.0,0.364,0.7,1
CUST_02600,21,Male,Dar es Salaam,Christian,Haya,Diploma,"<200,000",Tigo Pesa,1,0.46,0.79,0.9,0.5,Huawei,China,Premium,New,2226189,8.3,Physical Store,Cash,0,2,0.0,0.747,1.0,0.819,1.0,1.0,0.776,0.45,1
CUST_01216,15,Female,Morogoro,Other,Others,Primary,"<200,000",Tigo Pesa,4,0.2,0.99,0.31,0.5,Infinix,China,Mid-Range,Used,306292,5.5,Online,Cash,1,12,0.242,0.17,1.0,0.904,0.6,1.0,0.358,0.67,1
CUST_00646,25,Male,Mwanza,Christian,Others,Diploma,"200,000-500,000",M-Pesa,1,0.28,0.79,0.57,0.5,Tecno,China,Mid-Range,New,515103,6.9,Physical Store,Cash,0,2,0.0,0.393,1.0,0.975,1.0,1.0,0.388,0.71,1
CUST_00482,48,Female,Morogoro,Muslim,Sukuma,Secondary,"1,000,001-2,000,000",M-Pesa,2,0.05,0.26,0.33,0.7,Apple,USA,Premium,Used,1954068,7.3,Physical Store,Cash,0,2,0.577,0.241,0.9,1.1,0.6,1.0,0.65,0.45,1
CUST_00322,15,Female,Mbeya,Muslim,Chagga,No formal,"<200,000",M-Pesa,3,0.5,0.79,0.88,0.3,Huawei,China,Premium,New,1052532,9.0,Mobile,Cash,0,12,0.307,0.792,0.9,0.535,1.0,1.0,0.528,0.73,1
CUST_04772,18,Male,Arusha,Christian,Others,Bachelor,"<200,000",Tigo Pesa,3,0.45,0.76,0.32,0.7,Tecno,China,Mid-Range,New,578820,7.4,Mobile,Cash,0,2,0.0,0.237,1.0,0.731,1.0,1.0,0.465,0.73,1
CUST_03710,30,Female,Dodoma,Muslim,Others,Diploma,"<200,000",Airtel Money,4,0.23,0.82,0.53,0.3,Huawei,China,Premium,New,1835043,9.7,Physical Store,Mobile Money,0,2,0.0,0.514,0.9,0.583,1.0,1.0,0.458,0.61,1
CUST_04129,39,Female,Dodoma,Muslim,Gogo,Diploma,"500,001-1,000,000",Halopesa,3,0.13,0.58,0.35,0.0,Huawei,China,Premium,New,939010,8.9,Physical Store,Card,1,1,0.546,0.312,0.9,0.761,1.0,1.0,0.645,0.75,1
CUST_02200,35,Male,Dodoma,Christian,Nyamwezi,No formal,"<200,000",M-Pesa,2,0.03,0.9,0.69,0.3,Huawei,China,Premium,New,1518238,8.1,Mobile,Cash,1,2,0.0,0.559,1.0,0.85,1.0,1.0,0.627,0.58,0
CUST_04216,24,Female,Zanzibar,Christian,Others,Primary,">2,000,000",Tigo Pesa,4,0.45,0.22,0.82,0.5,Apple,USA,Premium,New,2229582,8.0,Physical Store,Cash,0,2,0.591,0.656,1.0,1.155,1.0,1.0,0.819,0.43,1
CUST_00757,23,Female,Dar es Salaam,Christian,Others,Primary,"200,000-500,000",M-Pesa,4,0.29,0.89,0.86,0.3,Huawei,China,Premium,New,866009,10.0,Physical Store,Cash,1,2,0.358,0.86,1.0,0.91,1.0,1.0,0.645,0.83,1
CUST_01732,33,Female,Dar es Salaam,Christian,Gogo,No formal,"500,001-1,000,000",M-Pesa,3,0.03,0.61,0.54,0.3,Nokia,Finland,Mid-Range,New,542787,7.6,Mobile,Mobile Money,0,2,0.172,0.41,1.0,0.817,1.0,1.0,0.642,0.75,1
CUST_04681,34,Female,Arusha,Christian,Others,Diploma,"200,000-500,000",M-Pesa,3,0.17,0.94,0.6,0.3,Apple,USA,Premium,New,1858363,8.1,Physical Store,Mobile Money,0,2,0.0,0.486,1.0,0.863,1.0,1.0,0.467,0.51,1
CUST_00669,36,Male,Arusha,Muslim,Sukuma,Primary,"200,000-500,000",Tigo Pesa,3,0.2,0.98,0.46,0.0,Xiaomi,China,Mid-Range,New,416371,7.5,Physical Store,Mobile Money,0,2,0.0,0.345,0.9,0.996,1.0,1.0,0.453,0.77,1
CUST_04493,40,Female,Arusha,Muslim,Others,Primary,"500,001-1,000,000",M-Pesa,3,0.11,0.51,0.36,0.0,Tecno,China,Mid-Range,New,496496,7.1,Mobile,Mobile Money,0,2,0.367,0.256,0.9,0.872,1.0,1.0,0.587,0.73,1
CUST_00516,45,Male,Dar es Salaam,Christian,Others,Primary,"500,001-1,000,000",Halopesa,2,0.44,0.61,0.39,0.0,Infinix,China,Mid-Range,New,384766,7.4,Online,Cash,0,2,0.413,0.289,1.0,0.864,1.0,1.0,0.541,0.77,1
CUST_00183,19,Female,Morogoro,Christian,Others,Secondary,"200,000-500,000",M-Pesa,3,0.21,0.9,0.54,0.0,Apple,USA,Premium,New,1950300,9.5,Online,Cash,0,2,0.0,0.513,1.0,0.751,1.0,1.0,0.656,0.58,1
CUST_04630,31,Female,Mwanza,Christian,Others,No formal,"200,000-500,000",Airtel Money,4,0.25,0.8,0.7,0.5,Nokia,Finland,Mid-Range,New,415753,7.8,Physical Store,Cash,0,1,0.168,0.546,1.0,0.841,1.0,1.0,0.682,0.78,1
CUST_01413,33,Male,Tanga,Christian,Chagga,Diploma,"500,001-1,000,000",M-Pesa,3,0.37,0.78,0.79,1.0,Nokia,Finland,Mid-Range,New,353714,7.7,Mobile,Mobile Money,1,1,0.31,0.608,1.0,0.694,1.0,0.8,0.437,0.79,0
CUST_00446,20,Female,Mwanza,Christian,Gogo,Secondary,"500,001-1,000,000",M-Pesa,3,0.41,0.43,0.81,0.3,Apple,USA,Premium,Used,1432117,7.4,Physical Store,Cash,0,2,0.487,0.599,1.0,0.803,0.6,1.0,0.728,0.56,1
CUST_00006,38,Male,Zanzibar,Muslim,Makonde,Secondary,"500,001-1,000,000",Tigo Pesa,4,0.79,0.44,0.32,0.5,Apple,USA,Premium,New,2202879,9.2,Physical Store,Cash,0,11,0.192,0.294,0.9,0.943,1.0,1.0,0.485,0.51,1
CUST_01619,24,Female,Zanzibar,Christian,Others,No formal,"200,000-500,000",Halopesa,5,0.28,0.85,0.78,0.5,Vivo,China,Mid-Range,New,539561,7.3,Physical Store,Mobile Money,1,2,0.0,0.569,1.0,0.605,1.0,1.0,0.579,0.73,1
CUST_02777,42,Male,Arusha,Christian,Others,No formal,"200,000-500,000",M-Pesa,4,0.25,0.91,0.83,0.0,Infinix,China,Mid-Range,New,400418,7.4,Physical Store,Mobile Money,1,1,0.089,0.614,1.0,0.767,1.0,1.0,0.633,0.76,1
CUST_00600,31,Female,Mbeya,Muslim,Gogo,Primary,"<200,000",M-Pesa,3,0.28,0.92,0.44,0.0,Tecno,China,Mid-Range,New,580271,7.4,Physical Store,Cash,1,2,0.0,0.326,0.9,0.92,1.0,1.0,0.528,0.73,1
CUST_03049,15,Female,Dar es Salaam,Christian,Others,Secondary,"200,000-500,000",Airtel Money,4,0.49,0.75,0.7,0.7,Xiaomi,China,Mid-Range,New,559518,8.0,Physical Store,Mobile Money,0,2,0.0,0.56,1.0,0.622,1.0,1.0,0.614,0.77,1
CUST_04215,22,Male,Morogoro,Christian,Makonde,Diploma,"200,000-500,000",Tigo Pesa,3,0.16,0.81,0.64,0.5,Oppo,China,Mid-Range,New,295261,7.5,Physical Store,Mobile Money,0,2,0.402,0.48,1.0,0.552,1.0,1.0,0.447,0.79,1
CUST_02609,20,Male,Mwanza,Muslim,Gogo,Primary,"<200,000",M-Pesa,4,0.13,0.85,0.89,0.5,Infinix,China,Mid-Range,New,551174,6.1,Physical Store,Mobile Money,0,2,0.0,0.543,0.9,0.814,1.0,1.0,0.511,0.66,1
CUST_01721,15,Female,Dar es Salaam,Christian,Others,Secondary,"200,000-500,000",None,2,0.27,0.71,0.41,0.3,Apple,USA,Premium,New,2463880,8.2,Online,Mobile Money,0,2,0.0,0.336,1.0,1.152,1.0,1.0,0.404,0.4,1
CUST_01276,35,Male,Arusha,Christian,Chagga,Primary,"<200,000",M-Pesa,5,0.55,0.73,0.38,0.5,Itel,China,Budget,New,235209,5.0,Physical Store,Card,1,1,0.0,0.19,1.0,0.632,1.0,1.0,0.467,0.65,1
CUST_04711,15,Female,Tanga,Muslim,Others,Secondary,"<200,000",Airtel Money,4,0.34,0.86,0.51,0.3,Infinix,China,Mid-Range,New,466856,7.1,Online,Cash,0,11,0.0,0.362,0.9,0.997,1.0,1.0,0.469,0.73,1
CUST_03201,30,Female,Mbeya,Other,Nyamwezi,Bachelor,"200,000-500,000",None,2,0.35,0.71,0.3,0.5,Infinix,China,Mid-Range,New,555840,7.2,Online,Mobile Money,0,2,0.013,0.216,1.0,0.973,1.0,1.0,0.424,0.72,1
CUST_02693,26,Male,Mbeya,Christian,Others,Bachelor,"<200,000",M-Pesa,4,0.21,0.84,0.67,0.3,Apple,USA,Premium,New,1934210,9.9,Physical Store,Cash,0,1,0.0,0.663,1.0,1.12,1.0,1.0,0.415,0.61,1
CUST_01508,19,Female,Dar es Salaam,Other,Others,Primary,"<200,000",Airtel Money,5,0.44,0.83,0.55,0.5,Apple,USA,Premium,New,2448963,9.4,Physical Store,Cash,0,2,0.0,0.517,1.0,0.981,1.0,1.0,0.547,0.47,1
CUST_01722,30,Male,Zanzibar,Muslim,Others,Primary,"500,001-1,000,000",Tigo Pesa,2,0.12,0.54,0.86,0.5,Huawei,China,Premium,New,644564,8.2,Physical Store,Card,0,2,0.71,0.705,0.9,0.902,1.0,1.0,0.902,0.76,1
CUST_03022,33,Female,Zanzibar,Christian,Others,Primary,"200,000-500,000",Tigo Pesa,2,0.53,0.7,0.77,0.5,Apple,USA,Premium,New,1225327,8.8,Mobile,Cash,1,1,0.285,0.678,1.0,1.199,1.0,1.0,0.653,0.68,1
CUST_04804,24,Male,Dar es Salaam,Christian,Others,Diploma,"200,000-500,000",Halopesa,5,0.4,0.86,0.34,0.7,Tecno,China,Mid-Range,Used,141535,5.3,Physical Store,Cash,0,2,0.696,0.18,1.0,0.545,0.6,1.0,0.586,0.69,1
CUST_01093,36,Female,Dodoma,Christian,Sukuma,Primary,"500,001-1,000,000",M-Pesa,3,0.1,0.62,0.7,0.0,Infinix,China,Mid-Range,New,354993,6.1,Physical Store,Cash,0,9,0.45,0.427,1.0,0.753,1.0,1.0,0.502,0.7,1
CUST_00989,34,Male,Mbeya,Christian,Others,Secondary,"200,000-500,000",M-Pesa,3,0.56,0.78,0.45,0.3,Xiaomi,China,Mid-Range,New,598640,7.0,Physical Store,Card,0,1,0.0,0.315,1.0,0.65,1.0,1.0,0.464,0.7,1
CUST_01398,34,Female,Mbeya,Christian,Chagga,Secondary,"200,000-500,000",M-Pesa,4,0.27,0.76,0.58,0.3,Tecno,China,Mid-Range,Used,135073,7.0,Mobile,Mobile Money,1,2,0.743,0.406,1.0,0.842,0.6,1.0,0.849,0.79,1
CUST_03949,37,Male,Dar es Salaam,Muslim,Others,Diploma,"1,000,001-2,000,000",Tigo Pesa,3,0.54,0.33,0.47,0.5,Nokia,Finland,Mid-Range,New,294142,6.9,Physical Store,Mobile Money,0,1,0.757,0.324,0.9,0.902,1.0,1.0,0.492,0.76,0
CUST_03175,29,Male,Dar es Salaam,Muslim,Others,Secondary,"200,000-500,000",M-Pesa,3,0.49,0.83,0.66,0.5,Nokia,Finland,Mid-Range,New,544192,6.4,Physical Store,Card,0,2,0.0,0.422,0.9,0.929,1.0,1.0,0.619,0.68,1
CUST_02670,15,Female,Tanga,Muslim,Sukuma,Primary,"500,001-1,000,000",Tigo Pesa,3,0.47,0.78,0.66,0.5,Huawei,China,Premium,New,1096646,9.7,Online,Mobile Money,0,2,0.287,0.64,0.9,0.995,1.0,1.0,0.775,0.76,1
CUST_02622,27,Male,Morogoro,Muslim,Others,No formal,"500,001-1,000,000",Airtel Money,4,0.37,0.42,0.38,0.3,Infinix,China,Mid-Range,New,451804,7.5,Physical Store,Mobile Money,0,2,0.526,0.285,0.9,0.819,1.0,1.0,0.737,0.76,0
CUST_03473,15,Female,Dodoma,Christian,Others,Primary,"200,000-500,000",M-Pesa,3,0.04,0.75,0.87,0.3,Huawei,China,Premium,New,2452790,8.5,Physical Store,Cash,1,2,0.0,0.739,1.0,0.54,1.0,1.0,0.447,0.42,1
CUST_01605,34,Female,Dar es Salaam,Christian,Others,Diploma,"1,000,001-2,000,000",Airtel Money,2,0.01,0.29,0.34,0.3,Tecno,China,Mid-Range,Used,296673,6.6,Physical Store,Cash,0,1,0.785,0.224,1.0,0.773,0.6,1.0,0.642,0.74,1
CUST_04580,39,Female,Tanga,Christian,Nyamwezi,Secondary,"<200,000",Tigo Pesa,3,0.2,0.92,0.72,0.0,Samsung,South Korea,Premium,New,991379,8.4,Online,Mobile Money,0,12,0.24,0.605,1.0,0.972,1.0,1.0,0.643,0.71,1
CUST_01723,15,Female,Tanga,Muslim,Others,No formal,"500,001-1,000,000",M-Pesa,2,0.56,0.62,0.81,0.3,Nokia,Finland,Mid-Range,Used,436234,6.3,Physical Store,Cash,0,2,0.324,0.51,0.9,0.654,0.6,1.0,0.596,0.69,1
CUST_03640,24,Female,Morogoro,Christian,Others,Diploma,"200,000-500,000",M-Pesa,4,0.31,0.94,0.47,0.3,Oppo,China,Mid-Range,New,403405,7.1,Physical Store,Mobile Money,0,12,0.052,0.334,1.0,0.811,1.0,1.0,0.574,0.75,0
CUST_02998,23,Male,Zanzibar,Christian,Nyamwezi,Secondary,"200,000-500,000",Halopesa,3,0.11,0.76,0.7,0.3,Infinix,China,Mid-Range,New,442842,6.2,Online,Mobile Money,0,2,0.159,0.434,1.0,0.963,1.0,1.0,0.609,0.68,1
CUST_04511,30,Female,Zanzibar,Muslim,Makonde,Secondary,"<200,000",M-Pesa,4,0.26,0.85,0.49,0.5,Nokia,Finland,Mid-Range,New,386548,7.9,Physical Store,Card,0,12,0.179,0.387,0.9,0.77,1.0,1.0,0.703,0.8,1
CUST_00276,26,Female,Dodoma,Muslim,Sukuma,Diploma,"500,001-1,000,000",Halopesa,3,0.28,0.67,0.45,0.7,Nokia,Finland,Mid-Range,Used,183206,5.7,Physical Store,Cash,0,2,0.693,0.257,0.9,0.817,0.6,1.0,0.68,0.71,1
CUST_02277,37,Male,Arusha,Christian,Others,Primary,"200,000-500,000",M-Pesa,5,0.09,0.92,0.58,0.5,Nokia,Finland,Mid-Range,New,291414,7.0,Physical Store,Mobile Money,0,1,0.33,0.406,1.0,0.958,1.0,1.0,0.579,0.76,1
CUST_04760,15,Male,Mwanza,Muslim,Others,No formal,"1,000,001-2,000,000",None,1,0.37,0.23,0.33,0.5,Nokia,Finland,Mid-Range,New,511442,6.9,Physical Store,Cash,0,1,0.706,0.228,0.9,0.894,1.0,1.0,0.671,0.71,1
CUST_01490,40,Female,Dar es Salaam,Christian,Others,Secondary,"1,000,001-2,000,000",Airtel Money,2,0.38,0.26,0.37,0.5,Xiaomi,China,Mid-Range,New,497204,6.0,Physical Store,Mobile Money,0,1,0.677,0.222,1.0,0.671,1.0,1.0,0.641,0.66,1
CUST_04778,37,Female,Arusha,Christian,Sukuma,Diploma,"200,000-500,000",M-Pesa,3,0.06,0.8,0.34,0.7,Huawei,China,Premium,New,2034434,8.1,Physical Store,Mobile Money,1,2,0.0,0.275,1.0,0.598,1.0,1.0,0.391,0.48,1
CUST_00183,19,Female,Morogoro,Christian,Others,Secondary,"200,000-500,000",M-Pesa,3,0.21,0.9,0.54,0.0,Samsung,South Korea,Premium,New,1602816,10.0,Physical Store,Cash,1,1,0.0,0.54,1.0,0.731,1.0,1.0,0.565,0.68,1
CUST_02100,15,Male,Mwanza,Christian,Others,Diploma,"<200,000",Tigo Pesa,4,0.4,0.85,0.85,0.5,Infinix,China,Mid-Range,New,518753,6.6,Online,Mobile Money,0,1,0.0,0.561,1.0,0.667,1.0,1.0,0.618,0.69,1
CUST_03104,34,Male,Dodoma,Muslim,Others,Secondary,"1,000,001-2,000,000",Tigo Pesa,5,0.51,0.45,0.43,0.3,Infinix,China,Mid-Range,New,287004,7.2,Mobile,Mobile Money,1,2,0.677,0.31,0.9,0.827,1.0,1.0,0.661,0.77,1
CUST_01922,30,Male,Mbeya,Muslim,Nyamwezi,Primary,"500,001-1,000,000",None,5,0.24,0.73,0.85,0.3,Samsung,South Korea,Premium,New,2050640,9.9,Physical Store,Cash,0,2,0.0,0.842,0.9,0.827,1.0,1.0,0.66,0.58,0
CUST_00374,35,Male,Mbeya,Muslim,Others,Secondary,"1,000,001-2,000,000",Tigo Pesa,5,0.12,0.23,0.82,0.7,Huawei,China,Premium,New,1506474,9.9,Physical Store,Mobile Money,0,1,0.711,0.812,0.9,0.79,1.0,1.0,0.822,0.69,1
CUST_01435,24,Male,Morogoro,Muslim,Others,Diploma,"200,000-500,000",M-Pesa,4,0.08,0.82,0.4,0.0,Tecno,China,Mid-Range,New,485534,7.4,Physical Store,Cash,0,1,0.005,0.296,0.9,0.683,1.0,1.0,0.44,0.75,1
CUST_03176,24,Male,Dar es Salaam,Christian,Others,Primary,"200,000-500,000",M-Pesa,4,0.09,0.73,0.39,0.7,Nokia,Finland,Mid-Range,New,473211,6.3,Mobile,Cash,1,2,0.136,0.246,1.0,0.978,1.0,1.0,0.356,0.68,1
CUST_01848,20,Male,Arusha,Other,Others,Secondary,"200,000-500,000",Airtel Money,4,0.25,0.93,0.54,0.7,Oppo,China,Mid-Range,New,522826,7.5,Online,Mobile Money,0,1,0.0,0.405,1.0,0.809,1.0,1.0,0.558,0.75,1
CUST_01963,28,Male,Dar es Salaam,Muslim,Sukuma,Secondary,">2,000,000",M-Pesa,2,0.5,0.47,0.86,0.0,Oppo,China,Mid-Range,New,251774,7.1,Mobile,Cash,0,2,0.704,0.611,0.9,0.624,1.0,1.0,0.774,0.78,1
CUST_01267,31,Male,Mbeya,Christian,Others,Secondary,"<200,000",Airtel Money,4,0.36,0.79,0.88,0.7,Huawei,China,Premium,New,1826349,8.4,Physical Store,Cash,1,2,0.0,0.739,1.0,0.973,1.0,1.0,0.613,0.54,1
CUST_02851,23,Female,Morogoro,Christian,Others,Diploma,"1,000,001-2,000,000",Airtel Money,5,0.15,0.12,0.75,0.0,Xiaomi,China,Mid-Range,Used,242519,6.5,Physical Store,Mobile Money,1,2,0.927,0.488,1.0,0.607,0.6,1.0,0.743,0.74,1
CUST_03185,20,Female,Dar es Salaam,Christian,Chagga,Diploma,"1,000,001-2,000,000",M-Pesa,2,0.42,0.31,0.62,0.0,Xiaomi,China,Mid-Range,New,451830,6.3,Online,Cash,0,9,0.65,0.391,1.0,0.888,1.0,1.0,0.867,0.69,1
CUST_00160,15,Male,Dar es Salaam,Christian,Chagga,No formal,"200,000-500,000",Tigo Pesa,3,0.12,0.99,0.61,0.5,Vivo,China,Mid-Range,New,418943,7.5,Physical Store,Mobile Money,0,2,0.0,0.458,1.0,0.554,1.0,1.0,0.294,0.77,1
CUST_03769,28,Female,Morogoro,Christian,Nyamwezi,Secondary,"200,000-500,000",Airtel Money,5,0.43,0.76,0.84,0.3,Samsung,South Korea,Premium,New,925786,9.0,Physical Store,Mobile Money,0,2,0.414,0.756,1.0,0.7,1.0,1.0,0.668,0.75,1
CUST_00988,24,Female,Morogoro,Muslim,Others,No formal,"<200,000",M-Pesa,4,0.08,0.97,0.73,0.3,Huawei,China,Premium,New,1038486,8.1,Online,Cash,0,2,0.161,0.591,0.9,0.512,1.0,1.0,0.638,0.68,1
CUST_03636,24,Male,Mwanza,Muslim,Others,No formal,">2,000,000",Airtel Money,1,0.28,0.12,0.49,0.3,Vivo,China,Mid-Range,New,553435,7.9,Online,Cash,0,1,0.834,0.387,0.9,0.969,1.0,1.0,0.737,0.76,1
CUST_01561,21,Male,Mbeya,Muslim,Gogo,Primary,"1,000,001-2,000,000",Halopesa,1,0.35,0.48,0.4,0.0,Samsung,South Korea,Premium,New,1984616,9.5,Online,Mobile Money,1,2,0.206,0.38,0.9,0.847,1.0,1.0,0.616,0.57,1
CUST_01093,36,Female,Dodoma,Christian,Sukuma,Primary,"500,001-1,000,000",M-Pesa,3,0.1,0.62,0.7,0.0,Nokia,Finland,Mid-Range,Used,365808,6.6,Online,Cash,0,2,0.433,0.462,1.0,0.748,0.6,1.0,0.57,0.72,1
CUST_04013,28,Male,Zanzibar,Christian,Gogo,Primary,"500,001-1,000,000",Airtel Money,5,0.16,0.74,0.34,0.5,Nokia,Finland,Mid-Range,New,474728,6.8,Online,Cash,0,2,0.122,0.231,1.0,0.732,1.0,1.0,0.756,0.71,0
CUST_04313,15,Male,Mwanza,Christian,Others,Primary,"<200,000",Tigo Pesa,4,0.36,1.0,0.71,0.5,Tecno,China,Mid-Range,New,591493,6.3,Online,Cash,0,1,0.0,0.447,1.0,0.546,1.0,1.0,0.6,0.66,1
CUST_04499,31,Female,Zanzibar,Muslim,Sukuma,No formal,"500,001-1,000,000",M-Pesa,1,0.29,0.73,0.59,1.0,Xiaomi,China,Mid-Range,New,459993,8.0,Online,Cash,1,2,0.161,0.472,0.9,0.636,1.0,0.8,0.293,0.79,1
CUST_02246,15,Male,Dodoma,Christian,Others,Secondary,"1,000,001-2,000,000",M-Pesa,3,0.37,0.4,0.8,0.7,Itel,China,Budget,New,123347,5.3,Online,Cash,0,2,0.671,0.424,1.0,0.791,1.0,1.0,0.577,0.69,1
CUST_04629,24,Female,Dodoma,Christian,Chagga,Primary,"1,000,001-2,000,000",Airtel Money,1,0.19,0.1,0.5,0.0,Tecno,China,Mid-Range,New,486171,7.1,Online,Cash,1,2,0.878,0.355,1.0,0.956,1.0,1.0,0.742,0.73,1
CUST_00760,25,Male,Dar es Salaam,Muslim,Others,Primary,"200,000-500,000",Tigo Pesa,2,0.05,0.73,0.78,1.0,Apple,USA,Premium,New,2184315,8.4,Physical Store,Mobile Money,0,1,0.0,0.655,0.9,1.109,1.0,0.8,0.401,0.47,1
CUST_01740,29,Female,Mbeya,Muslim,Nyamwezi,Primary,"200,000-500,000",M-Pesa,5,0.27,0.97,0.46,0.5,Apple,USA,Premium,New,1405079,8.3,Physical Store,Mobile Money,0,12,0.0,0.382,0.9,0.769,1.0,1.0,0.475,0.62,1
CUST_01092,43,Male,Mbeya,Muslim,Nyamwezi,Primary,"<200,000",Halopesa,4,0.05,0.81,0.66,0.3,Infinix,China,Mid-Range,New,544130,6.1,Mobile,Card,1,2,0.0,0.403,0.9,0.605,1.0,1.0,0.372,0.66,1
CUST_01078,21,Female,Dar es Salaam,Christian,Chagga,Primary,"500,001-1,000,000",M-Pesa,2,0.22,0.67,0.57,0.7,Apple,USA,Premium,New,2287846,9.9,Physical Store,Cash,0,1,0.0,0.564,1.0,0.8,1.0,1.0,0.398,0.54,1
CUST_00670,35,Male,Dar es Salaam,Christian,Sukuma,Primary,"200,000-500,000",Tigo Pesa,4,0.11,0.7,0.83,0.0,Infinix,China,Mid-Range,New,527428,7.3,Mobile,Card,0,12,0.077,0.606,1.0,0.964,1.0,1.0,0.556,0.73,1
CUST_01603,36,Male,Dar es Salaam,Christian,Gogo,Primary,"200,000-500,000",Airtel Money,3,0.04,0.85,0.73,0.5,Samsung,South Korea,Premium,New,2431526,9.1,Physical Store,Mobile Money,0,12,0.0,0.664,1.0,0.612,1.0,1.0,0.487,0.46,1
CUST_03751,15,Female,Dar es Salaam,Muslim,Others,Primary,"200,000-500,000",Tigo Pesa,5,0.06,0.7,0.85,0.5,Vivo,China,Mid-Range,New,323924,8.0,Physical Store,Cash,1,1,0.433,0.68,0.9,0.536,1.0,1.0,0.705,0.82,1
CUST_01078,21,Female,Dar es Salaam,Christian,Chagga,Primary,"500,001-1,000,000",M-Pesa,2,0.22,0.67,0.57,0.7,Huawei,China,Premium,New,741878,9.8,Physical Store,Cash,0,1,0.586,0.559,1.0,0.938,1.0,1.0,0.701,0.84,1
CUST_03012,38,Male,Arusha,Christian,Others,Bachelor,"200,000-500,000",Tigo Pesa,3,0.41,0.76,0.63,0.5,Infinix,China,Mid-Range,New,389847,7.3,Physical Store,Mobile Money,0,2,0.259,0.46,1.0,0.943,1.0,1.0,0.701,0.76,1
CUST_01761,24,Female,Tanga,Christian,Others,Secondary,">2,000,000",M-Pesa,4,0.3,0.45,0.34,0.0,Huawei,China,Premium,New,1748517,9.2,Online,Mobile Money,1,1,0.344,0.313,1.0,0.96,1.0,1.0,0.485,0.6,1
CUST_03674,23,Male,Tanga,Christian,Nyamwezi,Diploma,">2,000,000",Tigo Pesa,2,0.55,0.21,0.57,0.7,Nokia,Finland,Mid-Range,New,412003,7.5,Physical Store,Mobile Money,0,2,0.784,0.428,1.0,0.548,1.0,1.0,0.671,0.77,1
CUST_01892,15,Male,Mbeya,Muslim,Haya,Diploma,"500,001-1,000,000",Tigo Pesa,1,0.13,0.44,0.87,0.0,Tecno,China,Mid-Range,New,315749,6.1,Physical Store,Mobile Money,1,2,0.653,0.531,0.9,0.967,1.0,1.0,0.755,0.7,1
CUST_03536,29,Male,Mwanza,Christian,Sukuma,Primary,"500,001-1,000,000",Tigo Pesa,2,0.54,0.5,0.34,0.3,Infinix,China,Mid-Range,New,255855,6.2,Physical Store,Cash,0,2,0.68,0.211,1.0,0.915,1.0,1.0,0.67,0.72,0
CUST_03305,37,Male,Mbeya,Muslim,Others,Primary,"500,001-1,000,000",Tigo Pesa,3,0.26,0.65,0.42,0.5,Nokia,Finland,Mid-Range,New,443551,6.2,Mobile,Cash,0,2,0.279,0.26,0.9,0.651,1.0,1.0,0.67,0.68,1
CUST_01412,27,Male,Dodoma,Muslim,Others,Secondary,"<200,000",M-Pesa,3,0.24,0.97,0.35,0.7,Nokia,Finland,Mid-Range,New,439375,6.6,Online,Cash,1,2,0.0,0.231,0.9,0.845,1.0,1.0,0.428,0.71,1
CUST_04208,42,Male,Dodoma,Muslim,Makonde,Primary,"500,001-1,000,000",Halopesa,4,0.31,0.57,0.64,0.0,Apple,USA,Premium,New,1540616,9.2,Physical Store,Card,0,2,0.268,0.589,0.9,0.698,1.0,1.0,0.632,0.64,1
CUST_03493,19,Female,Dodoma,Christian,Others,Secondary,"200,000-500,000",M-Pesa,3,0.06,0.77,0.74,0.7,Xiaomi,China,Mid-Range,New,517668,6.4,Physical Store,Cash,0,2,0.003,0.474,1.0,0.729,1.0,1.0,0.27,0.68,1
CUST_01334,42,Male,Mwanza,Christian,Chagga,Secondary,"500,001-1,000,000",Airtel Money,4,0.14,0.64,0.74,0.3,Xiaomi,China,Mid-Range,New,264376,6.2,Physical Store,Cash,1,1,0.577,0.459,1.0,0.907,1.0,1.0,0.477,0.72,1
CUST_01534,36,Male,Mbeya,Christian,Others,Secondary,"500,001-1,000,000",M-Pesa,3,0.43,0.61,0.75,0.0,Nokia,Finland,Mid-Range,New,306736,6.5,Physical Store,Cash,0,2,0.532,0.488,1.0,0.732,1.0,1.0,0.708,0.73,1
CUST_03747,45,Male,Tanga,Christian,Sukuma,No formal,"1,000,001-2,000,000",Airtel Money,2,0.06,0.41,0.44,0.3,Infinix,China,Mid-Range,New,488427,7.9,Physical Store,Mobile Money,0,1,0.499,0.348,1.0,0.897,1.0,1.0,0.847,0.78,1
CUST_00084,15,Female,Dodoma,Muslim,Makonde,Diploma,"200,000-500,000",Halopesa,2,0.26,0.98,0.32,0.0,Tecno,China,Mid-Range,New,579932,7.0,Online,Card,0,1,0.0,0.224,0.9,0.707,1.0,1.0,0.395,0.7,1
CUST_02327,34,Female,Mbeya,Christian,Chagga,Secondary,"<200,000",M-Pesa,4,0.14,0.89,0.41,0.5,Oppo,China,Mid-Range,New,322035,6.8,Physical Store,Cash,0,1,0.283,0.279,1.0,0.967,1.0,1.0,0.374,0.74,0
CUST_02984,30,Male,Dar es Salaam,Other,Nyamwezi,Bachelor,"200,000-500,000",Airtel Money,3,0.23,0.85,0.54,0.5,Oppo,China,Mid-Range,New,275889,6.9,Mobile,Cash,0,1,0.414,0.373,1.0,0.987,1.0,1.0,0.688,0.76,1
CUST_01499,32,Female,Zanzibar,Christian,Makonde,Primary,"500,001-1,000,000",M-Pesa,4,0.17,0.45,0.72,0.7,Oppo,China,Mid-Range,New,583466,6.3,Physical Store,Cash,0,2,0.344,0.454,1.0,0.538,1.0,1.0,0.466,0.66,1
CUST_01351,42,Male,Arusha,Christian,Others,Primary,"<200,000",Tigo Pesa,3,0.1,0.97,0.4,0.5,Vivo,China,Mid-Range,New,369813,7.4,Physical Store,Mobile Money,0,2,0.103,0.296,1.0,0.579,1.0,1.0,0.425,0.77,1
CUST_00766,30,Male,Dar es Salaam,Muslim,Chagga,Diploma,"1,000,001-2,000,000",Tigo Pesa,3,0.29,0.49,0.9,0.0,Tecno,China,Mid-Range,New,336915,6.0,Physical Store,Cash,1,2,0.587,0.54,0.9,0.751,1.0,1.0,0.783,0.69,1
CUST_02772,36,Male,Zanzibar,Christian,Nyamwezi,Primary,"<200,000",Halopesa,4,0.14,0.79,0.49,0.7,Tecno,China,Mid-Range,Used,413269,6.9,Physical Store,Cash,0,2,0.184,0.338,1.0,0.875,0.6,1.0,0.546,0.73,1
CUST_00023,31,Female,Dar es Salaam,Muslim,Others,Primary,"<200,000",Airtel Money,4,0.59,0.8,0.86,0.7,Nokia,Finland,Mid-Range,Used,369749,6.4,Physical Store,Card,1,2,0.261,0.55,0.9,0.64,0.6,1.0,0.494,0.71,1
CUST_00238,20,Female,Mwanza,Christian,Nyamwezi,Diploma,"500,001-1,000,000",M-Pesa,2,0.26,0.42,0.32,0.3,Huawei,China,Premium,New,2256302,8.5,Physical Store,Cash,0,1,0.21,0.272,1.0,0.825,1.0,1.0,0.451,0.46,1
CUST_02708,42,Male,Mwanza,Christian,Gogo,Secondary,"1,000,001-2,000,000",M-Pesa,2,0.12,0.26,0.85,0.3,Samsung,South Korea,Premium,New,729132,8.8,Physical Store,Cash,0,1,0.842,0.748,1.0,0.64,1.0,1.0,0.738,0.78,1
CUST_03831,22,Male,Mwanza,Muslim,Others,No formal,"200,000-500,000",Halopesa,4,0.13,0.71,0.78,1.0,Infinix,China,Mid-Range,New,307969,7.2,Physical Store,Cash,0,2,0.453,0.562,0.9,0.51,1.0,0.8,0.684,0.77,1
CUST_02675,26,Female,Dar es Salaam,Christian,Others,Bachelor,"500,001-1,000,000",Airtel Money,4,0.06,0.74,0.72,0.3,Infinix,China,Mid-Range,New,376447,7.4,Physical Store,Mobile Money,0,11,0.304,0.533,1.0,0.635,1.0,1.0,0.736,0.77,0
CUST_04374,25,Female,Arusha,Christian,Makonde,Secondary,"200,000-500,000",M-Pesa,3,0.2,0.94,0.53,0.5,Infinix,China,Mid-Range,New,318774,6.8,Online,Card,0,11,0.251,0.36,1.0,0.739,1.0,1.0,0.665,0.74,1
CUST_02408,25,Male,Dodoma,Christian,Nyamwezi,Secondary,"500,001-1,000,000",M-Pesa,2,0.13,0.53,0.61,0.3,Tecno,China,Mid-Range,New,362863,7.0,Physical Store,Mobile Money,0,1,0.519,0.427,1.0,0.634,1.0,1.0,0.484,0.75,1
CUST_03477,18,Male,Mbeya,Christian,Gogo,Diploma,"500,001-1,000,000",Airtel Money,3,0.19,0.71,0.62,0.3,Oppo,China,Mid-Range,Used,205595,5.2,Physical Store,Cash,1,2,0.635,0.322,1.0,0.569,0.6,1.0,0.544,0.67,1
CUST_04780,31,Female,Mwanza,Christian,Makonde,Secondary,"500,001-1,000,000",Airtel Money,4,0.32,0.56,0.86,0.7,Nokia,Finland,Mid-Range,New,426679,6.5,Physical Store,Cash,0,2,0.403,0.559,1.0,0.838,1.0,1.0,0.67,0.7,0
CUST_03821,15,Female,Dar es Salaam,Christian,Others,Secondary,"<200,000",Tigo Pesa,1,0.41,0.75,0.31,1.0,Apple,USA,Premium,New,2122076,8.4,Physical Store,Cash,1,2,0.0,0.26,1.0,1.082,1.0,0.8,0.545,0.48,0
CUST_01637,15,Female,Arusha,Christian,Sukuma,Primary,"200,000-500,000",Airtel Money,1,0.42,0.81,0.75,0.3,Nokia,Finland,Mid-Range,New,538478,7.8,Physical Store,Mobile Money,1,2,0.0,0.585,1.0,0.673,1.0,1.0,0.341,0.76,1
CUST_02426,39,Male,Dodoma,Muslim,Gogo,Bachelor,"200,000-500,000",M-Pesa,4,0.11,0.76,0.3,0.0,Infinix,China,Mid-Range,New,275191,7.9,Mobile,Cash,0,2,0.477,0.237,0.9,0.994,1.0,1.0,0.654,0.82,1
CUST_04592,43,Male,Dodoma,Christian,Chagga,Primary,"500,001-1,000,000",Halopesa,3,0.1,0.68,0.61,0.3,Tecno,China,Mid-Range,New,303910,7.9,Physical Store,Mobile Money,0,1,0.483,0.482,1.0,0.759,1.0,1.0,0.537,0.81,1
CUST_01342,31,Female,Dar es Salaam,Christian,Sukuma,Secondary,"500,001-1,000,000",Airtel Money,2,0.24,0.51,0.64,0.3,Infinix,China,Mid-Range,New,573742,6.4,Physical Store,Mobile Money,0,12,0.268,0.41,1.0,0.962,1.0,1.0,0.496,0.67,0
CUST_01935,16,Male,Zanzibar,Muslim,Others,Secondary,"<200,000",Tigo Pesa,3,0.49,0.91,0.56,0.0,Apple,USA,Premium,New,1600134,9.1,Physical Store,Cash,0,1,0.0,0.51,0.9,0.975,1.0,1.0,0.527,0.63,1
CUST_02498,18,Female,Dodoma,Christian,Sukuma,Primary,"500,001-1,000,000",M-Pesa,5,0.32,0.41,0.52,0.7,Tecno,China,Mid-Range,New,388240,7.7,Online,Mobile Money,0,2,0.602,0.4,1.0,0.919,1.0,1.0,0.501,0.78,1
CUST_01457,22,Female,Dodoma,Christian,Sukuma,Diploma,"200,000-500,000",Tigo Pesa,5,0.14,0.92,0.6,0.0,Apple,USA,Premium,New,1048073,9.2,Physical Store,Mobile Money,0,1,0.196,0.552,1.0,0.979,1.0,1.0,0.603,0.74,1
CUST_04958,38,Male,Tanga,Muslim,Gogo,Secondary,"200,000-500,000",M-Pesa,2,0.31,0.86,0.46,0.5,Oppo,China,Mid-Range,New,490536,7.5,Physical Store,Cash,1,2,0.0,0.345,0.9,0.845,1.0,1.0,0.339,0.75,1
CUST_00035,39,Male,Mwanza,Other,Others,No formal,"<200,000",M-Pesa,2,0.13,0.97,0.58,0.5,Tecno,China,Mid-Range,New,385996,6.5,Physical Store,Cash,1,2,0.064,0.377,1.0,0.538,1.0,1.0,0.332,0.71,1
CUST_01321,34,Female,Dodoma,Christian,Haya,No formal,">2,000,000",Tigo Pesa,3,0.12,0.19,0.73,0.3,Infinix,China,Mid-Range,New,501610,7.3,Physical Store,Mobile Money,0,12,0.762,0.533,1.0,0.751,1.0,1.0,0.791,0.74,1
CUST_04966,17,Female,Mwanza,Christian,Others,Secondary,"<200,000",Airtel Money,1,0.38,0.94,0.47,1.0,Infinix,China,Mid-Range,New,319939,7.7,Physical Store,Mobile Money,1,2,0.248,0.362,1.0,0.652,1.0,0.8,0.552,0.8,1
CUST_04442,30,Female,Morogoro,Christian,Sukuma,Primary,"<200,000",Tigo Pesa,5,0.26,0.76,0.62,0.5,Xiaomi,China,Mid-Range,New,547008,7.6,Online,Mobile Money,0,2,0.0,0.471,1.0,0.911,1.0,1.0,0.537,0.75,1
CUST_03753,29,Female,Mbeya,Muslim,Haya,Bachelor,"<200,000",Airtel Money,3,0.11,0.74,0.85,0.7,Vivo,China,Mid-Range,New,429984,6.3,Physical Store,Cash,0,1,0.205,0.536,0.9,0.967,1.0,1.0,0.676,0.69,1
CUST_02103,61,Male,Morogoro,Muslim,Others,Secondary,"200,000-500,000",Airtel Money,3,0.33,0.78,0.86,0.5,Oppo,China,Mid-Range,Used,189475,5.1,Physical Store,Cash,0,1,0.631,0.439,0.9,0.544,0.6,1.0,0.571,0.67,1
CUST_04265,31,Male,Dar es Salaam,Christian,Haya,Primary,"200,000-500,000",Tigo Pesa,5,0.29,0.91,0.61,0.3,Nokia,Finland,Mid-Range,Used,320061,5.9,Physical Store,Card,0,2,0.272,0.36,1.0,0.549,0.6,1.0,0.467,0.69,1
CUST_02470,28,Male,Dodoma,Muslim,Others,Secondary,"500,001-1,000,000",Halopesa,3,0.46,0.68,0.48,0.5,Samsung,South Korea,Premium,New,1036811,8.1,Online,Mobile Money,0,12,0.412,0.389,0.9,1.158,1.0,1.0,0.804,0.68,1
CUST_04253,20,Female,Mbeya,Muslim,Sukuma,Secondary,"1,000,001-2,000,000",M-Pesa,3,0.09,0.18,0.8,0.3,Tecno,China,Mid-Range,New,321783,6.1,Physical Store,Mobile Money,0,2,0.855,0.488,0.9,0.882,1.0,1.0,0.593,0.7,1
CUST_04871,31,Male,Arusha,Christian,Makonde,Primary,"500,001-1,000,000",M-Pesa,3,0.52,0.58,0.64,0.3,Infinix,China,Mid-Range,New,491097,7.8,Physical Store,Card,0,1,0.288,0.499,1.0,0.956,1.0,1.0,0.803,0.77,1
CUST_04981,42,Female,Mwanza,Christian,Others,Primary,"200,000-500,000",M-Pesa,2,0.05,0.9,0.63,0.5,Oppo,China,Mid-Range,New,536671,7.5,Mobile,Mobile Money,0,2,0.0,0.473,1.0,0.574,1.0,1.0,0.429,0.74,1
CUST_02272,20,Female,Morogoro,Christian,Sukuma,Secondary,"200,000-500,000",M-Pesa,5,0.05,0.91,0.62,0.5,Tecno,China,Mid-Range,New,336830,7.5,Physical Store,Cash,1,2,0.234,0.465,1.0,0.971,1.0,1.0,0.594,0.78,1
CUST_04016,45,Female,Zanzibar,Christian,Haya,Diploma,"200,000-500,000",Airtel Money,4,0.3,0.81,0.31,0.0,Itel,China,Budget,New,121707,5.4,Online,Mobile Money,0,2,0.343,0.167,1.0,0.945,1.0,1.0,0.487,0.7,1
CUST_02713,41,Female,Dar es Salaam,Christian,Gogo,Secondary,"500,001-1,000,000",Airtel Money,3,0.06,0.74,0.55,0.5,Tecno,China,Mid-Range,New,534616,7.2,Physical Store,Cash,0,2,0.011,0.396,1.0,0.979,1.0,1.0,0.744,0.73,0
CUST_01288,22,Male,Dar es Salaam,Christian,Others,Diploma,"500,001-1,000,000",M-Pesa,3,0.09,0.64,0.89,1.0,Itel,China,Budget,New,84308,5.1,Physical Store,Cash,0,2,0.64,0.454,1.0,0.577,1.0,0.8,0.625,0.69,0
CUST_04039,25,Male,Morogoro,Christian,Chagga,Primary,"<200,000",Tigo Pesa,5,0.19,0.98,0.79,0.3,Apple,USA,Premium,New,1233634,9.5,Online,Cash,0,2,0.0,0.75,1.0,1.126,1.0,1.0,0.64,0.72,1
CUST_00227,32,Male,Mwanza,Christian,Others,Secondary,"200,000-500,000",Airtel Money,4,0.03,0.8,0.43,0.0,Huawei,China,Premium,New,921654,8.8,Physical Store,Cash,0,1,0.386,0.378,1.0,0.65,1.0,1.0,0.499,0.74,1
CUST_04350,34,Female,Mwanza,Christian,Sukuma,Primary,"<200,000",M-Pesa,5,0.81,0.89,0.37,0.7,Tecno,China,Mid-Range,Used,356097,6.7,Physical Store,Mobile Money,0,1,0.208,0.248,1.0,0.728,0.6,1.0,0.545,0.73,1
CUST_02106,45,Male,Morogoro,Christian,Others,Primary,"500,001-1,000,000",M-Pesa,3,0.32,0.5,0.85,0.3,Vivo,China,Mid-Range,New,411857,6.6,Physical Store,Card,1,2,0.485,0.561,1.0,0.651,1.0,1.0,0.54,0.71,1
CUST_02851,23,Female,Morogoro,Christian,Others,Diploma,"1,000,001-2,000,000",Airtel Money,5,0.15,0.12,0.75,0.0,Infinix,China,Mid-Range,New,490959,7.5,Physical Store,Cash,1,12,0.853,0.562,1.0,0.544,1.0,1.0,0.682,0.75,1
CUST_01191,27,Male,Mbeya,Christian,Makonde,Primary,"500,001-1,000,000",None,5,0.45,0.43,0.47,0.5,Tecno,China,Mid-Range,New,407070,6.3,Physical Store,Card,0,2,0.562,0.296,1.0,0.527,1.0,1.0,0.631,0.7,1
CUST_02229,34,Female,Tanga,Muslim,Others,Diploma,"<200,000",M-Pesa,3,0.24,0.72,0.55,0.3,Vivo,China,Mid-Range,New,505662,6.8,Online,Cash,0,1,0.09,0.374,0.9,0.769,1.0,1.0,0.47,0.71,1
CUST_00160,15,Male,Dar es Salaam,Christian,Chagga,No formal,"200,000-500,000",Tigo Pesa,3,0.12,0.99,0.61,0.5,Nokia,Finland,Mid-Range,New,298613,6.1,Physical Store,Cash,1,2,0.261,0.372,1.0,0.864,1.0,1.0,0.684,0.71,1
CUST_00518,35,Female,Morogoro,Christian,Makonde,Primary,"<200,000",M-Pesa,3,0.36,0.94,0.47,0.5,Huawei,China,Premium,New,1468253,10.0,Physical Store,Mobile Money,0,1,0.0,0.47,1.0,0.642,1.0,1.0,0.516,0.71,1
CUST_01222,36,Female,Morogoro,Muslim,Others,No formal,"200,000-500,000",None,3,0.36,0.72,0.37,0.0,Oppo,China,Mid-Range,New,559736,6.2,Mobile,Cash,0,1,0.0,0.229,0.9,0.984,1.0,1.0,0.414,0.66,1
CUST_02339,25,Female,Dar es Salaam,Muslim,Chagga,Primary,"<200,000",Airtel Money,2,0.31,0.79,0.49,0.0,Nokia,Finland,Mid-Range,New,465795,6.4,Physical Store,Mobile Money,0,1,0.08,0.314,0.9,0.937,1.0,1.0,0.456,0.69,0
CUST_01745,33,Female,Mwanza,Christian,Others,Primary,"1,000,001-2,000,000",Halopesa,1,0.28,0.2,0.71,0.5,Nokia,Finland,Mid-Range,New,598205,7.9,Physical Store,Cash,0,12,0.701,0.561,1.0,0.603,1.0,1.0,0.643,0.75,1
CUST_00329,31,Male,Zanzibar,Christian,Gogo,Secondary,"500,001-1,000,000",M-Pesa,2,0.05,0.44,0.69,0.7,Oppo,China,Mid-Range,New,293579,7.7,Physical Store,Mobile Money,0,2,0.677,0.531,1.0,0.675,1.0,1.0,0.578,0.8,1
CUST_04220,15,Female,Dar es Salaam,Christian,Others,Secondary,"1,000,001-2,000,000",M-Pesa,1,0.25,0.36,0.68,0.3,Nokia,Finland,Mid-Range,New,502678,6.0,Physical Store,Mobile Money,0,2,0.548,0.408,1.0,0.897,1.0,1.0,0.68,0.66,1
CUST_04656,27,Female,Dar es Salaam,Muslim,Gogo,Primary,"200,000-500,000",M-Pesa,5,0.17,0.88,0.61,0.0,Tecno,China,Mid-Range,New,365109,7.8,Physical Store,Cash,0,2,0.197,0.476,0.9,0.825,1.0,1.0,0.565,0.79,1
CUST_02190,47,Male,Arusha,Christian,Gogo,Bachelor,"200,000-500,000",Airtel Money,2,0.2,0.85,0.69,0.0,Vivo,China,Mid-Range,New,407352,6.1,Physical Store,Card,0,1,0.134,0.421,1.0,0.58,1.0,1.0,0.354,0.68,1
CUST_04544,16,Female,Mbeya,Christian,Others,No formal,"<200,000",M-Pesa,4,0.53,0.95,0.61,0.3,Huawei,China,Premium,New,2143724,8.2,Physical Store,Card,0,2,0.0,0.5,1.0,0.606,1.0,1.0,0.381,0.46,0
CUST_00645,28,Male,Dar es Salaam,Muslim,Others,Secondary,"500,001-1,000,000",M-Pesa,3,0.15,0.78,0.5,0.0,Infinix,China,Mid-Range,New,263256,6.7,Physical Store,Cash,0,2,0.487,0.335,0.9,0.55,1.0,1.0,0.481,0.75,1
CUST_03160,20,Male,Dar es Salaam,Muslim,Others,Primary,"500,001-1,000,000",Tigo Pesa,4,0.54,0.64,0.57,0.3,Apple,USA,Premium,New,1027664,8.8,Physical Store,Cash,0,12,0.452,0.502,0.9,0.787,1.0,1.0,0.595,0.72,1
CUST_00950,30,Female,Mwanza,Other,Nyamwezi,Master+,">2,000,000",Tigo Pesa,4,0.17,0.38,0.75,0.3,Itel,China,Budget,New,182389,5.4,Physical Store,Mobile Money,0,2,0.538,0.405,1.0,0.805,1.0,1.0,0.778,0.69,1
CUST_00361,20,Male,Dar es Salaam,Muslim,Makonde,Bachelor,"200,000-500,000",M-Pesa,3,0.22,0.87,0.51,0.3,Nokia,Finland,Mid-Range,New,476741,6.6,Physical Store,Mobile Money,0,11,0.0,0.337,0.9,0.774,1.0,1.0,0.39,0.7,1
CUST_01538,44,Female,Dodoma,Muslim,Others,Primary,"200,000-500,000",M-Pesa,2,0.15,0.95,0.83,0.3,Infinix,China,Mid-Range,New,517302,7.8,Physical Store,Cash,0,12,0.0,0.647,0.9,0.85,1.0,1.0,0.506,0.76,1
CUST_01597,34,Female,Dar es Salaam,Christian,Others,Primary,"<200,000",Airtel Money,3,0.11,0.87,0.38,0.3,Tecno,China,Mid-Range,Used,270116,5.7,Physical Store,Mobile Money,0,2,0.412,0.217,1.0,0.735,0.6,1.0,0.653,0.69,1
CUST_04715,20,Female,Arusha,Muslim,Chagga,Diploma,"<200,000",Airtel Money,2,0.08,0.88,0.54,0.0,Itel,China,Budget,New,181874,6.3,Physical Store,Mobile Money,1,2,0.0,0.34,0.9,0.547,1.0,1.0,0.573,0.74,1
CUST_00274,41,Female,Dar es Salaam,Muslim,Others,Diploma,"<200,000",None,3,0.17,0.77,0.49,0.7,Apple,USA,Premium,New,906875,8.2,Physical Store,Cash,0,1,0.418,0.402,0.9,1.157,1.0,1.0,0.685,0.71,1
CUST_02389,35,Male,Zanzibar,Muslim,Others,No formal,"200,000-500,000",Tigo Pesa,1,0.18,0.88,0.87,0.5,Tecno,China,Mid-Range,New,564903,7.6,Physical Store,Mobile Money,0,2,0.0,0.661,0.9,0.578,1.0,1.0,0.523,0.74,1
CUST_03182,48,Female,Mwanza,Muslim,Sukuma,No formal,"<200,000",Tigo Pesa,4,0.22,0.71,0.57,0.0,Tecno,China,Mid-Range,New,264561,7.4,Physical Store,Cash,0,11,0.53,0.422,0.9,0.714,1.0,1.0,0.721,0.79,1
CUST_03031,20,Male,Tanga,Christian,Nyamwezi,Diploma,"200,000-500,000",Tigo Pesa,2,0.22,0.86,0.35,0.5,Samsung,South Korea,Premium,New,766409,8.3,Online,Card,0,1,0.451,0.29,1.0,0.987,1.0,1.0,0.74,0.74,1
CUST_04479,18,Male,Dar es Salaam,Christian,Others,Primary,"<200,000",Tigo Pesa,4,0.16,0.96,0.9,0.3,Xiaomi,China,Mid-Range,New,568364,6.1,Physical Store,Cash,0,2,0.0,0.549,1.0,0.761,1.0,1.0,0.492,0.65,1
CUST_01567,25,Female,Mbeya,Muslim,Others,Bachelor,">2,000,000",Tigo Pesa,2,0.18,0.47,0.36,0.5,Vivo,China,Mid-Range,New,257238,7.5,Physical Store,Mobile Money,0,2,0.698,0.27,0.9,0.833,1.0,1.0,0.565,0.8,0
CUST_03969,23,Female,Dodoma,Christian,Others,Diploma,"200,000-500,000",Airtel Money,3,0.65,0.9,0.87,0.3,Infinix,China,Mid-Range,New,415869,8.0,Physical Store,Cash,0,2,0.064,0.696,1.0,0.604,1.0,1.0,0.604,0.8,1
CUST_01264,49,Female,Mbeya,Christian,Others,Secondary,"200,000-500,000",Tigo Pesa,4,0.08,0.76,0.45,0.0,Huawei,China,Premium,New,1756068,8.2,Physical Store,Card,0,11,0.0,0.369,1.0,0.835,1.0,1.0,0.508,0.54,1
CUST_00919,15,Female,Dar es Salaam,Christian,Others,Primary,"200,000-500,000",Tigo Pesa,3,0.13,0.96,0.88,0.5,Itel,China,Budget,New,104406,6.6,Online,Mobile Money,0,12,0.332,0.581,1.0,0.773,1.0,1.0,0.727,0.78,1
CUST_03133,15,Female,Dar es Salaam,Other,Chagga,Secondary,"200,000-500,000",M-Pesa,3,0.31,0.98,0.72,0.0,Samsung,South Korea,Premium,New,1744087,9.5,Physical Store,Card,0,1,0.0,0.684,1.0,0.808,1.0,1.0,0.743,0.62,1
CUST_00848,44,Male,Dar es Salaam,Christian,Nyamwezi,Diploma,"500,001-1,000,000",M-Pesa,1,0.11,0.79,0.83,0.3,Samsung,South Korea,Premium,New,1606980,8.2,Online,Cash,1,2,0.0,0.681,1.0,0.716,1.0,1.0,0.377,0.57,1
CUST_00489,16,Male,Dar es Salaam,Christian,Others,Secondary,"200,000-500,000",Tigo Pesa,3,0.18,0.76,0.36,0.7,Itel,China,Budget,New,242210,4.5,Mobile,Mobile Money,1,2,0.0,0.162,1.0,0.725,1.0,1.0,0.305,0.62,1
CUST_03321,28,Male,Arusha,Muslim,Others,Diploma,"200,000-500,000",Tigo Pesa,4,0.19,0.94,0.74,0.0,Tecno,China,Mid-Range,New,514661,7.5,Physical Store,Card,0,2,0.0,0.555,0.9,0.917,1.0,1.0,0.491,0.75,0
CUST_03971,29,Male,Dar es Salaam,Muslim,Gogo,Primary,"<200,000",Halopesa,3,0.03,0.74,0.35,0.0,Samsung,South Korea,Premium,New,1316198,8.4,Mobile,Cash,0,12,0.188,0.294,0.9,0.711,1.0,1.0,0.571,0.64,1
CUST_02341,16,Male,Zanzibar,Christian,Chagga,Primary,"200,000-500,000",Airtel Money,3,0.61,0.83,0.64,0.0,Apple,USA,Premium,New,925418,9.9,Online,Mobile Money,0,1,0.36,0.634,1.0,0.668,1.0,1.0,0.608,0.81,1
CUST_04740,28,Male,Dar es Salaam,Christian,Others,Primary,"500,001-1,000,000",Airtel Money,2,0.8,0.57,0.89,0.3,Apple,USA,Premium,New,830996,9.4,Physical Store,Cash,1,2,0.605,0.837,1.0,0.871,1.0,1.0,0.658,0.8,1
CUST_03874,21,Male,Tanga,Christian,Chagga,Primary,"500,001-1,000,000",Airtel Money,1,0.25,0.79,0.56,0.0,Tecno,China,Mid-Range,New,387483,6.7,Online,Mobile Money,0,2,0.235,0.375,1.0,0.814,1.0,1.0,0.613,0.72,1
CUST_01029,37,Male,Zanzibar,Christian,Others,Primary,"200,000-500,000",M-Pesa,2,0.36,0.98,0.41,0.5,Apple,USA,Premium,New,610257,9.5,Mobile,Card,1,1,0.502,0.389,1.0,1.191,1.0,1.0,0.65,0.85,0
CUST_01054,42,Female,Dar es Salaam,Other,Others,No formal,"200,000-500,000",Airtel Money,1,0.02,0.79,0.37,0.5,Nokia,Finland,Mid-Range,Used,354665,6.7,Online,Card,0,2,0.3,0.248,1.0,0.543,0.6,1.0,0.407,0.73,1
CUST_01547,34,Male,Arusha,Muslim,Others,No formal,"200,000-500,000",Tigo Pesa,4,0.04,0.72,0.33,0.0,Samsung,South Korea,Premium,New,1937753,9.8,Physical Store,Mobile Money,0,1,0.0,0.323,0.9,1.159,1.0,1.0,0.537,0.6,1
CUST_04121,15,Male,Mwanza,Muslim,Sukuma,Secondary,"<200,000",Tigo Pesa,3,0.73,0.73,0.48,0.7,Samsung,South Korea,Premium,New,1968835,8.2,Physical Store,Mobile Money,0,2,0.0,0.394,0.9,1.088,1.0,1.0,0.524,0.5,1
CUST_03478,28,Female,Tanga,Christian,Others,Primary,"<200,000",Airtel Money,5,0.3,0.71,0.77,0.5,Itel,China,Budget,New,154413,4.2,Online,Mobile Money,0,11,0.269,0.323,1.0,0.644,1.0,1.0,0.393,0.62,1
CUST_01115,32,Female,Mwanza,Christian,Chagga,Primary,"<200,000",Tigo Pesa,1,0.48,0.99,0.47,0.3,Infinix,China,Mid-Range,New,530386,6.4,Physical Store,Mobile Money,0,2,0.0,0.301,1.0,0.577,1.0,1.0,0.597,0.68,1
CUST_03425,38,Female,Mbeya,Muslim,Sukuma,Primary,">2,000,000",M-Pesa,2,0.24,0.42,0.71,0.3,Infinix,China,Mid-Range,New,308967,7.1,Online,Card,1,2,0.676,0.504,0.9,0.597,1.0,1.0,0.684,0.76,1
CUST_04177,28,Female,Dodoma,Christian,Nyamwezi,Secondary,"1,000,001-2,000,000",Airtel Money,5,0.15,0.39,0.3,0.0,Apple,USA,Premium,New,1954906,9.4,Physical Store,Mobile Money,0,2,0.365,0.282,1.0,1.02,1.0,1.0,0.599,0.57,1
CUST_02498,18,Female,Dodoma,Christian,Sukuma,Primary,"500,001-1,000,000",M-Pesa,5,0.32,0.41,0.52,0.7,Infinix,China,Mid-Range,New,440977,7.4,Physical Store,Mobile Money,0,2,0.548,0.385,1.0,0.655,1.0,1.0,0.601,0.76,1
CUST_01562,39,Male,Dar es Salaam,Christian,Haya,Secondary,"500,001-1,000,000",M-Pesa,3,0.28,0.73,0.35,0.3,Tecno,China,Mid-Range,New,351146,6.1,Physical Store,Cash,0,2,0.359,0.214,1.0,0.542,1.0,1.0,0.644,0.7,1
CUST_04034,43,Male,Mwanza,Christian,Sukuma,Diploma,"200,000-500,000",Airtel Money,5,0.35,1.0,0.73,0.5,Huawei,China,Premium,New,1621520,9.6,Online,Cash,0,1,0.0,0.701,1.0,0.711,1.0,1.0,0.609,0.65,1
CUST_02902,15,Male,Dar es Salaam,Christian,Others,Diploma,"500,001-1,000,000",Halopesa,3,0.4,0.48,0.49,0.7,Oppo,China,Mid-Range,Used,269276,5.4,Physical Store,Card,1,2,0.677,0.265,1.0,0.808,0.6,1.0,0.601,0.67,1
CUST_00588,29,Male,Mwanza,Muslim,Others,Secondary,"200,000-500,000",Halopesa,1,0.34,0.79,0.73,0.0,Nokia,Finland,Mid-Range,New,425014,6.8,Online,Cash,1,2,0.161,0.496,0.9,0.858,1.0,1.0,0.4,0.72,0
CUST_02262,18,Male,Arusha,Muslim,Others,Diploma,"200,000-500,000",M-Pesa,1,0.12,0.75,0.78,0.7,Apple,USA,Premium,New,1420309,8.5,Mobile,Mobile Money,0,2,0.112,0.663,0.9,1.084,1.0,1.0,0.737,0.63,1
CUST_02604,29,Male,Dodoma,Christian,Others,No formal,"200,000-500,000",Tigo Pesa,2,0.53,0.86,0.48,0.7,Huawei,China,Premium,New,1272575,9.0,Online,Cash,0,1,0.088,0.432,1.0,0.835,1.0,1.0,0.477,0.69,1
CUST_04836,19,Male,Dodoma,Muslim,Others,Primary,"<200,000",None,5,0.37,0.91,0.6,0.5,Apple,USA,Premium,New,1551962,8.4,Online,Card,0,12,0.0,0.504,0.9,0.614,1.0,1.0,0.41,0.59,0
CUST_01066,32,Male,Mwanza,Muslim,Makonde,Secondary,"200,000-500,000",Tigo Pesa,5,0.09,0.93,0.74,0.5,Samsung,South Korea,Premium,New,1644138,8.9,Mobile,Mobile Money,0,2,0.0,0.659,0.9,0.651,1.0,1.0,0.687,0.61,1
CUST_00528,30,Female,Mbeya,Muslim,Others,No formal,"500,001-1,000,000",Tigo Pesa,3,0.25,0.67,0.3,0.7,Huawei,China,Premium,New,1455194,9.3,Online,Cash,0,11,0.188,0.279,0.9,0.854,1.0,1.0,0.529,0.67,1
CUST_04472,22,Male,Tanga,Muslim,Others,No formal,"200,000-500,000",Airtel Money,1,0.35,0.88,0.31,0.0,Xiaomi,China,Mid-Range,New,336913,7.1,Physical Store,Cash,0,12,0.259,0.22,0.9,0.677,1.0,1.0,0.537,0.76,1
CUST_02630,23,Female,Mwanza,Christian,Others,Secondary,"200,000-500,000",M-Pesa,5,0.14,0.77,0.67,0.3,Tecno,China,Mid-Range,New,558404,6.5,Physical Store,Cash,1,1,0.0,0.436,1.0,0.561,1.0,1.0,0.388,0.68,1
CUST_02261,17,Male,Dodoma,Muslim,Others,No formal,"500,001-1,000,000",Airtel Money,2,0.32,0.51,0.5,0.7,Tecno,China,Mid-Range,New,484208,6.2,Physical Store,Mobile Money,0,1,0.383,0.31,0.9,0.808,1.0,1.0,0.61,0.68,1
CUST_00534,23,Female,Zanzibar,Muslim,Others,Secondary,"<200,000",Tigo Pesa,4,0.32,0.73,0.66,0.3,Tecno,China,Mid-Range,New,292631,6.7,Mobile,Mobile Money,0,2,0.466,0.442,0.9,0.728,1.0,1.0,0.5,0.74,1
CUST_02796,36,Female,Morogoro,Muslim,Nyamwezi,Primary,"200,000-500,000",Tigo Pesa,3,0.37,0.79,0.49,0.5,Vivo,China,Mid-Range,New,568561,6.9,Physical Store,Cash,0,2,0.0,0.338,0.9,0.831,1.0,1.0,0.555,0.7,1
CUST_03525,21,Male,Tanga,Christian,Haya,Primary,"200,000-500,000",None,1,0.16,0.98,0.31,0.3,Huawei,China,Premium,New,2000805,8.6,Online,Cash,1,2,0.0,0.267,1.0,0.982,1.0,1.0,0.495,0.52,1
CUST_04299,27,Male,Morogoro,Christian,Others,Secondary,"<200,000",M-Pesa,3,0.18,0.8,0.4,0.5,Huawei,China,Premium,New,1469670,9.4,Mobile,Cash,0,1,0.02,0.376,1.0,0.918,1.0,1.0,0.408,0.67,1
CUST_03149,34,Female,Dodoma,Muslim,Others,Secondary,"200,000-500,000",M-Pesa,3,0.3,0.85,0.85,0.3,Infinix,China,Mid-Range,New,432503,6.5,Physical Store,Mobile Money,0,2,0.081,0.552,0.9,0.914,1.0,1.0,0.459,0.7,1
CUST_01127,23,Male,Dodoma,Christian,Sukuma,Primary,"<200,000",M-Pesa,3,0.22,0.9,0.42,0.5,Tecno,China,Mid-Range,New,458415,6.3,Physical Store,Cash,1,2,0.0,0.265,1.0,0.974,1.0,1.0,0.509,0.69,1
CUST_03993,40,Male,Mbeya,Christian,Others,No formal,"<200,000",Airtel Money,4,0.09,0.84,0.3,0.5,Oppo,China,Mid-Range,New,543256,7.6,Physical Store,Cash,0,12,0.0,0.228,1.0,0.547,1.0,1.0,0.238,0.75,1
CUST_04196,29,Female,Dodoma,Christian,Gogo,Primary,"200,000-500,000",Tigo Pesa,3,0.21,0.82,0.86,0.7,Oppo,China,Mid-Range,New,426956,6.6,Online,Cash,1,2,0.125,0.568,1.0,0.685,1.0,1.0,0.617,0.71,1
CUST_01211,18,Female,Dar es Salaam,Christian,Others,Bachelor,"500,001-1,000,000",Airtel Money,4,0.11,0.58,0.61,0.0,Itel,China,Budget,New,131283,6.8,Physical Store,Card,0,2,0.492,0.415,1.0,0.911,1.0,1.0,0.661,0.78,0
CUST_01552,15,Female,Dar es Salaam,Muslim,Chagga,Primary,"500,001-1,000,000",Tigo Pesa,4,0.28,0.74,0.67,0.5,Nokia,Finland,Mid-Range,New,350146,6.8,Physical Store,Mobile Money,0,2,0.352,0.456,0.9,0.632,1.0,1.0,0.643,0.74,1
CUST_03574,23,Female,Tanga,Christian,Haya,Primary,"200,000-500,000",Tigo Pesa,3,0.08,0.72,0.82,0.5,Vivo,China,Mid-Range,New,580329,6.5,Online,Mobile Money,0,1,0.0,0.533,1.0,0.761,1.0,1.0,0.346,0.67,1
CUST_01908,39,Male,Morogoro,Christian,Others,No formal,"200,000-500,000",Tigo Pesa,3,0.49,0.94,0.85,0.3,Infinix,China,Mid-Range,New,476047,8.0,Physical Store,Mobile Money,1,12,0.0,0.68,1.0,0.766,1.0,1.0,0.661,0.78,1
CUST_00355,32,Male,Tanga,Christian,Others,Diploma,"1,000,001-2,000,000",M-Pesa,5,0.33,0.36,0.31,1.0,Apple,USA,Premium,New,1718052,9.0,Physical Store,Card,0,2,0.485,0.279,1.0,0.975,1.0,0.8,0.677,0.6,1
CUST_00282,26,Male,Dar es Salaam,Christian,Others,Secondary,"200,000-500,000",M-Pesa,4,0.39,0.8,0.57,0.5,Huawei,China,Premium,New,1971540,8.6,Physical Store,Mobile Money,0,1,0.0,0.49,1.0,0.758,1.0,1.0,0.433,0.52,0
CUST_00182,37,Female,Dar es Salaam,Christian,Chagga,Secondary,"<200,000",M-Pesa,5,0.09,0.89,0.46,0.0,Huawei,China,Premium,New,1502347,8.8,Physical Store,Cash,0,2,0.0,0.405,1.0,0.717,1.0,1.0,0.453,0.63,1
CUST_01472,24,Male,Zanzibar,Muslim,Others,Diploma,"500,001-1,000,000",M-Pesa,3,0.3,0.61,0.63,0.3,Itel,China,Budget,New,129440,5.1,Physical Store,Mobile Money,0,2,0.474,0.321,0.9,0.889,1.0,1.0,0.48,0.68,1
CUST_01560,15,Male,Arusha,Muslim,Gogo,Secondary,"<200,000",M-Pesa,3,0.09,0.94,0.81,0.3,Itel,China,Budget,New,135084,5.9,Physical Store,Cash,1,2,0.153,0.478,0.9,0.713,1.0,1.0,0.487,0.73,1
CUST_03491,25,Female,Dar es Salaam,Muslim,Sukuma,Primary,"200,000-500,000",Tigo Pesa,1,0.15,0.73,0.85,0.3,Xiaomi,China,Mid-Range,New,400706,6.2,Physical Store,Mobile Money,0,2,0.269,0.527,0.9,0.715,1.0,1.0,0.781,0.69,1
CUST_01724,23,Male,Dar es Salaam,Christian,Others,Diploma,"1,000,001-2,000,000",Tigo Pesa,5,0.24,0.41,0.8,0.7,Vivo,China,Mid-Range,New,551726,7.7,Physical Store,Cash,0,1,0.434,0.616,1.0,0.645,1.0,1.0,0.552,0.75,1
CUST_01642,38,Male,Zanzibar,Muslim,Sukuma,Diploma,"<200,000",M-Pesa,2,0.1,0.94,0.34,0.3,Tecno,China,Mid-Range,New,358385,7.3,Physical Store,Mobile Money,1,2,0.158,0.248,0.9,0.827,1.0,1.0,0.515,0.77,1
CUST_03914,28,Female,Tanga,Muslim,Sukuma,Bachelor,"200,000-500,000",Tigo Pesa,5,0.4,0.72,0.89,0.5,Apple,USA,Premium,New,2367608,8.6,Physical Store,Card,1,11,0.0,0.765,0.9,0.954,1.0,1.0,0.778,0.44,1
CUST_00266,41,Female,Morogoro,Muslim,Others,Primary,"200,000-500,000",Tigo Pesa,3,0.04,0.76,0.75,0.0,Huawei,China,Premium,New,1296090,8.0,Online,Card,0,1,0.179,0.6,0.9,0.707,1.0,1.0,0.526,0.62,1
CUST_00992,30,Female,Mwanza,Muslim,Others,Diploma,"<200,000",M-Pesa,4,0.5,0.89,0.82,0.7,Infinix,China,Mid-Range,New,470447,6.5,Physical Store,Mobile Money,1,2,0.0,0.533,0.9,0.745,1.0,1.0,0.621,0.7,0
CUST_02307,42,Male,Tanga,Muslim,Others,No formal,"<200,000",Halopesa,1,0.26,0.71,0.62,1.0,Xiaomi,China,Mid-Range,Used,199677,6.0,Physical Store,Mobile Money,1,1,0.646,0.372,0.9,0.929,0.6,0.8,0.598,0.72,1
CUST_01618,29,Female,Tanga,Muslim,Others,No formal,"<200,000",M-Pesa,1,0.06,0.74,0.83,0.3,Tecno,China,Mid-Range,New,403759,7.1,Physical Store,Cash,0,1,0.253,0.589,0.9,0.951,1.0,1.0,0.631,0.75,1
CUST_00824,28,Male,Arusha,Muslim,Others,Bachelor,"<200,000",Halopesa,2,0.43,0.84,0.75,0.7,Itel,China,Budget,Used,164477,4.7,Physical Store,Cash,1,2,0.079,0.353,0.9,0.611,0.6,1.0,0.437,0.65,1
CUST_01348,41,Female,Morogoro,Muslim,Others,Diploma,"500,001-1,000,000",Halopesa,3,0.38,0.58,0.54,0.7,Itel,China,Budget,New,208588,6.2,Physical Store,Mobile Money,0,12,0.193,0.335,0.9,0.936,1.0,1.0,0.623,0.73,1
CUST_03468,22,Female,Mbeya,Christian,Nyamwezi,Primary,"200,000-500,000",M-Pesa,3,0.42,0.95,0.6,0.5,Infinix,China,Mid-Range,New,251975,6.8,Physical Store,Cash,0,12,0.402,0.408,1.0,0.571,1.0,1.0,0.665,0.76,1
CUST_00743,25,Female,Dar es Salaam,Muslim,Others,No formal,"<200,000",Tigo Pesa,2,0.3,0.74,0.65,0.5,Xiaomi,China,Mid-Range,New,595066,6.0,Physical Store,Card,0,1,0.0,0.39,0.9,0.62,1.0,1.0,0.5,0.64,1
CUST_04603,31,Female,Zanzibar,Christian,Others,Secondary,"<200,000",Airtel Money,3,0.28,0.83,0.65,0.5,Apple,USA,Premium,New,849297,9.7,Physical Store,Card,0,12,0.413,0.63,1.0,0.774,1.0,1.0,0.756,0.81,0
CUST_00499,15,Female,Dar es Salaam,Christian,Gogo,Primary,"500,001-1,000,000",Halopesa,2,0.33,0.44,0.66,0.0,Infinix,China,Mid-Range,New,465750,7.4,Online,Cash,0,1,0.488,0.488,1.0,0.824,1.0,1.0,0.728,0.75,1
CUST_04724,34,Male,Morogoro,Muslim,Others,No formal,"500,001-1,000,000",M-Pesa,2,0.08,0.59,0.31,0.3,Itel,China,Budget,Used,88669,3.4,Physical Store,Cash,0,1,0.651,0.105,0.9,0.653,0.6,1.0,0.5,0.59,1
CUST_02316,39,Male,Mwanza,Christian,Others,Primary,"500,001-1,000,000",M-Pesa,4,0.14,0.68,0.85,0.5,Huawei,China,Premium,New,2247886,8.9,Physical Store,Mobile Money,0,2,0.0,0.756,1.0,0.604,1.0,1.0,0.541,0.48,1
CUST_00833,32,Female,Morogoro,Muslim,Others,Secondary,"500,001-1,000,000",Halopesa,5,0.5,0.47,0.51,0.7,Infinix,China,Mid-Range,New,408316,7.8,Physical Store,Cash,0,2,0.52,0.398,0.9,0.594,1.0,1.0,0.833,0.79,1
CUST_04224,15,Male,Mwanza,Christian,Others,Primary,"500,001-1,000,000",Tigo Pesa,3,0.23,0.5,0.61,0.3,Huawei,China,Premium,New,2148883,9.4,Physical Store,Cash,0,12,0.105,0.573,1.0,0.906,1.0,1.0,0.554,0.53,0
CUST_03765,51,Female,Tanga,Muslim,Others,Bachelor,"<200,000",M-Pesa,4,0.26,0.9,0.65,0.5,Apple,USA,Premium,New,1359459,9.0,Physical Store,Card,0,1,0.0,0.585,0.9,1.063,1.0,1.0,0.612,0.67,0
CUST_03952,36,Female,Dodoma,Christian,Others,Primary,"500,001-1,000,000",M-Pesa,4,0.47,0.5,0.71,0.5,Tecno,China,Mid-Range,New,462483,6.9,Physical Store,Mobile Money,0,12,0.422,0.49,1.0,0.925,1.0,1.0,0.728,0.72,0
CUST_03262,24,Female,Zanzibar,Christian,Others,Diploma,"500,001-1,000,000",Tigo Pesa,4,0.5,0.52,0.83,0.5,Infinix,China,Mid-Range,Used,343170,6.5,Physical Store,Mobile Money,0,2,0.554,0.54,1.0,0.509,0.6,1.0,0.636,0.72,1
CUST_03974,26,Male,Zanzibar,Muslim,Haya,Diploma,"200,000-500,000",M-Pesa,3,0.13,0.96,0.57,0.5,Samsung,South Korea,Premium,New,2331577,8.2,Online,Mobile Money,0,12,0.0,0.467,0.9,0.948,1.0,1.0,0.446,0.43,1
CUST_02730,15,Male,Mwanza,Christian,Others,Secondary,"<200,000",Tigo Pesa,2,0.61,0.74,0.4,0.0,Xiaomi,China,Mid-Range,Used,404438,5.2,Physical Store,Mobile Money,0,11,0.252,0.208,1.0,0.794,0.6,1.0,0.482,0.63,0
CUST_02419,29,Female,Mwanza,Christian,Others,Primary,"500,001-1,000,000",Airtel Money,1,0.2,0.64,0.39,0.3,Apple,USA,Premium,New,1196878,9.3,Physical Store,Cash,0,1,0.362,0.363,1.0,1.173,1.0,1.0,0.65,0.72,1
CUST_04496,29,Male,Dar es Salaam,Christian,Others,Secondary,"500,001-1,000,000",Airtel Money,1,0.17,0.43,0.74,0.7,Tecno,China,Mid-Range,New,445978,7.8,Physical Store,Mobile Money,1,10,0.521,0.577,1.0,0.808,1.0,1.0,0.676,0.78,1
CUST_02223,28,Female,Morogoro,Muslim,Others,Diploma,"200,000-500,000",Tigo Pesa,4,0.24,0.9,0.59,0.0,Infinix,China,Mid-Range,New,363356,7.3,Physical Store,Cash,0,1,0.182,0.431,0.9,0.59,1.0,1.0,0.577,0.77,0
CUST_02255,15,Female,Zanzibar,Christian,Others,Primary,"<200,000",Tigo Pesa,4,0.17,0.83,0.52,0.5,Infinix,China,Mid-Range,New,444771,6.9,Online,Cash,1,2,0.077,0.359,1.0,0.868,1.0,1.0,0.49,0.73,1
CUST_01272,27,Male,Mwanza,Christian,Chagga,Primary,"200,000-500,000",M-Pesa,1,0.32,0.72,0.74,0.0,Tecno,China,Mid-Range,New,358912,7.4,Physical Store,Card,0,1,0.354,0.548,1.0,0.791,1.0,1.0,0.679,0.77,1
CUST_02300,32,Female,Dodoma,Christian,Others,Primary,"500,001-1,000,000",Airtel Money,2,0.35,0.58,0.8,0.5,Itel,China,Budget,New,108970,6.4,Online,Cash,0,1,0.579,0.512,1.0,0.518,1.0,1.0,0.618,0.76,1
CUST_01141,32,Male,Arusha,Muslim,Sukuma,No formal,"200,000-500,000",None,2,0.27,1.0,0.33,0.3,Infinix,China,Mid-Range,New,339939,7.7,Physical Store,Mobile Money,0,2,0.15,0.254,0.9,0.524,1.0,1.0,0.341,0.79,1
CUST_01282,33,Male,Dar es Salaam,Muslim,Others,Secondary,"500,001-1,000,000",M-Pesa,4,0.35,0.7,0.4,0.3,Oppo,China,Mid-Range,New,495445,6.6,Physical Store,Mobile Money,0,9,0.133,0.264,0.9,0.543,1.0,1.0,0.402,0.7,1
CUST_01800,18,Female,Mbeya,Muslim,Others,Secondary,"500,001-1,000,000",M-Pesa,4,0.1,0.56,0.36,0.7,Tecno,China,Mid-Range,New,419196,6.3,Physical Store,Cash,0,12,0.413,0.227,0.9,0.892,1.0,1.0,0.494,0.69,0
CUST_03005,21,Female,Mwanza,Christian,Others,Secondary,"500,001-1,000,000",Airtel Money,3,0.17,0.73,0.69,0.0,Tecno,China,Mid-Range,Used,414111,5.3,Physical Store,Cash,0,1,0.244,0.366,1.0,0.757,0.6,1.0,0.489,0.64,1
CUST_02765,15,Female,Dodoma,Muslim,Others,Primary,"200,000-500,000",Airtel Money,2,0.56,0.79,0.32,0.0,Nokia,Finland,Mid-Range,Used,433341,5.9,Physical Store,Mobile Money,1,2,0.144,0.189,0.9,0.644,0.6,1.0,0.287,0.67,1
CUST_04743,42,Male,Mbeya,Other,Others,Diploma,"<200,000",M-Pesa,4,0.57,0.83,0.33,0.7,Tecno,China,Mid-Range,New,364506,6.8,Physical Store,Mobile Money,0,1,0.244,0.224,1.0,0.623,1.0,1.0,0.545,0.74,1
CUST_04076,22,Female,Mbeya,Christian,Others,Primary,">2,000,000",Halopesa,5,0.49,0.48,0.39,0.0,Samsung,South Korea,Premium,New,1090793,8.6,Physical Store,Cash,0,1,0.564,0.335,1.0,0.629,1.0,1.0,0.631,0.7,1
CUST_03982,23,Male,Mwanza,Muslim,Others,Secondary,"200,000-500,000",Halopesa,3,0.3,0.74,0.61,0.0,Vivo,China,Mid-Range,New,303453,6.1,Physical Store,Mobile Money,0,2,0.439,0.372,0.9,0.665,1.0,1.0,0.636,0.71,1
CUST_04709,27,Male,Mwanza,Muslim,Chagga,Bachelor,"200,000-500,000",M-Pesa,2,0.6,0.8,0.33,0.0,Infinix,China,Mid-Range,Used,434341,6.1,Physical Store,Cash,0,2,0.131,0.201,0.9,0.616,0.6,1.0,0.512,0.68,1
CUST_04976,35,Male,Tanga,Christian,Gogo,Secondary,"<200,000",Tigo Pesa,5,0.53,0.97,0.41,0.3,Nokia,Finland,Mid-Range,New,341960,6.7,Physical Store,Mobile Money,0,1,0.171,0.275,1.0,0.953,1.0,1.0,0.527,0.73,1
CUST_04505,15,Male,Zanzibar,Muslim,Others,Bachelor,"<200,000",M-Pesa,1,0.2,0.99,0.84,0.0,Apple,USA,Premium,New,1116319,8.7,Physical Store,Mobile Money,0,2,0.079,0.731,0.9,1.119,1.0,1.0,0.704,0.7,1
CUST_04529,40,Female,Arusha,Muslim,Sukuma,Primary,"200,000-500,000",M-Pesa,4,0.3,0.8,0.43,0.3,Infinix,China,Mid-Range,New,251166,7.5,Physical Store,Cash,0,2,0.498,0.322,0.9,0.88,1.0,1.0,0.64,0.8,1
CUST_03910,31,Female,Arusha,Christian,Others,Diploma,"200,000-500,000",Airtel Money,2,0.05,0.9,0.73,0.7,Nokia,Finland,Mid-Range,New,408852,6.1,Physical Store,Cash,0,2,0.08,0.445,1.0,0.718,1.0,1.0,0.544,0.68,1
CUST_01055,15,Female,Dar es Salaam,Christian,Others,Bachelor,"<200,000",Tigo Pesa,4,0.29,0.79,0.46,0.7,Apple,USA,Premium,New,2327065,9.8,Physical Store,Mobile Money,1,2,0.0,0.451,1.0,0.909,1.0,1.0,0.637,0.52,1
CUST_04359,32,Female,Mbeya,Christian,Nyamwezi,Primary,"200,000-500,000",Airtel Money,1,0.09,0.79,0.44,0.5,Samsung,South Korea,Premium,New,1200796,9.3,Physical Store,Mobile Money,1,2,0.209,0.409,1.0,1.115,1.0,1.0,0.513,0.72,1
CUST_02400,17,Male,Mwanza,Muslim,Sukuma,Primary,"500,001-1,000,000",M-Pesa,3,0.1,0.75,0.83,0.7,Infinix,China,Mid-Range,Used,349110,5.6,Physical Store,Cash,0,2,0.345,0.465,0.9,0.921,0.6,1.0,0.721,0.67,1
CUST_03519,16,Female,Tanga,Christian,Others,Primary,"<200,000",M-Pesa,1,0.18,0.94,0.49,0.0,Samsung,South Korea,Premium,New,1798936,8.8,Physical Store,Cash,0,2,0.0,0.431,1.0,1.143,1.0,1.0,0.507,0.57,1
CUST_02646,16,Male,Mwanza,Muslim,Sukuma,Secondary,"200,000-500,000",Tigo Pesa,5,0.3,0.93,0.78,0.5,Tecno,China,Mid-Range,New,252981,7.1,Physical Store,Cash,1,2,0.412,0.554,0.9,0.691,1.0,1.0,0.809,0.78,1
CUST_03764,30,Female,Dodoma,Muslim,Makonde,No formal,"200,000-500,000",Airtel Money,2,0.54,0.89,0.79,0.3,Samsung,South Korea,Premium,New,1842011,9.6,Physical Store,Cash,0,2,0.0,0.758,0.9,0.674,1.0,1.0,0.68,0.61,1
CUST_04900,30,Female,Tanga,Muslim,Haya,Secondary,"<200,000",M-Pesa,3,0.47,0.73,0.46,0.5,Oppo,China,Mid-Range,Used,236511,5.1,Physical Store,Mobile Money,1,2,0.568,0.235,0.9,0.605,0.6,1.0,0.568,0.66,1
CUST_02221,24,Female,Mbeya,Christian,Sukuma,Secondary,"200,000-500,000",Airtel Money,3,0.2,0.94,0.83,0.5,Tecno,China,Mid-Range,New,464603,7.2,Physical Store,Mobile Money,0,12,0.0,0.598,1.0,0.611,1.0,1.0,0.539,0.74,1
CUST_03693,34,Female,Arusha,Christian,Gogo,Secondary,"200,000-500,000",M-Pesa,2,0.14,0.72,0.77,0.0,Infinix,China,Mid-Range,New,260309,6.4,Physical Store,Cash,0,2,0.531,0.493,1.0,0.587,1.0,1.0,0.612,0.73,1
CUST_02990,31,Male,Dar es Salaam,Christian,Others,No formal,"1,000,001-2,000,000",M-Pesa,4,0.43,0.26,0.31,0.7,Apple,USA,Premium,New,1354096,9.4,Online,Cash,0,2,0.707,0.291,1.0,0.655,1.0,1.0,0.975,0.69,1
CUST_01819,37,Male,Dar es Salaam,Christian,Others,Primary,"<200,000",Tigo Pesa,5,0.01,0.72,0.88,0.3,Vivo,China,Mid-Range,New,467444,7.9,Mobile,Cash,1,1,0.159,0.695,1.0,0.628,1.0,1.0,0.553,0.78,1
CUST_04392,21,Male,Morogoro,Muslim,Others,Diploma,"<200,000",M-Pesa,5,0.17,0.73,0.84,0.3,Apple,USA,Premium,New,1315872,8.7,Physical Store,Card,0,2,0.2,0.731,0.9,1.016,1.0,1.0,0.571,0.66,1
CUST_04173,41,Male,Dar es Salaam,Christian,Others,No formal,"200,000-500,000",Tigo Pesa,2,0.02,0.96,0.89,0.7,Huawei,China,Premium,New,1928075,8.3,Mobile,Mobile Money,1,1,0.0,0.739,1.0,0.593,1.0,1.0,0.35,0.51,1
CUST_01972,40,Female,Arusha,Muslim,Others,Primary,"1,000,001-2,000,000",M-Pesa,4,0.17,0.16,0.33,0.3,Samsung,South Korea,Premium,New,1944957,8.4,Online,Mobile Money,0,2,0.741,0.277,0.9,0.679,1.0,1.0,0.613,0.52,1
CUST_02419,29,Female,Mwanza,Christian,Others,Primary,"500,001-1,000,000",Airtel Money,1,0.2,0.64,0.39,0.3,Nokia,Finland,Mid-Range,New,384131,6.6,Physical Store,Cash,0,2,0.385,0.257,1.0,0.51,1.0,1.0,0.546,0.72,1
CUST_04404,33,Male,Dodoma,Christian,Makonde,Secondary,"500,001-1,000,000",Halopesa,5,0.33,0.56,0.72,0.0,Tecno,China,Mid-Range,New,372853,6.7,Physical Store,Mobile Money,1,2,0.478,0.482,1.0,0.826,1.0,1.0,0.657,0.73,1
CUST_00404,24,Female,Dar es Salaam,Christian,Chagga,Secondary,">2,000,000",M-Pesa,3,0.32,0.43,0.48,0.3,Oppo,China,Mid-Range,New,540986,7.6,Physical Store,Cash,0,2,0.418,0.365,1.0,0.84,1.0,1.0,0.459,0.75,1
CUST_00151,39,Male,Arusha,Christian,Others,Master+,"500,001-1,000,000",Airtel Money,2,0.28,0.71,0.7,0.5,Tecno,China,Mid-Range,New,412198,7.8,Physical Store,Cash,1,2,0.268,0.546,1.0,0.999,1.0,1.0,0.708,0.79,1
CUST_03483,15,Female,Mbeya,Christian,Others,No formal,"500,001-1,000,000",Tigo Pesa,4,0.5,0.78,0.74,0.7,Xiaomi,China,Mid-Range,New,326354,6.1,Physical Store,Cash,0,12,0.364,0.451,1.0,0.745,1.0,1.0,0.592,0.7,1
CUST_04484,33,Male,Arusha,Muslim,Sukuma,Diploma,"200,000-500,000",Airtel Money,3,0.34,0.75,0.84,0.7,Samsung,South Korea,Premium,New,2092528,9.1,Online,Cash,0,2,0.0,0.764,0.9,1.124,1.0,1.0,0.601,0.53,1
CUST_01542,31,Female,Mwanza,Muslim,Others,No formal,"<200,000",M-Pesa,2,0.32,0.88,0.83,0.5,Nokia,Finland,Mid-Range,New,576492,7.3,Physical Store,Card,0,1,0.0,0.606,0.9,0.886,1.0,1.0,0.705,0.72,1
CUST_01281,24,Male,Tanga,Muslim,Others,No formal,"<200,000",Halopesa,2,0.33,0.77,0.89,0.7,Infinix,China,Mid-Range,New,402122,6.1,Physical Store,Mobile Money,0,12,0.226,0.543,0.9,0.868,1.0,1.0,0.797,0.69,1
CUST_02771,24,Male,Dodoma,Muslim,Others,Secondary,"500,001-1,000,000",M-Pesa,2,0.24,0.73,0.39,0.5,Samsung,South Korea,Premium,New,2342369,8.7,Physical Store,Cash,1,1,0.0,0.339,0.9,0.986,1.0,1.0,0.509,0.45,1
CUST_01405,15,Male,Morogoro,Muslim,Nyamwezi,No formal,"500,001-1,000,000",M-Pesa,2,0.17,0.43,0.52,0.3,Itel,China,Budget,New,203194,5.8,Mobile,Mobile Money,0,2,0.418,0.302,0.9,0.871,1.0,1.0,0.654,0.71,0
CUST_01678,21,Male,Mbeya,Muslim,Others,No formal,">2,000,000",Tigo Pesa,5,0.29,0.45,0.6,0.0,Apple,USA,Premium,New,835930,8.4,Mobile,Cash,0,2,0.687,0.504,0.9,0.861,1.0,1.0,0.768,0.74,0
CUST_03229,27,Female,Dar es Salaam,Muslim,Others,Diploma,"500,001-1,000,000",M-Pesa,2,0.27,0.5,0.57,0.5,Infinix,China,Mid-Range,New,295616,6.9,Physical Store,Mobile Money,0,1,0.63,0.393,0.9,0.517,1.0,1.0,0.698,0.75,1
CUST_03987,30,Male,Dodoma,Christian,Others,No formal,"500,001-1,000,000",Airtel Money,4,0.15,0.59,0.61,0.5,Oppo,China,Mid-Range,New,570557,6.3,Physical Store,Mobile Money,0,2,0.158,0.384,1.0,0.998,1.0,1.0,0.543,0.66,1
CUST_01764,42,Male,Morogoro,Christian,Others,Master+,"<200,000",M-Pesa,1,0.18,0.96,0.7,0.5,Infinix,China,Mid-Range,New,278695,7.3,Physical Store,Cash,1,2,0.331,0.511,1.0,0.891,1.0,1.0,0.657,0.78,1
CUST_03194,19,Male,Zanzibar,Christian,Others,Bachelor,"200,000-500,000",M-Pesa,4,0.36,0.76,0.38,0.3,Nokia,Finland,Mid-Range,New,478000,7.0,Physical Store,Mobile Money,1,2,0.092,0.266,1.0,0.854,1.0,1.0,0.503,0.72,1
CUST_02287,20,Female,Dar es Salaam,Muslim,Nyamwezi,Diploma,"500,001-1,000,000",Halopesa,3,0.23,0.61,0.31,0.3,Nokia,Finland,Mid-Range,New,361735,6.6,Online,Mobile Money,0,12,0.448,0.205,0.9,0.54,1.0,1.0,0.458,0.72,1
CUST_01997,27,Female,Dar es Salaam,Christian,Others,Bachelor,"200,000-500,000",M-Pesa,2,0.1,0.73,0.42,0.7,Infinix,China,Mid-Range,New,381652,7.6,Physical Store,Cash,0,2,0.303,0.319,1.0,0.896,1.0,1.0,0.601,0.78,1
CUST_04906,22,Female,Dar es Salaam,Christian,Others,Secondary,"<200,000",Tigo Pesa,2,0.4,0.9,0.9,0.0,Huawei,China,Premium,New,783085,9.7,Mobile,Mobile Money,1,12,0.413,0.873,1.0,0.639,1.0,1.0,0.618,0.83,1
CUST_03717,21,Female,Dar es Salaam,Muslim,Others,Secondary,"500,001-1,000,000",Airtel Money,3,0.23,0.74,0.36,1.0,Huawei,China,Premium,New,843985,9.2,Physical Store,Mobile Money,0,1,0.48,0.331,0.9,0.672,1.0,0.8,0.592,0.78,1
CUST_01391,32,Female,Dodoma,Christian,Others,Bachelor,"200,000-500,000",M-Pesa,3,0.56,0.95,0.85,0.3,Samsung,South Korea,Premium,New,1274652,8.4,Physical Store,Mobile Money,0,2,0.0,0.714,1.0,0.724,1.0,1.0,0.606,0.65,1
CUST_04225,35,Female,Dodoma,Christian,Others,Secondary,">2,000,000",Tigo Pesa,3,0.06,0.43,0.62,0.5,Nokia,Finland,Mid-Range,New,484702,6.6,Physical Store,Mobile Money,0,2,0.479,0.409,1.0,0.716,1.0,1.0,0.589,0.7,1
CUST_00033,29,Female,Mbeya,Muslim,Others,Diploma,"200,000-500,000",M-Pesa,1,0.3,0.74,0.31,0.3,Huawei,China,Premium,New,1626227,8.1,Physical Store,Card,0,2,0.0,0.251,0.9,0.835,1.0,1.0,0.413,0.56,1
CUST_01183,26,Male,Arusha,Christian,Others,Diploma,"<200,000",Halopesa,3,0.21,0.96,0.33,0.3,Apple,USA,Premium,New,2311532,8.1,Physical Store,Cash,0,2,0.0,0.267,1.0,0.821,1.0,1.0,0.553,0.42,1
CUST_01737,18,Female,Mbeya,Christian,Others,Primary,"200,000-500,000",Tigo Pesa,3,0.64,0.86,0.31,0.5,Apple,USA,Premium,New,2009699,8.6,Physical Store,Cash,0,12,0.0,0.267,1.0,1.173,1.0,1.0,0.588,0.51,1
CUST_00537,29,Male,Mbeya,Christian,Others,Primary,"<200,000",M-Pesa,2,0.07,0.79,0.61,0.3,Infinix,China,Mid-Range,New,522312,7.0,Physical Store,Cash,0,1,0.0,0.427,1.0,0.522,1.0,1.0,0.451,0.72,1
CUST_00242,20,Male,Morogoro,Muslim,Others,Secondary,"200,000-500,000",Tigo Pesa,4,0.03,0.77,0.72,0.3,Huawei,China,Premium,New,792541,8.9,Online,Mobile Money,1,2,0.491,0.641,0.9,0.783,1.0,1.0,0.706,0.78,1
CUST_03435,32,Female,Mwanza,Christian,Others,Bachelor,"<200,000",M-Pesa,3,0.05,0.88,0.54,0.5,Tecno,China,Mid-Range,New,543119,7.0,Physical Store,Card,0,2,0.0,0.378,1.0,0.598,1.0,1.0,0.433,0.71,1
CUST_04383,34,Female,Mwanza,Muslim,Makonde,Secondary,"500,001-1,000,000",Airtel Money,4,0.23,0.79,0.67,0.0,Tecno,China,Mid-Range,New,429011,7.1,Physical Store,Mobile Money,1,2,0.153,0.476,0.9,0.512,1.0,1.0,0.431,0.74,1
CUST_01564,21,Male,Dar es Salaam,Other,Others,Secondary,"500,001-1,000,000",M-Pesa,3,0.56,0.58,0.6,0.3,Samsung,South Korea,Premium,New,1443842,8.6,Online,Mobile Money,0,2,0.302,0.516,1.0,1.09,1.0,1.0,0.669,0.63,1
CUST_02352,15,Female,Mwanza,Muslim,Others,No formal,"200,000-500,000",M-Pesa,3,0.46,0.76,0.7,0.7,Infinix,China,Mid-Range,New,469608,6.4,Physical Store,Cash,0,2,0.108,0.448,0.9,0.561,1.0,1.0,0.369,0.69,1
CUST_00024,15,Male,Mwanza,Muslim,Others,Bachelor,"200,000-500,000",Airtel Money,3,0.17,0.73,0.49,1.0,Huawei,China,Premium,New,2207361,8.1,Physical Store,Cash,0,2,0.0,0.397,0.9,0.9,1.0,0.8,0.339,0.44,0
CUST_04634,15,Male,Dodoma,Christian,Others,Diploma,"<200,000",Airtel Money,2,0.18,0.92,0.68,0.3,Nokia,Finland,Mid-Range,New,544127,7.6,Physical Store,Cash,1,2,0.0,0.517,1.0,0.618,1.0,1.0,0.501,0.75,1
CUST_03847,20,Female,Dodoma,Muslim,Others,Secondary,"500,001-1,000,000",None,1,0.69,0.66,0.58,0.5,Infinix,China,Mid-Range,New,253634,7.3,Physical Store,Card,0,2,0.582,0.423,0.9,0.801,1.0,1.0,0.637,0.79,1
CUST_02979,27,Male,Dar es Salaam,Muslim,Others,Bachelor,"<200,000",Airtel Money,4,0.34,0.93,0.86,0.3,Itel,China,Budget,Used,96959,4.5,Online,Mobile Money,0,2,0.399,0.387,0.9,0.54,0.6,1.0,0.438,0.65,1
CUST_02587,15,Male,Morogoro,Christian,Others,No formal,"200,000-500,000",M-Pesa,3,0.13,0.77,0.81,0.0,Tecno,China,Mid-Range,New,264335,6.6,Online,Cash,0,2,0.491,0.535,1.0,0.596,1.0,1.0,0.552,0.74,1
CUST_01876,32,Male,Dar es Salaam,Muslim,Sukuma,Diploma,"200,000-500,000",M-Pesa,5,0.18,0.89,0.7,0.7,Oppo,China,Mid-Range,New,326649,7.7,Physical Store,Cash,0,2,0.273,0.539,0.9,0.983,1.0,1.0,0.517,0.8,1
CUST_04409,32,Female,Zanzibar,Christian,Others,No formal,"<200,000",Airtel Money,2,0.21,0.93,0.81,0.3,Xiaomi,China,Mid-Range,New,400555,7.1,Online,Cash,0,1,0.069,0.575,1.0,0.956,1.0,1.0,0.461,0.75,1
CUST_01990,19,Female,Arusha,Other,Haya,Diploma,"500,001-1,000,000",Tigo Pesa,3,0.48,0.63,0.81,0.0,Huawei,China,Premium,New,1855655,9.2,Physical Store,Mobile Money,1,1,0.026,0.745,1.0,0.6,1.0,1.0,0.549,0.58,0
CUST_01528,24,Male,Zanzibar,Christian,Sukuma,Diploma,"<200,000",Halopesa,3,0.47,0.92,0.49,0.3,Infinix,China,Mid-Range,Used,408917,5.6,Physical Store,Cash,0,2,0.059,0.274,1.0,0.521,0.6,1.0,0.625,0.65,1
CUST_03512,46,Female,Mbeya,Muslim,Sukuma,Secondary,"200,000-500,000",Airtel Money,5,0.31,0.9,0.55,0.3,Infinix,China,Mid-Range,New,326274,7.4,Physical Store,Cash,1,2,0.266,0.407,0.9,0.719,1.0,1.0,0.507,0.78,1
CUST_03717,21,Female,Dar es Salaam,Muslim,Others,Secondary,"500,001-1,000,000",Airtel Money,3,0.23,0.74,0.36,1.0,Nokia,Finland,Mid-Range,New,456587,7.4,Online,Mobile Money,0,1,0.155,0.266,0.9,0.574,1.0,0.8,0.343,0.75,1
CUST_02702,28,Male,Mbeya,Christian,Gogo,Bachelor,"<200,000",Halopesa,5,0.29,0.84,0.46,0.3,Apple,USA,Premium,New,1180736,8.2,Physical Store,Cash,0,2,0.173,0.377,1.0,1.065,1.0,1.0,0.64,0.66,1
CUST_01361,37,Female,Dodoma,Other,Others,Secondary,"500,001-1,000,000",Halopesa,1,0.16,0.56,0.79,0.0,Itel,China,Budget,New,83041,6.0,Physical Store,Mobile Money,0,12,0.69,0.474,1.0,0.584,1.0,1.0,0.705,0.74,1
CUST_01730,19,Female,Zanzibar,Christian,Others,Primary,"<200,000",Halopesa,2,0.01,0.76,0.51,0.0,Tecno,China,Mid-Range,New,357630,7.2,Physical Store,Cash,0,10,0.321,0.367,1.0,0.77,1.0,1.0,0.684,0.76,1
CUST_01111,28,Male,Mwanza,Christian,Others,Secondary,">2,000,000",M-Pesa,5,0.03,0.12,0.63,0.3,Itel,China,Budget,New,104404,4.3,Physical Store,Mobile Money,0,2,0.916,0.271,1.0,0.893,1.0,1.0,0.806,0.64,1
CUST_03409,31,Male,Mbeya,Christian,Makonde,Diploma,"200,000-500,000",M-Pesa,3,0.1,0.76,0.32,0.3,Tecno,China,Mid-Range,New,593866,6.5,Physical Store,Mobile Money,0,11,0.0,0.208,1.0,0.68,1.0,1.0,0.385,0.67,1
CUST_03649,36,Male,Morogoro,Muslim,Others,Bachelor,"500,001-1,000,000",M-Pesa,4,0.22,0.62,0.64,0.0,Samsung,South Korea,Premium,New,2209457,10.0,Physical Store,Mobile Money,0,2,0.0,0.64,0.9,0.662,1.0,1.0,0.614,0.56,1
CUST_03297,19,Male,Zanzibar,Christian,Makonde,Bachelor,"500,001-1,000,000",Airtel Money,5,0.14,0.43,0.8,0.3,Huawei,China,Premium,New,1906744,9.9,Online,Cash,1,1,0.317,0.792,1.0,0.866,1.0,1.0,0.674,0.61,1
CUST_02334,40,Male,Arusha,Muslim,Sukuma,No formal,"500,001-1,000,000",M-Pesa,3,0.33,0.59,0.81,0.5,Tecno,China,Mid-Range,New,261796,6.7,Physical Store,Cash,1,2,0.614,0.543,0.9,0.704,1.0,1.0,0.682,0.75,1
CUST_02332,22,Male,Mbeya,Muslim,Others,Primary,"200,000-500,000",M-Pesa,5,0.37,0.85,0.66,0.5,Vivo,China,Mid-Range,New,388870,7.4,Physical Store,Cash,0,2,0.174,0.488,0.9,0.571,1.0,1.0,0.491,0.77,1
CUST_04283,20,Female,Zanzibar,Christian,Others,Diploma,"1,000,001-2,000,000",M-Pesa,4,0.2,0.17,0.57,0.7,Nokia,Finland,Mid-Range,New,346786,7.0,Physical Store,Cash,1,2,0.853,0.399,1.0,0.528,1.0,1.0,0.745,0.75,1
CUST_00339,36,Male,Morogoro,Christian,Chagga,Bachelor,"200,000-500,000",Halopesa,2,0.04,0.9,0.48,0.0,Tecno,China,Mid-Range,New,497236,6.3,Physical Store,Cash,0,1,0.0,0.302,1.0,0.765,1.0,1.0,0.417,0.68,1
CUST_04070,31,Female,Dar es Salaam,Christian,Nyamwezi,Secondary,"200,000-500,000",Airtel Money,4,0.13,0.75,0.83,0.7,Tecno,China,Mid-Range,New,471775,7.5,Physical Store,Mobile Money,0,1,0.115,0.622,1.0,0.572,1.0,1.0,0.416,0.76,1
CUST_02635,15,Female,Mwanza,Christian,Haya,Bachelor,"200,000-500,000",M-Pesa,4,0.17,0.88,0.41,0.3,Infinix,China,Mid-Range,New,509512,7.3,Physical Store,Cash,0,9,0.0,0.299,1.0,0.635,1.0,1.0,0.347,0.74,1
CUST_03107,20,Female,Mwanza,Christian,Others,Secondary,"500,001-1,000,000",M-Pesa,4,0.37,0.69,0.4,1.0,Tecno,China,Mid-Range,New,398158,7.3,Online,Mobile Money,0,2,0.313,0.292,1.0,0.776,1.0,0.8,0.634,0.76,0
CUST_00274,41,Female,Dar es Salaam,Muslim,Others,Diploma,"<200,000",None,3,0.17,0.77,0.49,0.7,Huawei,China,Premium,Used,1417917,8.9,Physical Store,Cash,1,1,0.09,0.436,0.9,0.844,0.6,1.0,0.417,0.65,1
CUST_03198,35,Male,Dodoma,Muslim,Chagga,Diploma,"200,000-500,000",None,2,0.08,0.98,0.35,0.3,Samsung,South Korea,Premium,New,1666852,9.2,Physical Store,Cash,0,1,0.0,0.322,0.9,0.771,1.0,1.0,0.375,0.62,1
CUST_00342,39,Female,Dodoma,Christian,Others,Primary,"500,001-1,000,000",Tigo Pesa,3,0.52,0.47,0.82,0.5,Tecno,China,Mid-Range,New,499560,7.9,Online,Mobile Money,0,1,0.413,0.648,1.0,0.59,1.0,1.0,0.738,0.77,1
CUST_03753,29,Female,Mbeya,Muslim,Haya,Bachelor,"<200,000",Airtel Money,3,0.11,0.74,0.85,0.7,Nokia,Finland,Mid-Range,New,492797,7.5,Physical Store,Cash,0,1,0.088,0.638,0.9,0.538,1.0,1.0,0.673,0.75,1
CUST_02126,15,Female,Tanga,Other,Haya,Diploma,"<200,000",M-Pesa,2,0.24,0.74,0.79,0.5,Huawei,China,Premium,New,2149748,9.7,Physical Store,Cash,0,1,0.0,0.766,1.0,0.656,1.0,1.0,0.716,0.55,1
CUST_02488,33,Female,Mbeya,Christian,Others,Diploma,"500,001-1,000,000",Airtel Money,2,0.13,0.71,0.79,0.7,Tecno,China,Mid-Range,New,447412,7.7,Physical Store,Cash,1,2,0.206,0.608,1.0,0.897,1.0,1.0,0.597,0.77,1
CUST_01292,22,Male,Morogoro,Muslim,Sukuma,Primary,"200,000-500,000",Tigo Pesa,4,0.54,0.81,0.9,0.5,Tecno,China,Mid-Range,New,556650,7.6,Online,Cash,1,2,0.0,0.684,0.9,0.645,1.0,1.0,0.696,0.74,1
CUST_04496,29,Male,Dar es Salaam,Christian,Others,Secondary,"500,001-1,000,000",Airtel Money,1,0.17,0.43,0.74,0.7,Tecno,China,Mid-Range,New,532076,7.5,Physical Store,Cash,0,2,0.428,0.555,1.0,0.671,1.0,1.0,0.395,0.74,1
CUST_04019,33,Male,Mwanza,Muslim,Chagga,Secondary,"1,000,001-2,000,000",Tigo Pesa,2,0.08,0.24,0.33,0.5,Oppo,China,Mid-Range,New,421469,7.4,Physical Store,Cash,0,2,0.747,0.244,0.9,0.929,1.0,1.0,0.726,0.76,1
CUST_04221,21,Male,Dar es Salaam,Muslim,Others,No formal,"500,001-1,000,000",Tigo Pesa,3,0.21,0.66,0.53,0.0,Nokia,Finland,Mid-Range,New,333875,8.0,Physical Store,Cash,0,10,0.449,0.424,0.9,0.723,1.0,1.0,0.705,0.81,1
CUST_04201,15,Female,Dar es Salaam,Muslim,Chagga,Primary,"200,000-500,000",Tigo Pesa,4,0.24,0.86,0.88,0.5,Oppo,China,Mid-Range,New,421203,7.4,Online,Mobile Money,0,2,0.094,0.651,0.9,0.698,1.0,1.0,0.443,0.76,1
CUST_04596,15,Female,Dar es Salaam,Christian,Sukuma,Bachelor,"<200,000",M-Pesa,5,0.14,0.9,0.39,0.0,Xiaomi,China,Mid-Range,New,447402,6.9,Online,Mobile Money,1,1,0.0,0.269,1.0,0.893,1.0,1.0,0.387,0.72,1
CUST_03354,15,Female,Dar es Salaam,Christian,Others,Secondary,"200,000-500,000",M-Pesa,4,0.31,0.85,0.84,0.0,Tecno,China,Mid-Range,New,560467,7.6,Mobile,Cash,0,2,0.0,0.638,1.0,0.874,1.0,1.0,0.362,0.74,1
CUST_02494,34,Female,Morogoro,Muslim,Others,Primary,"500,001-1,000,000",Tigo Pesa,2,0.32,0.6,0.87,0.5,Tecno,China,Mid-Range,New,343202,7.0,Physical Store,Cash,0,12,0.485,0.609,0.9,0.619,1.0,1.0,0.649,0.75,1
CUST_01750,19,Male,Mbeya,Muslim,Others,Master+,"200,000-500,000",Halopesa,4,0.54,0.83,0.78,0.5,Nokia,Finland,Mid-Range,New,448991,7.5,Physical Store,Cash,0,1,0.068,0.585,0.9,0.628,1.0,1.0,0.719,0.76,1
CUST_01234,28,Male,Arusha,Muslim,Others,Diploma,"200,000-500,000",None,5,0.47,0.88,0.32,1.0,Vivo,China,Mid-Range,New,284069,6.5,Physical Store,Mobile Money,0,2,0.375,0.208,0.9,0.984,1.0,0.8,0.643,0.73,1
CUST_03252,29,Male,Mwanza,Christian,Others,Secondary,"<200,000",None,1,0.08,1.0,0.75,0.3,Infinix,China,Mid-Range,New,298169,7.8,Online,Mobile Money,0,12,0.255,0.585,1.0,0.502,1.0,1.0,0.714,0.81,0
CUST_00139,38,Female,Mwanza,Christian,Gogo,Secondary,"500,001-1,000,000",M-Pesa,4,0.35,0.55,0.57,0.3,Oppo,China,Mid-Range,New,506249,7.6,Physical Store,Cash,0,12,0.304,0.433,1.0,0.919,1.0,1.0,0.634,0.75,1
CUST_00735,29,Female,Morogoro,Christian,Others,Diploma,"200,000-500,000",Tigo Pesa,2,0.26,0.82,0.46,1.0,Infinix,China,Mid-Range,New,299676,7.9,Physical Store,Mobile Money,0,12,0.386,0.363,1.0,0.674,1.0,0.8,0.732,0.81,1
CUST_02231,32,Male,Mbeya,Other,Sukuma,Primary,"1,000,001-2,000,000",Tigo Pesa,3,0.35,0.34,0.46,0.5,Oppo,China,Mid-Range,Used,221596,5.9,Physical Store,Mobile Money,0,1,0.812,0.271,1.0,0.562,0.6,1.0,0.653,0.71,1
CUST_00147,15,Female,Mwanza,Other,Others,Secondary,"500,001-1,000,000",M-Pesa,3,0.31,0.79,0.85,0.5,Apple,USA,Premium,New,1961662,9.5,Online,Cash,0,2,0.0,0.808,1.0,1.141,1.0,1.0,0.841,0.58,1
CUST_04577,27,Male,Dodoma,Christian,Others,Secondary,"<200,000",Halopesa,5,0.42,0.79,0.41,0.3,Infinix,China,Mid-Range,Used,346270,6.2,Online,Mobile Money,1,1,0.316,0.254,1.0,0.753,0.6,1.0,0.755,0.7,1
CUST_04920,25,Male,Mbeya,Muslim,Others,No formal,"200,000-500,000",M-Pesa,3,0.11,0.93,0.54,0.3,Oppo,China,Mid-Range,New,367631,6.1,Online,Cash,0,12,0.145,0.329,0.9,0.697,1.0,1.0,0.372,0.69,1
CUST_01935,16,Male,Zanzibar,Muslim,Others,Secondary,"<200,000",Tigo Pesa,3,0.49,0.91,0.56,0.0,Infinix,China,Mid-Range,New,330720,7.4,Physical Store,Card,1,2,0.248,0.414,0.9,0.722,1.0,1.0,0.584,0.78,1
CUST_03879,32,Female,Dar es Salaam,Christian,Others,Bachelor,"<200,000",Tigo Pesa,1,0.38,0.95,0.76,0.0,Infinix,China,Mid-Range,New,497579,6.7,Physical Store,Mobile Money,0,2,0.0,0.509,1.0,0.511,1.0,1.0,0.542,0.7,1
CUST_02367,35,Female,Dar es Salaam,Christian,Others,Secondary,"<200,000",Airtel Money,2,0.65,0.89,0.67,0.3,Huawei,China,Premium,New,1965403,9.8,Physical Store,Mobile Money,1,1,0.0,0.657,1.0,0.863,1.0,1.0,0.395,0.59,1
CUST_02232,18,Male,Dodoma,Christian,Others,Diploma,"200,000-500,000",None,1,0.13,0.92,0.83,0.3,Apple,USA,Premium,New,2389865,8.9,Mobile,Cash,0,2,0.0,0.739,1.0,1.155,1.0,1.0,0.539,0.46,1
CUST_04505,15,Male,Zanzibar,Muslim,Others,Bachelor,"<200,000",M-Pesa,1,0.2,0.99,0.84,0.0,Itel,China,Budget,New,192442,4.3,Physical Store,Card,0,2,0.0,0.361,0.9,0.794,1.0,1.0,0.443,0.62,1
CUST_00454,15,Female,Tanga,Christian,Nyamwezi,Bachelor,"200,000-500,000",Halopesa,3,0.17,0.97,0.56,0.7,Samsung,South Korea,Premium,New,2390843,8.8,Physical Store,Mobile Money,0,1,0.0,0.493,1.0,0.62,1.0,1.0,0.507,0.45,1
CUST_04417,26,Male,Tanga,Christian,Others,Secondary,"200,000-500,000",M-Pesa,4,0.5,0.71,0.72,0.0,Oppo,China,Mid-Range,New,387576,6.4,Online,Cash,0,2,0.312,0.461,1.0,0.749,1.0,1.0,0.564,0.71,1
CUST_04116,15,Male,Zanzibar,Muslim,Others,Diploma,"500,001-1,000,000",M-Pesa,4,0.6,0.44,0.8,0.7,Infinix,China,Mid-Range,New,482108,6.8,Online,Mobile Money,0,11,0.47,0.544,0.9,0.971,1.0,1.0,0.546,0.71,1
CUST_03714,33,Female,Arusha,Christian,Makonde,Primary,"500,001-1,000,000",None,3,0.33,0.56,0.72,0.3,Oppo,China,Mid-Range,New,316306,7.1,Online,Mobile Money,0,2,0.557,0.511,1.0,0.818,1.0,1.0,0.681,0.76,1
CUST_01302,15,Female,Mbeya,Christian,Chagga,Secondary,"200,000-500,000",Tigo Pesa,3,0.02,0.93,0.52,0.5,Tecno,China,Mid-Range,New,438168,6.6,Physical Store,Cash,0,2,0.0,0.343,1.0,0.835,1.0,1.0,0.417,0.71,1
CUST_04086,18,Male,Arusha,Muslim,Others,Bachelor,"500,001-1,000,000",Tigo Pesa,3,0.11,0.78,0.86,0.5,Tecno,China,Mid-Range,New,359897,7.2,Physical Store,Cash,0,2,0.298,0.619,0.9,0.571,1.0,1.0,0.691,0.76,1
CUST_01708,31,Male,Mwanza,Christian,Others,Secondary,"200,000-500,000",Airtel Money,3,0.46,0.85,0.69,0.0,Nokia,Finland,Mid-Range,New,414612,7.1,Physical Store,Cash,0,2,0.119,0.49,1.0,0.798,1.0,1.0,0.439,0.74,1
CUST_04959,21,Female,Arusha,Christian,Sukuma,Secondary,"<200,000",Tigo Pesa,2,0.21,0.82,0.57,0.0,Samsung,South Korea,Premium,New,1906346,8.5,Online,Cash,0,2,0.0,0.484,1.0,0.919,1.0,1.0,0.587,0.53,1
CUST_04958,38,Male,Tanga,Muslim,Gogo,Secondary,"200,000-500,000",M-Pesa,2,0.31,0.86,0.46,0.5,Oppo,China,Mid-Range,New,381189,6.6,Physical Store,Cash,0,1,0.18,0.304,0.9,0.951,1.0,1.0,0.57,0.72,1
CUST_04016,45,Female,Zanzibar,Christian,Haya,Diploma,"200,000-500,000",Airtel Money,4,0.3,0.81,0.31,0.0,Samsung,South Korea,Premium,New,1418297,8.7,Physical Store,Cash,0,1,0.043,0.27,1.0,1.129,1.0,1.0,0.52,0.64,1
CUST_00919,15,Female,Dar es Salaam,Christian,Others,Primary,"200,000-500,000",Tigo Pesa,3,0.13,0.96,0.88,0.5,Huawei,China,Premium,New,1322374,9.3,Physical Store,Mobile Money,1,2,0.0,0.818,1.0,0.543,1.0,1.0,0.45,0.69,1
CUST_03425,38,Female,Mbeya,Muslim,Sukuma,Primary,">2,000,000",M-Pesa,2,0.24,0.42,0.71,0.3,Xiaomi,China,Mid-Range,New,371864,6.8,Physical Store,Mobile Money,0,2,0.61,0.483,0.9,0.631,1.0,1.0,0.603,0.73,1
CUST_02394,20,Male,Zanzibar,Muslim,Nyamwezi,No formal,"200,000-500,000",None,5,0.17,0.7,0.6,0.5,Infinix,China,Mid-Range,New,320019,6.2,Physical Store,Mobile Money,1,1,0.44,0.372,0.9,0.559,1.0,1.0,0.639,0.71,1
CUST_04856,15,Female,Arusha,Christian,Makonde,Diploma,">2,000,000",Halopesa,4,0.23,0.26,0.5,0.0,Samsung,South Korea,Premium,New,690726,8.3,Physical Store,Mobile Money,0,2,0.85,0.415,1.0,1.062,1.0,1.0,0.952,0.76,0
CUST_00340,32,Male,Arusha,Christian,Sukuma,Primary,"500,001-1,000,000",M-Pesa,2,0.09,0.77,0.79,0.3,Tecno,China,Mid-Range,New,443795,6.6,Physical Store,Cash,1,2,0.146,0.521,1.0,0.824,1.0,1.0,0.474,0.71,1
CUST_04767,18,Female,Mbeya,Christian,Others,No formal,"200,000-500,000",Tigo Pesa,2,0.31,0.99,0.52,0.7,Huawei,China,Premium,New,618053,8.6,Physical Store,Cash,0,1,0.49,0.447,1.0,0.721,1.0,1.0,0.574,0.79,0
CUST_02525,15,Male,Tanga,Christian,Others,Diploma,"500,001-1,000,000",Tigo Pesa,4,0.08,0.77,0.51,1.0,Huawei,China,Premium,New,848764,8.2,Physical Store,Cash,1,2,0.455,0.418,1.0,0.658,1.0,0.8,0.513,0.72,0
CUST_00910,24,Female,Dodoma,Christian,Chagga,Primary,"500,001-1,000,000",M-Pesa,3,0.46,0.64,0.86,0.3,Tecno,China,Mid-Range,New,429251,7.7,Physical Store,Cash,0,2,0.313,0.662,1.0,0.598,1.0,1.0,0.74,0.78,1
CUST_03783,34,Female,Mwanza,Muslim,Others,Bachelor,"<200,000",Halopesa,4,0.46,0.77,0.58,0.3,Huawei,China,Premium,New,963349,9.7,Physical Store,Card,1,12,0.382,0.563,0.9,0.607,1.0,1.0,0.567,0.79,1
CUST_01410,43,Female,Dar es Salaam,Muslim,Haya,Primary,"200,000-500,000",M-Pesa,3,0.18,0.79,0.43,0.3,Vivo,China,Mid-Range,New,574117,6.3,Mobile,Cash,0,1,0.0,0.271,0.9,0.9,1.0,1.0,0.296,0.66,1
CUST_02888,18,Male,Dodoma,Muslim,Others,Secondary,"1,000,001-2,000,000",Airtel Money,3,0.22,0.24,0.4,0.0,Apple,USA,Premium,New,728157,9.5,Physical Store,Mobile Money,0,2,0.854,0.38,0.9,0.716,1.0,1.0,0.769,0.82,1
CUST_02924,30,Male,Mwanza,Christian,Others,Secondary,"1,000,001-2,000,000",Tigo Pesa,1,0.06,0.4,0.85,0.3,Itel,China,Budget,New,136177,4.3,Physical Store,Cash,0,2,0.637,0.366,1.0,0.932,1.0,1.0,0.654,0.63,1
CUST_02567,26,Female,Dodoma,Christian,Others,Diploma,"500,001-1,000,000",None,1,0.1,0.67,0.38,0.0,Vivo,China,Mid-Range,New,297850,7.2,Physical Store,Mobile Money,0,1,0.501,0.274,1.0,0.813,1.0,1.0,0.43,0.77,1
CUST_01627,32,Male,Tanga,Christian,Sukuma,Secondary,"500,001-1,000,000",M-Pesa,2,0.34,0.79,0.42,0.5,Infinix,China,Mid-Range,New,282905,7.8,Physical Store,Cash,1,2,0.441,0.328,1.0,0.675,1.0,1.0,0.752,0.81,1
CUST_00353,36,Male,Dar es Salaam,Christian,Nyamwezi,Primary,"200,000-500,000",Tigo Pesa,2,0.6,0.9,0.8,0.0,Tecno,China,Mid-Range,New,567638,7.7,Physical Store,Mobile Money,0,12,0.0,0.616,1.0,0.953,1.0,1.0,0.617,0.75,1
CUST_02365,24,Female,Dar es Salaam,Christian,Nyamwezi,No formal,">2,000,000",M-Pesa,4,0.24,0.39,0.51,0.3,Tecno,China,Mid-Range,Used,398569,5.6,Physical Store,Card,0,2,0.611,0.286,1.0,0.91,0.6,1.0,0.504,0.66,0
CUST_02281,20,Male,Dodoma,Christian,Others,Primary,">2,000,000",Tigo Pesa,5,0.12,0.36,0.55,0.7,Tecno,China,Mid-Range,New,410567,7.2,Physical Store,Card,0,2,0.63,0.396,1.0,0.595,1.0,1.0,0.642,0.75,1
CUST_03608,15,Female,Zanzibar,Other,Others,Primary,"1,000,001-2,000,000",M-Pesa,4,0.24,0.25,0.61,0.7,Samsung,South Korea,Premium,New,1313186,9.6,Online,Cash,1,2,0.726,0.586,1.0,0.702,1.0,1.0,0.836,0.71,1
CUST_03834,33,Female,Arusha,Muslim,Others,Secondary,"1,000,001-2,000,000",Tigo Pesa,5,0.4,0.2,0.72,0.5,Vivo,China,Mid-Range,New,571286,6.5,Physical Store,Mobile Money,0,2,0.714,0.468,0.9,0.766,1.0,1.0,0.646,0.68,1
CUST_03846,22,Female,Dar es Salaam,Muslim,Gogo,Primary,"200,000-500,000",Tigo Pesa,3,0.25,0.92,0.58,0.0,Nokia,Finland,Mid-Range,Used,387856,5.0,Physical Store,Cash,0,2,0.108,0.29,0.9,0.587,0.6,1.0,0.524,0.62,1
CUST_01416,42,Female,Zanzibar,Christian,Nyamwezi,Secondary,">2,000,000",Airtel Money,5,0.08,0.31,0.61,0.5,Tecno,China,Mid-Range,New,271459,6.7,Physical Store,Cash,0,1,0.79,0.409,1.0,0.985,1.0,1.0,0.744,0.75,0
CUST_00931,37,Female,Dar es Salaam,Christian,Others,Diploma,"1,000,001-2,000,000",M-Pesa,2,0.17,0.31,0.81,0.5,Infinix,China,Mid-Range,New,279478,7.6,Physical Store,Cash,0,2,0.783,0.616,1.0,0.857,1.0,1.0,0.729,0.8,1
CUST_04809,22,Male,Tanga,Christian,Others,Primary,"500,001-1,000,000",M-Pesa,4,0.46,0.53,0.85,0.3,Oppo,China,Mid-Range,New,525407,7.5,Physical Store,Mobile Money,1,2,0.304,0.638,1.0,0.727,1.0,1.0,0.605,0.74,1
CUST_01886,24,Female,Mbeya,Christian,Makonde,Primary,"500,001-1,000,000",M-Pesa,2,0.32,0.61,0.41,0.3,Oppo,China,Mid-Range,New,308585,6.6,Physical Store,Card,1,2,0.529,0.271,1.0,0.616,1.0,1.0,0.626,0.73,1
CUST_03744,38,Male,Tanga,Christian,Makonde,Secondary,"200,000-500,000",Airtel Money,1,0.12,0.84,0.47,0.0,Oppo,China,Mid-Range,New,441829,6.3,Physical Store,Mobile Money,1,2,0.072,0.296,1.0,0.982,1.0,1.0,0.563,0.69,1
CUST_04625,21,Female,Mwanza,Christian,Chagga,Primary,">2,000,000",M-Pesa,2,0.01,0.37,0.77,0.3,Apple,USA,Premium,New,1271175,8.4,Physical Store,Mobile Money,0,12,0.608,0.647,1.0,0.608,1.0,1.0,0.54,0.65,1
CUST_02476,15,Female,Tanga,Muslim,Others,No formal,"200,000-500,000",M-Pesa,5,0.23,0.77,0.57,0.3,Infinix,China,Mid-Range,New,594843,6.2,Physical Store,Cash,0,1,0.0,0.353,0.9,0.979,1.0,1.0,0.535,0.65,0
CUST_03987,30,Male,Dodoma,Christian,Others,No formal,"500,001-1,000,000",Airtel Money,4,0.15,0.59,0.61,0.5,Infinix,China,Mid-Range,New,536470,6.5,Online,Mobile Money,1,12,0.209,0.396,1.0,0.605,1.0,1.0,0.626,0.68,1
CUST_00802,52,Female,Dar es Salaam,Christian,Others,Diploma,"500,001-1,000,000",M-Pesa,3,0.13,0.5,0.52,0.5,Apple,USA,Premium,New,2195230,9.9,Online,Mobile Money,0,12,0.085,0.515,1.0,0.795,1.0,1.0,0.495,0.55,1
CUST_02712,21,Male,Zanzibar,Christian,Others,No formal,"200,000-500,000",M-Pesa,4,0.66,0.97,0.8,0.3,Nokia,Finland,Mid-Range,New,563907,7.8,Mobile,Cash,0,2,0.0,0.624,1.0,0.687,1.0,1.0,0.566,0.76,1
CUST_00199,35,Female,Tanga,Muslim,Others,Secondary,"<200,000",Tigo Pesa,4,0.38,0.76,0.55,0.7,Huawei,China,Premium,New,1256261,8.9,Physical Store,Card,1,1,0.204,0.49,0.9,0.717,1.0,1.0,0.76,0.68,1
CUST_01900,21,Male,Mwanza,Muslim,Chagga,Primary,"<200,000",Tigo Pesa,5,0.61,0.86,0.79,0.0,Huawei,China,Premium,New,1183989,8.2,Physical Store,Mobile Money,0,1,0.151,0.648,0.9,0.637,1.0,1.0,0.634,0.66,0
CUST_03893,29,Female,Dar es Salaam,Muslim,Sukuma,Secondary,"<200,000",M-Pesa,4,0.48,0.71,0.77,0.7,Nokia,Finland,Mid-Range,Used,410089,5.4,Online,Mobile Money,0,2,0.272,0.416,0.9,0.58,0.6,1.0,0.46,0.64,0
CUST_01155,15,Female,Arusha,Christian,Nyamwezi,Bachelor,"200,000-500,000",Airtel Money,2,0.67,0.7,0.78,0.7,Itel,China,Budget,Used,124122,3.9,Physical Store,Mobile Money,0,2,0.421,0.304,1.0,0.916,0.6,1.0,0.654,0.61,1
CUST_03748,16,Male,Mbeya,Christian,Others,Primary,"200,000-500,000",M-Pesa,4,0.26,0.81,0.5,0.5,Huawei,China,Premium,New,969817,8.7,Physical Store,Cash,0,12,0.345,0.435,1.0,0.587,1.0,1.0,0.545,0.73,0
CUST_00656,16,Male,Dar es Salaam,Christian,Sukuma,Secondary,"500,001-1,000,000",Halopesa,4,0.31,0.68,0.85,0.5,Huawei,China,Premium,New,2119272,8.9,Physical Store,Mobile Money,0,2,0.0,0.756,1.0,0.946,1.0,1.0,0.396,0.51,1
CUST_03364,30,Female,Dar es Salaam,Christian,Others,Primary,"1,000,001-2,000,000",Airtel Money,4,0.09,0.42,0.53,0.5,Nokia,Finland,Mid-Range,New,527589,6.5,Physical Store,Mobile Money,1,1,0.446,0.344,1.0,0.816,1.0,1.0,0.68,0.68,1
CUST_03632,32,Female,Tanga,Christian,Nyamwezi,Diploma,"500,001-1,000,000",M-Pesa,3,0.27,0.44,0.61,0.7,Nokia,Finland,Mid-Range,New,253913,7.7,Physical Store,Cash,0,2,0.721,0.47,1.0,0.677,1.0,1.0,0.852,0.81,0
CUST_01702,29,Female,Dar es Salaam,Muslim,Haya,No formal,"500,001-1,000,000",None,1,0.08,0.59,0.73,0.3,Tecno,China,Mid-Range,New,405570,6.9,Online,Mobile Money,0,1,0.402,0.504,0.9,0.675,1.0,1.0,0.569,0.73,0
CUST_02855,23,Male,Dar es Salaam,Christian,Others,Diploma,"<200,000",M-Pesa,3,0.04,0.78,0.81,0.5,Apple,USA,Premium,New,2167676,9.3,Physical Store,Mobile Money,0,1,0.0,0.753,1.0,1.068,1.0,1.0,0.652,0.52,1
CUST_02057,27,Male,Arusha,Christian,Nyamwezi,No formal,"<200,000",M-Pesa,3,0.29,0.89,0.78,1.0,Tecno,China,Mid-Range,Used,397684,6.9,Physical Store,Mobile Money,0,2,0.115,0.538,1.0,0.849,0.6,0.8,0.639,0.73,1
CUST_04676,39,Female,Mbeya,Christian,Others,Secondary,"200,000-500,000",M-Pesa,1,0.61,0.93,0.44,0.5,Nokia,Finland,Mid-Range,New,288458,7.3,Physical Store,Cash,0,1,0.329,0.321,1.0,0.762,1.0,1.0,0.574,0.78,1
CUST_03870,15,Female,Dodoma,Muslim,Others,Secondary,"1,000,001-2,000,000",M-Pesa,3,0.19,0.39,0.32,0.7,Xiaomi,China,Mid-Range,New,495534,6.5,Physical Store,Cash,0,2,0.517,0.208,0.9,0.724,1.0,1.0,0.602,0.69,1
CUST_02265,21,Female,Dodoma,Christian,Others,Primary,"<200,000",M-Pesa,2,0.35,0.97,0.68,1.0,Nokia,Finland,Mid-Range,Used,275155,5.8,Physical Store,Mobile Money,0,2,0.333,0.394,1.0,0.527,0.6,0.8,0.695,0.69,1
CUST_03333,51,Female,Dar es Salaam,Muslim,Chagga,Primary,"500,001-1,000,000",M-Pesa,4,0.39,0.48,0.59,0.3,Huawei,China,Premium,New,865863,8.6,Mobile,Card,0,1,0.654,0.507,0.9,0.769,1.0,1.0,0.758,0.74,0
CUST_00871,17,Male,Dar es Salaam,Muslim,Others,Primary,"<200,000",M-Pesa,2,0.29,0.85,0.63,0.3,Samsung,South Korea,Premium,New,2050359,8.2,Physical Store,Mobile Money,0,2,0.0,0.517,0.9,1.068,1.0,1.0,0.662,0.48,0
CUST_00281,46,Male,Arusha,Christian,Others,Bachelor,"200,000-500,000",M-Pesa,2,0.1,0.95,0.75,0.0,Vivo,China,Mid-Range,New,582456,7.3,Physical Store,Card,0,2,0.0,0.548,1.0,0.998,1.0,1.0,0.398,0.72,1
CUST_03228,19,Female,Mwanza,Muslim,Others,No formal,"200,000-500,000",M-Pesa,4,0.43,0.91,0.43,0.3,Xiaomi,China,Mid-Range,New,303841,6.4,Online,Cash,1,2,0.309,0.275,0.9,0.515,1.0,1.0,0.598,0.72,1
CUST_00127,35,Female,Tanga,Muslim,Others,Primary,">2,000,000",Airtel Money,4,0.12,0.31,0.73,0.7,Tecno,China,Mid-Range,New,296014,7.1,Physical Store,Cash,1,2,0.771,0.518,0.9,0.813,1.0,1.0,0.689,0.77,0
CUST_04002,41,Female,Morogoro,Christian,Others,Secondary,"200,000-500,000",Halopesa,4,0.24,0.93,0.74,0.5,Infinix,China,Mid-Range,New,545720,6.6,Physical Store,Mobile Money,1,2,0.0,0.488,1.0,0.553,1.0,1.0,0.566,0.69,1
CUST_00619,28,Male,Mwanza,Christian,Chagga,Primary,">2,000,000",M-Pesa,2,0.37,0.41,0.44,0.3,Apple,USA,Premium,New,1369110,9.3,Physical Store,Card,0,2,0.532,0.409,1.0,0.722,1.0,1.0,0.558,0.68,1
CUST_00985,49,Female,Mwanza,Muslim,Others,Primary,"200,000-500,000",M-Pesa,3,0.42,0.75,0.49,0.0,Oppo,China,Mid-Range,New,339079,6.4,Physical Store,Mobile Money,1,2,0.364,0.314,0.9,0.866,1.0,1.0,0.419,0.72,1
CUST_04236,41,Female,Dar es Salaam,Christian,Nyamwezi,Primary,"<200,000",Tigo Pesa,2,0.09,0.94,0.68,0.3,Huawei,China,Premium,New,1703854,9.2,Physical Store,Mobile Money,0,11,0.0,0.626,1.0,0.666,1.0,1.0,0.475,0.61,1
CUST_00245,18,Female,Morogoro,Christian,Sukuma,Secondary,"1,000,001-2,000,000",Airtel Money,4,0.43,0.21,0.43,0.5,Huawei,China,Premium,New,724096,9.6,Physical Store,Cash,0,12,0.873,0.413,1.0,0.76,1.0,1.0,0.731,0.83,0
CUST_02917,35,Female,Mwanza,Muslim,Sukuma,No formal,"500,001-1,000,000",Airtel Money,3,0.37,0.57,0.84,0.5,Apple,USA,Premium,New,1660508,9.4,Physical Store,Cash,0,2,0.211,0.79,0.9,0.669,1.0,1.0,0.594,0.63,1
CUST_04087,29,Male,Morogoro,Christian,Others,Secondary,"1,000,001-2,000,000",Tigo Pesa,4,0.43,0.35,0.64,0.3,Samsung,South Korea,Premium,New,818886,9.3,Physical Store,Mobile Money,1,2,0.761,0.595,1.0,0.853,1.0,1.0,0.826,0.79,1
CUST_04115,33,Female,Dar es Salaam,Muslim,Sukuma,Secondary,"1,000,001-2,000,000",Airtel Money,3,0.44,0.39,0.47,0.5,Xiaomi,China,Mid-Range,New,285158,7.1,Physical Store,Cash,1,1,0.722,0.334,0.9,0.896,1.0,1.0,0.832,0.77,0
CUST_03123,34,Female,Dodoma,Muslim,Others,Diploma,"200,000-500,000",Airtel Money,4,0.19,0.8,0.53,0.3,Nokia,Finland,Mid-Range,New,291120,7.8,Online,Cash,0,2,0.418,0.413,0.9,0.871,1.0,1.0,0.634,0.81,1
CUST_04560,18,Male,Arusha,Muslim,Others,Primary,"<200,000",M-Pesa,2,0.29,0.79,0.5,0.5,Tecno,China,Mid-Range,New,488741,6.8,Physical Store,Cash,0,2,0.035,0.34,0.9,0.507,1.0,1.0,0.316,0.71,1
CUST_01329,33,Female,Mwanza,Christian,Others,Primary,"<200,000",Airtel Money,5,0.1,0.96,0.76,0.5,Tecno,China,Mid-Range,New,580087,6.6,Physical Store,Mobile Money,1,2,0.0,0.502,1.0,0.606,1.0,1.0,0.469,0.68,1
CUST_02228,43,Male,Mwanza,Christian,Sukuma,Secondary,"<200,000",M-Pesa,4,0.4,0.88,0.72,0.7,Infinix,China,Mid-Range,New,415498,8.0,Online,Mobile Money,0,1,0.086,0.576,1.0,0.63,1.0,1.0,0.597,0.8,1
CUST_00167,31,Female,Zanzibar,Other,Nyamwezi,Bachelor,"1,000,001-2,000,000",None,3,0.39,0.36,0.7,0.0,Huawei,China,Premium,New,1933719,9.3,Mobile,Cash,0,2,0.42,0.651,1.0,0.715,1.0,1.0,0.755,0.57,1
CUST_02972,15,Female,Dar es Salaam,Christian,Chagga,Primary,"<200,000",M-Pesa,1,0.22,0.77,0.64,0.0,Samsung,South Korea,Premium,New,1531072,9.1,Physical Store,Mobile Money,1,2,0.018,0.582,1.0,1.091,1.0,1.0,0.627,0.64,1
CUST_02976,30,Male,Dar es Salaam,Christian,Others,Diploma,">2,000,000",M-Pesa,4,0.52,0.39,0.39,0.7,Huawei,China,Premium,New,1917305,8.7,Physical Store,Cash,0,1,0.377,0.339,1.0,0.908,1.0,1.0,0.575,0.54,1
CUST_04847,17,Female,Mwanza,Muslim,Others,No formal,"1,000,001-2,000,000",M-Pesa,3,0.33,0.46,0.62,0.7,Samsung,South Korea,Premium,Used,1830277,8.2,Physical Store,Cash,0,2,0.298,0.508,0.9,0.906,0.6,1.0,0.572,0.53,1
CUST_04021,26,Male,Mwanza,Muslim,Nyamwezi,Secondary,"<200,000",M-Pesa,4,0.26,0.87,0.64,0.7,Nokia,Finland,Mid-Range,Used,423352,6.5,Physical Store,Mobile Money,0,2,0.079,0.416,0.9,0.701,0.6,1.0,0.409,0.71,1
CUST_00848,44,Male,Dar es Salaam,Christian,Nyamwezi,Diploma,"500,001-1,000,000",M-Pesa,1,0.11,0.79,0.83,0.3,Infinix,China,Mid-Range,New,282420,7.3,Online,Mobile Money,0,2,0.442,0.606,1.0,0.899,1.0,1.0,0.543,0.78,1
CUST_01775,20,Male,Morogoro,Muslim,Others,Primary,"1,000,001-2,000,000",Halopesa,2,0.48,0.43,0.84,0.0,Xiaomi,China,Mid-Range,New,276539,6.6,Physical Store,Cash,0,2,0.703,0.554,0.9,0.909,1.0,1.0,0.974,0.74,1
CUST_02656,40,Male,Mbeya,Muslim,Others,Secondary,"<200,000",Airtel Money,3,0.32,0.77,0.74,0.7,Huawei,China,Premium,New,1193586,9.7,Physical Store,Mobile Money,0,2,0.234,0.718,0.9,0.686,1.0,1.0,0.603,0.74,1
CUST_04268,35,Female,Dodoma,Muslim,Sukuma,Secondary,"500,001-1,000,000",M-Pesa,4,0.65,0.48,0.48,0.5,Apple,USA,Premium,New,745814,9.3,Physical Store,Mobile Money,0,1,0.702,0.446,0.9,1.2,1.0,1.0,0.792,0.81,1
CUST_01999,20,Male,Dar es Salaam,Christian,Sukuma,Secondary,"200,000-500,000",Airtel Money,2,0.51,0.87,0.74,0.0,Tecno,China,Mid-Range,New,582755,7.1,Physical Store,Cash,0,2,0.0,0.525,1.0,0.643,1.0,1.0,0.56,0.71,1
CUST_01516,22,Male,Zanzibar,Muslim,Sukuma,Bachelor,"500,001-1,000,000",Airtel Money,3,0.34,0.51,0.33,0.0,Vivo,China,Mid-Range,New,383949,7.6,Mobile,Cash,1,2,0.51,0.251,0.9,0.81,1.0,1.0,0.55,0.78,1
CUST_03993,40,Male,Mbeya,Christian,Others,No formal,"<200,000",Airtel Money,4,0.09,0.84,0.3,0.5,Xiaomi,China,Mid-Range,New,508731,7.7,Online,Card,1,2,0.0,0.231,1.0,0.551,1.0,1.0,0.45,0.76,1
CUST_00027,21,Male,Dodoma,Muslim,Others,Diploma,"200,000-500,000",Tigo Pesa,5,0.5,0.72,0.37,0.0,Huawei,China,Premium,New,1339506,9.9,Physical Store,Mobile Money,0,9,0.196,0.366,0.9,0.823,1.0,1.0,0.658,0.73,1
CUST_04907,34,Female,Zanzibar,Muslim,Others,Bachelor,"<200,000",M-Pesa,2,0.32,0.9,0.55,0.0,Tecno,China,Mid-Range,New,394267,7.5,Physical Store,Mobile Money,0,2,0.113,0.413,0.9,0.777,1.0,1.0,0.557,0.77,1
CUST_01820,20,Male,Arusha,Other,Others,Primary,"200,000-500,000",Airtel Money,2,0.34,0.93,0.42,1.0,Apple,USA,Premium,New,1998629,9.3,Physical Store,Mobile Money,0,1,0.0,0.391,1.0,1.177,1.0,0.8,0.612,0.56,1
CUST_04580,39,Female,Tanga,Christian,Nyamwezi,Secondary,"<200,000",Tigo Pesa,3,0.2,0.92,0.72,0.0,Samsung,South Korea,Premium,New,1279521,8.2,Physical Store,Cash,1,2,0.019,0.59,1.0,0.9,1.0,1.0,0.612,0.64,1
CUST_03476,27,Female,Dar es Salaam,Christian,Gogo,Secondary,">2,000,000",Tigo Pesa,1,0.13,0.41,0.55,0.5,Xiaomi,China,Mid-Range,New,280056,7.3,Physical Store,Mobile Money,0,2,0.713,0.402,1.0,0.741,1.0,1.0,0.623,0.78,1
CUST_04289,28,Male,Dodoma,Christian,Others,Primary,"1,000,001-2,000,000",Tigo Pesa,3,0.33,0.14,0.48,0.3,Apple,USA,Premium,New,1519295,8.3,Physical Store,Mobile Money,0,2,0.823,0.398,1.0,1.105,1.0,1.0,0.767,0.59,1
CUST_03073,33,Female,Tanga,Christian,Others,Primary,"200,000-500,000",Airtel Money,4,0.26,0.98,0.53,0.3,Infinix,China,Mid-Range,New,303991,6.1,Online,Mobile Money,0,2,0.255,0.323,1.0,0.727,1.0,1.0,0.484,0.71,1
CUST_00974,34,Female,Mwanza,Other,Others,Primary,"500,001-1,000,000",M-Pesa,2,0.16,0.64,0.57,0.5,Tecno,China,Mid-Range,New,325579,6.6,Physical Store,Cash,0,2,0.479,0.376,1.0,0.85,1.0,1.0,0.826,0.73,1
CUST_00250,15,Female,Morogoro,Christian,Makonde,Secondary,"<200,000",M-Pesa,2,0.24,0.95,0.32,0.3,Nokia,Finland,Mid-Range,Used,371066,5.8,Physical Store,Cash,0,2,0.119,0.186,1.0,0.608,0.6,1.0,0.421,0.67,0
CUST_03729,34,Male,Tanga,Christian,Gogo,No formal,"500,001-1,000,000",M-Pesa,5,0.29,0.41,0.42,0.5,Apple,USA,Premium,New,2081257,8.3,Physical Store,Cash,0,12,0.289,0.349,1.0,0.784,1.0,1.0,0.71,0.48,1
CUST_04997,26,Male,Morogoro,Christian,Others,Secondary,"500,001-1,000,000",M-Pesa,4,0.19,0.75,0.63,0.7,Huawei,China,Premium,New,1007626,9.0,Mobile,Cash,0,2,0.37,0.567,1.0,0.525,1.0,1.0,0.633,0.74,1
CUST_00853,51,Male,Dar es Salaam,Christian,Gogo,Diploma,"200,000-500,000",M-Pesa,1,0.4,0.94,0.67,0.3,Samsung,South Korea,Premium,New,2277256,9.9,Physical Store,Cash,0,2,0.0,0.663,1.0,0.678,1.0,1.0,0.367,0.54,1
CUST_01191,27,Male,Mbeya,Christian,Makonde,Primary,"500,001-1,000,000",None,5,0.45,0.43,0.47,0.5,Xiaomi,China,Mid-Range,New,510031,6.6,Online,Cash,0,2,0.452,0.31,1.0,0.857,1.0,1.0,0.631,0.69,1
CUST_01989,32,Female,Mwanza,Christian,Others,Secondary,"200,000-500,000",M-Pesa,4,0.02,0.85,0.5,0.5,Nokia,Finland,Mid-Range,New,406949,6.4,Online,Cash,0,2,0.135,0.32,1.0,0.78,1.0,1.0,0.511,0.7,1
CUST_02213,15,Female,Dodoma,Muslim,Others,Secondary,"<200,000",Airtel Money,2,0.34,0.79,0.82,0.5,Samsung,South Korea,Premium,New,696735,8.5,Physical Store,Mobile Money,0,2,0.541,0.697,0.9,0.945,1.0,1.0,0.798,0.77,1
CUST_03096,22,Male,Dodoma,Christian,Others,Secondary,"200,000-500,000",Airtel Money,4,0.46,0.84,0.56,0.3,Tecno,China,Mid-Range,New,529117,6.9,Physical Store,Mobile Money,0,2,0.0,0.386,1.0,0.951,1.0,1.0,0.502,0.71,1
CUST_04078,27,Female,Dar es Salaam,Christian,Others,Secondary,"200,000-500,000",M-Pesa,4,0.11,0.86,0.75,0.5,Itel,China,Budget,New,216179,4.1,Physical Store,Cash,0,1,0.0,0.308,1.0,0.711,1.0,1.0,0.483,0.6,1
CUST_00594,15,Female,Mbeya,Christian,Others,Secondary,"200,000-500,000",M-Pesa,1,0.15,0.95,0.37,0.7,Huawei,China,Premium,New,1966237,8.2,Mobile,Mobile Money,0,2,0.0,0.303,1.0,0.68,1.0,1.0,0.487,0.5,1
CUST_01100,39,Female,Mbeya,Muslim,Others,Secondary,"<200,000",M-Pesa,2,0.27,0.85,0.39,0.3,Itel,China,Budget,New,175581,5.1,Online,Cash,1,12,0.005,0.199,0.9,0.578,1.0,1.0,0.275,0.67,1
CUST_03729,34,Male,Tanga,Christian,Gogo,No formal,"500,001-1,000,000",M-Pesa,5,0.29,0.41,0.42,0.5,Tecno,China,Mid-Range,New,494354,6.5,Physical Store,Cash,0,2,0.493,0.273,1.0,0.746,1.0,1.0,0.62,0.69,1
CUST_04548,28,Female,Dodoma,Christian,Nyamwezi,Secondary,"200,000-500,000",Tigo Pesa,2,0.36,0.89,0.3,0.0,Xiaomi,China,Mid-Range,New,580063,6.3,Online,Card,0,1,0.0,0.189,1.0,0.575,1.0,1.0,0.36,0.66,1
CUST_02383,15,Male,Zanzibar,Muslim,Nyamwezi,Primary,"200,000-500,000",M-Pesa,3,0.2,0.76,0.79,0.3,Infinix,China,Mid-Range,New,337507,6.6,Physical Store,Mobile Money,0,2,0.359,0.521,0.9,0.55,1.0,1.0,0.712,0.73,0
CUST_00255,34,Female,Mbeya,Christian,Others,No formal,"200,000-500,000",Halopesa,3,0.18,0.88,0.35,0.7,Huawei,China,Premium,New,2035547,9.6,Physical Store,Card,0,2,0.0,0.336,1.0,0.773,1.0,1.0,0.421,0.57,1
CUST_01847,20,Female,Dar es Salaam,Christian,Sukuma,Secondary,"<200,000",Tigo Pesa,5,0.44,0.81,0.6,0.5,Apple,USA,Premium,New,1461479,8.5,Online,Cash,1,2,0.014,0.51,1.0,1.021,1.0,1.0,0.613,0.62,0
CUST_01965,50,Male,Dodoma,Christian,Others,Primary,"1,000,001-2,000,000",M-Pesa,3,0.47,0.47,0.5,0.3,Tecno,China,Mid-Range,New,375575,6.8,Physical Store,Cash,0,2,0.559,0.34,1.0,0.913,1.0,1.0,0.737,0.73,1
CUST_03179,15,Female,Arusha,Christian,Sukuma,Secondary,"200,000-500,000",M-Pesa,2,0.22,0.79,0.53,1.0,Huawei,China,Premium,New,640747,9.6,Online,Cash,1,1,0.578,0.509,1.0,0.819,1.0,0.8,0.674,0.85,1
CUST_03093,20,Female,Mwanza,Christian,Others,Primary,"500,001-1,000,000",Airtel Money,1,0.45,0.47,0.37,0.3,Tecno,China,Mid-Range,New,266018,7.1,Physical Store,Cash,1,2,0.687,0.263,1.0,0.731,1.0,1.0,0.589,0.77,1
CUST_00966,29,Female,Mwanza,Christian,Others,Secondary,"<200,000",M-Pesa,3,0.4,0.8,0.44,0.7,Samsung,South Korea,Premium,New,2168225,9.6,Physical Store,Cash,1,12,0.0,0.422,1.0,0.702,1.0,1.0,0.389,0.54,1
CUST_01392,41,Male,Morogoro,Christian,Others,Diploma,"1,000,001-2,000,000",Airtel Money,4,0.24,0.12,0.52,0.3,Apple,USA,Premium,New,735220,8.1,Physical Store,Cash,0,2,0.926,0.421,1.0,0.828,1.0,1.0,0.864,0.74,1
CUST_00860,33,Male,Mwanza,Christian,Others,Diploma,"1,000,001-2,000,000",Halopesa,2,0.38,0.43,0.57,0.5,Infinix,China,Mid-Range,Used,319919,5.5,Physical Store,Cash,0,12,0.656,0.314,1.0,0.616,0.6,1.0,0.69,0.67,1
CUST_00302,51,Male,Mbeya,Muslim,Makonde,Secondary,"200,000-500,000",M-Pesa,2,0.4,0.93,0.34,0.5,Tecno,China,Mid-Range,New,476296,6.1,Physical Store,Mobile Money,1,2,0.0,0.207,0.9,0.552,1.0,1.0,0.513,0.67,1
CUST_03533,24,Female,Dodoma,Christian,Others,Primary,">2,000,000",Airtel Money,1,0.08,0.5,0.42,0.3,Xiaomi,China,Mid-Range,New,497879,7.1,Physical Store,Mobile Money,1,2,0.378,0.298,1.0,0.847,1.0,1.0,0.638,0.73,1
CUST_03015,15,Male,Tanga,Christian,Others,Primary,"<200,000",Airtel Money,2,0.32,0.71,0.52,0.3,Infinix,China,Mid-Range,New,359035,6.2,Physical Store,Cash,0,2,0.363,0.322,1.0,0.62,1.0,1.0,0.702,0.7,1
CUST_02718,40,Female,Dar es Salaam,Christian,Sukuma,Primary,"500,001-1,000,000",Airtel Money,4,0.68,0.6,0.51,0.5,Xiaomi,China,Mid-Range,New,408967,7.6,Mobile,Cash,0,2,0.387,0.388,1.0,0.704,1.0,1.0,0.424,0.77,1
CUST_00406,26,Male,Arusha,Christian,Others,Primary,"1,000,001-2,000,000",Halopesa,4,0.43,0.19,0.79,0.0,Oppo,China,Mid-Range,New,322258,6.1,Physical Store,Card,1,1,0.847,0.482,1.0,0.568,1.0,1.0,0.742,0.7,1
CUST_00261,28,Male,Mbeya,Muslim,Sukuma,No formal,"<200,000",Tigo Pesa,4,0.14,0.74,0.37,0.5,Infinix,China,Mid-Range,New,512492,6.2,Physical Store,Cash,0,1,0.052,0.229,0.9,0.765,1.0,1.0,0.395,0.67,1
CUST_00618,24,Female,Dodoma,Muslim,Chagga,Diploma,"1,000,001-2,000,000",Halopesa,3,0.28,0.3,0.69,0.5,Samsung,South Korea,Premium,New,2093135,8.3,Mobile,Mobile Money,0,1,0.477,0.573,0.9,1.177,1.0,1.0,0.695,0.48,1
CUST_02625,23,Female,Dar es Salaam,Christian,Haya,Primary,"200,000-500,000",M-Pesa,3,0.16,0.96,0.3,0.3,Tecno,China,Mid-Range,New,375877,7.3,Online,Mobile Money,1,1,0.098,0.219,1.0,0.954,1.0,1.0,0.673,0.76,1
CUST_01096,44,Female,Mwanza,Muslim,Sukuma,Secondary,"200,000-500,000",Halopesa,5,0.41,0.82,0.68,0.5,Infinix,China,Mid-Range,New,503054,7.9,Mobile,Mobile Money,1,2,0.0,0.537,0.9,0.972,1.0,1.0,0.52,0.77,1
CUST_04527,15,Male,Zanzibar,Christian,Sukuma,Primary,"<200,000",Airtel Money,5,0.29,0.98,0.45,0.0,Apple,USA,Premium,New,2262054,8.3,Mobile,Cash,1,2,0.0,0.374,1.0,0.771,1.0,1.0,0.47,0.45,1
CUST_02614,48,Male,Morogoro,Christian,Others,Bachelor,"500,001-1,000,000",Halopesa,5,0.33,0.5,0.85,0.3,Nokia,Finland,Mid-Range,New,311207,7.1,Online,Cash,0,1,0.611,0.603,1.0,0.577,1.0,1.0,0.731,0.76,0
CUST_02316,39,Male,Mwanza,Christian,Others,Primary,"500,001-1,000,000",M-Pesa,4,0.14,0.68,0.85,0.5,Vivo,China,Mid-Range,New,250498,7.0,Physical Store,Cash,0,2,0.574,0.595,1.0,0.728,1.0,1.0,0.773,0.77,1
CUST_00809,48,Female,Mwanza,Christian,Others,Secondary,"500,001-1,000,000",Tigo Pesa,4,0.26,0.56,0.42,0.0,Oppo,China,Mid-Range,New,469614,6.2,Online,Cash,0,1,0.343,0.26,1.0,0.535,1.0,1.0,0.508,0.68,1
CUST_02889,42,Male,Dar es Salaam,Muslim,Sukuma,Master+,"500,001-1,000,000",Airtel Money,2,0.13,0.61,0.89,0.3,Xiaomi,China,Mid-Range,New,489067,6.0,Physical Store,Cash,0,2,0.254,0.534,0.9,0.977,1.0,1.0,0.711,0.66,1
CUST_03747,45,Male,Tanga,Christian,Sukuma,No formal,"1,000,001-2,000,000",Airtel Money,2,0.06,0.41,0.44,0.3,Tecno,China,Mid-Range,New,508682,7.3,Physical Store,Cash,0,11,0.479,0.321,1.0,0.795,1.0,1.0,0.601,0.74,1
CUST_02378,38,Female,Dodoma,Christian,Sukuma,Secondary,"200,000-500,000",Airtel Money,4,0.32,0.77,0.84,1.0,Apple,USA,Premium,New,865509,9.5,Mobile,Cash,0,2,0.445,0.798,1.0,1.089,1.0,0.8,0.823,0.8,1
CUST_03544,34,Female,Mwanza,Muslim,Others,Diploma,"<200,000",M-Pesa,3,0.17,0.71,0.76,0.5,Oppo,China,Mid-Range,New,599024,6.1,Physical Store,Cash,1,2,0.0,0.464,0.9,0.796,1.0,1.0,0.476,0.65,1
CUST_00312,29,Male,Zanzibar,Muslim,Sukuma,Secondary,"1,000,001-2,000,000",Airtel Money,3,0.27,0.25,0.88,0.5,Apple,USA,Premium,New,647028,9.1,Physical Store,Cash,1,2,0.865,0.801,0.9,0.734,1.0,1.0,0.847,0.82,1
CUST_03787,22,Male,Dar es Salaam,Muslim,Others,Primary,"<200,000",Airtel Money,2,0.27,0.86,0.75,0.3,Infinix,China,Mid-Range,New,376476,7.5,Online,Cash,0,1,0.191,0.562,0.9,0.811,1.0,1.0,0.513,0.77,1
CUST_02345,31,Male,Dar es Salaam,Christian,Others,Primary,"200,000-500,000",Tigo Pesa,4,0.38,0.95,0.31,0.0,Oppo,China,Mid-Range,New,418820,7.9,Online,Mobile Money,0,2,0.005,0.245,1.0,0.758,1.0,1.0,0.7,0.79,1
CUST_01481,35,Male,Dar es Salaam,Muslim,Nyamwezi,Primary,"500,001-1,000,000",Halopesa,4,0.35,0.42,0.43,0.3,Samsung,South Korea,Premium,New,1886047,9.0,Mobile,Cash,0,2,0.34,0.387,0.9,0.959,1.0,1.0,0.618,0.56,1
CUST_02962,48,Male,Mbeya,Muslim,Others,No formal,"500,001-1,000,000",Tigo Pesa,3,0.09,0.49,0.75,0.5,Tecno,China,Mid-Range,New,387091,7.4,Mobile,Cash,1,2,0.526,0.555,0.9,0.644,1.0,1.0,0.832,0.77,1
CUST_04751,26,Male,Mbeya,Christian,Others,No formal,"<200,000",Tigo Pesa,2,0.24,0.8,0.41,0.0,Nokia,Finland,Mid-Range,New,389881,7.0,Physical Store,Mobile Money,0,2,0.22,0.287,1.0,0.879,1.0,1.0,0.452,0.74,0
CUST_00524,17,Male,Mwanza,Christian,Sukuma,Diploma,"200,000-500,000",Tigo Pesa,5,0.29,0.71,0.37,0.3,Infinix,China,Mid-Range,New,257425,6.6,Physical Store,Mobile Money,1,2,0.543,0.244,1.0,0.525,1.0,1.0,0.663,0.74,1
CUST_00660,31,Male,Dodoma,Muslim,Others,Secondary,"<200,000",Airtel Money,3,0.23,0.71,0.56,0.5,Apple,USA,Premium,Used,739265,7.2,Online,Mobile Money,0,1,0.563,0.403,0.9,0.641,0.6,1.0,0.614,0.68,1
CUST_01239,25,Male,Dar es Salaam,Christian,Others,No formal,"200,000-500,000",Tigo Pesa,3,0.44,0.72,0.68,0.7,Apple,USA,Premium,New,1438103,9.2,Physical Store,Cash,0,2,0.137,0.626,1.0,0.716,1.0,1.0,0.419,0.66,1
CUST_02382,30,Male,Mwanza,Christian,Others,Primary,"500,001-1,000,000",None,4,0.2,0.77,0.36,0.3,Apple,USA,Premium,New,2324738,8.6,Physical Store,Cash,1,12,0.0,0.31,1.0,1.188,1.0,1.0,0.346,0.45,1
CUST_00835,25,Female,Mwanza,Christian,Others,Secondary,"200,000-500,000",None,4,0.26,0.79,0.77,0.3,Xiaomi,China,Mid-Range,New,353269,7.7,Physical Store,Mobile Money,0,2,0.302,0.593,1.0,0.854,1.0,1.0,0.488,0.79,1
CUST_03997,22,Female,Mwanza,Christian,Others,Primary,">2,000,000",Tigo Pesa,5,0.32,0.32,0.79,0.3,Tecno,China,Mid-Range,New,378227,6.5,Physical Store,Card,0,12,0.697,0.514,1.0,0.597,1.0,1.0,0.637,0.71,0
CUST_01329,33,Female,Mwanza,Christian,Others,Primary,"<200,000",Airtel Money,5,0.1,0.96,0.76,0.5,Huawei,China,Premium,New,846257,9.5,Physical Store,Card,0,1,0.323,0.722,1.0,0.953,1.0,1.0,0.669,0.8,1
CUST_02307,42,Male,Tanga,Muslim,Others,No formal,"<200,000",Halopesa,1,0.26,0.71,0.62,1.0,Vivo,China,Mid-Range,New,396631,6.2,Physical Store,Cash,0,12,0.296,0.384,0.9,0.687,1.0,0.8,0.433,0.69,1
CUST_02478,34,Male,Arusha,Christian,Others,Diploma,"1,000,001-2,000,000",M-Pesa,4,0.21,0.21,0.58,0.5,Nokia,Finland,Mid-Range,New,328166,7.1,Physical Store,Mobile Money,1,2,0.828,0.412,1.0,0.773,1.0,1.0,0.705,0.76,1
CUST_02925,21,Male,Morogoro,Christian,Others,Primary,"500,001-1,000,000",M-Pesa,2,0.58,0.65,0.54,0.0,Xiaomi,China,Mid-Range,Used,160082,6.0,Physical Store,Mobile Money,0,2,0.74,0.324,1.0,0.805,0.6,1.0,0.499,0.73,1
CUST_00098,21,Female,Mbeya,Christian,Makonde,Primary,"500,001-1,000,000",Airtel Money,5,0.18,0.61,0.67,0.0,Samsung,South Korea,Premium,New,1867074,9.8,Physical Store,Mobile Money,0,2,0.051,0.657,1.0,0.938,1.0,1.0,0.742,0.61,1
CUST_04285,15,Female,Mbeya,Christian,Makonde,Bachelor,"500,001-1,000,000",Tigo Pesa,1,0.22,0.71,0.81,0.3,Vivo,China,Mid-Range,New,453310,7.4,Physical Store,Mobile Money,0,2,0.195,0.599,1.0,0.575,1.0,1.0,0.484,0.75,1
CUST_01905,21,Female,Morogoro,Christian,Others,Diploma,"<200,000",None,1,0.47,0.96,0.88,0.3,Itel,China,Budget,New,87666,6.0,Physical Store,Cash,0,2,0.439,0.528,1.0,0.771,1.0,1.0,0.598,0.74,1
CUST_04268,35,Female,Dodoma,Muslim,Sukuma,Secondary,"500,001-1,000,000",M-Pesa,4,0.65,0.48,0.48,0.5,Huawei,China,Premium,New,1446234,9.6,Physical Store,Mobile Money,1,1,0.422,0.461,0.9,0.756,1.0,1.0,0.704,0.69,1
CUST_03000,29,Male,Morogoro,Christian,Others,Secondary,">2,000,000",Tigo Pesa,3,0.07,0.17,0.85,0.7,Huawei,China,Premium,New,1000645,8.9,Physical Store,Mobile Money,0,11,0.858,0.756,1.0,0.825,1.0,1.0,0.782,0.73,1
CUST_03357,36,Male,Mbeya,Muslim,Others,No formal,"500,001-1,000,000",Airtel Money,4,0.08,0.6,0.86,0.3,Itel,China,Budget,Used,86574,3.8,Physical Store,Mobile Money,1,1,0.654,0.327,0.9,0.959,0.6,1.0,0.517,0.61,1
CUST_03629,22,Male,Dodoma,Christian,Makonde,Secondary,"200,000-500,000",Tigo Pesa,3,0.29,0.76,0.67,0.3,Huawei,China,Premium,New,1859256,9.5,Physical Store,Cash,1,2,0.0,0.636,1.0,0.845,1.0,1.0,0.559,0.6,1
CUST_03017,39,Female,Dar es Salaam,Muslim,Others,Diploma,"200,000-500,000",Airtel Money,1,0.47,0.87,0.51,0.3,Nokia,Finland,Mid-Range,New,281100,6.1,Physical Store,Mobile Money,0,11,0.389,0.311,0.9,0.533,1.0,1.0,0.513,0.71,1
CUST_03560,16,Male,Mwanza,Christian,Nyamwezi,Primary,"<200,000",Airtel Money,2,0.2,0.96,0.65,0.3,Samsung,South Korea,Premium,New,1262276,9.1,Online,Cash,1,1,0.0,0.591,1.0,1.106,1.0,1.0,0.721,0.69,1
CUST_00655,30,Female,Morogoro,Christian,Others,Primary,">2,000,000",Airtel Money,1,0.76,0.16,0.58,0.7,Nokia,Finland,Mid-Range,New,384529,7.1,Physical Store,Mobile Money,0,2,0.846,0.412,1.0,0.72,1.0,1.0,0.626,0.75,1
CUST_02715,25,Female,Mbeya,Christian,Others,Primary,"500,001-1,000,000",M-Pesa,1,0.41,0.46,0.57,0.3,Tecno,China,Mid-Range,Used,416463,5.4,Online,Cash,0,2,0.521,0.308,1.0,0.52,0.6,1.0,0.57,0.64,1
CUST_01712,31,Male,Arusha,Muslim,Nyamwezi,Secondary,"500,001-1,000,000",Tigo Pesa,4,0.05,0.68,0.3,0.5,Samsung,South Korea,Premium,New,1510309,8.7,Physical Store,Mobile Money,1,1,0.144,0.261,0.9,0.692,1.0,1.0,0.547,0.62,1
CUST_02661,17,Male,Dar es Salaam,Christian,Others,Diploma,"200,000-500,000",Halopesa,4,0.41,0.84,0.36,0.5,Xiaomi,China,Mid-Range,New,280488,6.7,Physical Store,Mobile Money,1,1,0.411,0.241,1.0,0.779,1.0,1.0,0.639,0.75,1
CUST_02378,38,Female,Dodoma,Christian,Sukuma,Secondary,"200,000-500,000",Airtel Money,4,0.32,0.77,0.84,1.0,Apple,USA,Premium,New,2239409,9.8,Physical Store,Mobile Money,0,2,0.0,0.823,1.0,1.053,1.0,0.8,0.729,0.54,1
CUST_00078,46,Female,Dar es Salaam,Christian,Others,Secondary,"500,001-1,000,000",M-Pesa,4,0.31,0.58,0.69,0.5,Apple,USA,Premium,New,604640,9.2,Physical Store,Mobile Money,1,2,0.708,0.635,1.0,1.114,1.0,1.0,0.664,0.83,1
CUST_01862,18,Female,Morogoro,Christian,Others,Master+,"<200,000",Airtel Money,2,0.22,0.83,0.79,0.0,Xiaomi,China,Mid-Range,New,355603,6.6,Physical Store,Mobile Money,1,2,0.262,0.521,1.0,0.87,1.0,1.0,0.647,0.72,1
CUST_01158,29,Female,Mwanza,Muslim,Others,No formal,"1,000,001-2,000,000",Tigo Pesa,5,0.55,0.24,0.51,0.0,Apple,USA,Premium,New,973296,9.4,Physical Store,Cash,0,12,0.805,0.479,0.9,0.601,1.0,1.0,0.801,0.77,1
CUST_03073,33,Female,Tanga,Christian,Others,Primary,"200,000-500,000",Airtel Money,4,0.26,0.98,0.53,0.3,Tecno,China,Mid-Range,New,319155,6.2,Physical Store,Card,0,1,0.218,0.329,1.0,0.911,1.0,1.0,0.545,0.71,1
CUST_01876,32,Male,Dar es Salaam,Muslim,Sukuma,Diploma,"200,000-500,000",M-Pesa,5,0.18,0.89,0.7,0.7,Vivo,China,Mid-Range,New,447004,7.2,Physical Store,Cash,1,2,0.005,0.504,0.9,0.599,1.0,1.0,0.447,0.74,1
CUST_02290,15,Male,Dar es Salaam,Christian,Sukuma,Primary,"<200,000",Airtel Money,4,0.3,0.76,0.8,0.7,Nokia,Finland,Mid-Range,New,436011,6.7,Physical Store,Mobile Money,0,2,0.172,0.536,1.0,0.891,1.0,1.0,0.573,0.71,0
CUST_01368,15,Male,Mwanza,Muslim,Sukuma,Bachelor,"<200,000",M-Pesa,3,0.11,0.78,0.75,0.0,Samsung,South Korea,Premium,New,1624099,9.9,Physical Store,Cash,1,1,0.0,0.742,0.9,1.101,1.0,1.0,0.568,0.67,1
CUST_02833,37,Male,Dodoma,Christian,Others,Diploma,"500,001-1,000,000",M-Pesa,4,0.3,0.63,0.39,0.5,Nokia,Finland,Mid-Range,New,411547,6.9,Physical Store,Cash,0,2,0.352,0.269,1.0,0.538,1.0,1.0,0.48,0.73,1
CUST_04586,33,Female,Dar es Salaam,Christian,Others,Bachelor,"200,000-500,000",M-Pesa,4,0.38,0.94,0.42,0.3,Itel,China,Budget,New,249785,6.7,Physical Store,Mobile Money,1,1,0.0,0.281,1.0,0.814,1.0,1.0,0.487,0.75,1
CUST_04180,15,Female,Dar es Salaam,Christian,Others,Secondary,"500,001-1,000,000",M-Pesa,4,0.11,0.76,0.75,0.3,Xiaomi,China,Mid-Range,New,439364,6.1,Physical Store,Cash,0,2,0.165,0.458,1.0,0.612,1.0,1.0,0.294,0.68,1
CUST_04513,28,Female,Zanzibar,Christian,Haya,Master+,"500,001-1,000,000",M-Pesa,5,0.48,0.74,0.44,0.0,Xiaomi,China,Mid-Range,New,434847,7.9,Mobile,Card,1,2,0.196,0.348,1.0,0.683,1.0,1.0,0.379,0.79,1
CUST_01456,21,Male,Morogoro,Christian,Sukuma,Secondary,"1,000,001-2,000,000",M-Pesa,4,0.07,0.26,0.84,0.3,Apple,USA,Premium,New,720715,9.0,Physical Store,Mobile Money,0,2,0.844,0.756,1.0,0.667,1.0,1.0,0.818,0.8,0
CUST_01407,17,Female,Tanga,Muslim,Others,Primary,"1,000,001-2,000,000",Tigo Pesa,1,0.27,0.12,0.44,0.3,Nokia,Finland,Mid-Range,New,568987,8.0,Physical Store,Mobile Money,0,1,0.829,0.352,0.9,0.561,1.0,1.0,0.624,0.77,1
CUST_00037,36,Female,Zanzibar,Christian,Others,Primary,"<200,000",M-Pesa,3,0.22,0.71,0.45,0.5,Apple,USA,Premium,New,662810,8.0,Physical Store,Cash,0,1,0.608,0.36,1.0,0.789,1.0,1.0,0.56,0.75,1
CUST_04213,26,Female,Tanga,Christian,Sukuma,Secondary,"200,000-500,000",Tigo Pesa,3,0.15,0.8,0.71,0.7,Apple,USA,Premium,New,2382442,8.0,Physical Store,Cash,1,2,0.0,0.568,1.0,1.114,1.0,1.0,0.624,0.4,0
CUST_02742,33,Female,Mbeya,Christian,Nyamwezi,Primary,"500,001-1,000,000",M-Pesa,3,0.15,0.65,0.32,0.5,Vivo,China,Mid-Range,Used,450127,5.9,Physical Store,Cash,0,2,0.269,0.189,1.0,0.629,0.6,1.0,0.43,0.66,1
CUST_03553,15,Female,Dar es Salaam,Muslim,Others,No formal,"500,001-1,000,000",Airtel Money,3,0.05,0.46,0.52,0.3,Huawei,China,Premium,New,1004440,8.4,Physical Store,Mobile Money,0,1,0.615,0.437,0.9,0.586,1.0,1.0,0.666,0.7,1
CUST_01078,21,Female,Dar es Salaam,Christian,Chagga,Primary,"500,001-1,000,000",M-Pesa,2,0.22,0.67,0.57,0.7,Infinix,China,Mid-Range,New,355052,6.7,Mobile,Mobile Money,0,2,0.405,0.382,1.0,0.835,1.0,1.0,0.607,0.73,1
CUST_02556,28,Female,Mwanza,Muslim,Chagga,Master+,"500,001-1,000,000",Tigo Pesa,4,0.17,0.46,0.4,0.3,Apple,USA,Premium,New,903853,9.9,Physical Store,Cash,1,1,0.654,0.396,0.9,0.893,1.0,1.0,0.709,0.81,0
CUST_04042,18,Female,Morogoro,Christian,Chagga,Primary,"200,000-500,000",M-Pesa,4,0.35,0.98,0.76,0.5,Tecno,China,Mid-Range,New,531026,7.2,Physical Store,Mobile Money,0,2,0.0,0.547,1.0,0.794,1.0,1.0,0.6,0.73,1
CUST_00329,31,Male,Zanzibar,Christian,Gogo,Secondary,"500,001-1,000,000",M-Pesa,2,0.05,0.44,0.69,0.7,Itel,China,Budget,Used,127072,3.1,Physical Store,Cash,0,1,0.627,0.214,1.0,0.773,0.6,1.0,0.587,0.56,1
CUST_03817,42,Male,Tanga,Christian,Nyamwezi,Diploma,"<200,000",Halopesa,3,0.25,0.88,0.57,0.3,Samsung,South Korea,Premium,New,859972,9.3,Online,Cash,0,2,0.369,0.53,1.0,0.609,1.0,1.0,0.5,0.79,0
CUST_03699,48,Female,Morogoro,Muslim,Gogo,Secondary,">2,000,000",Tigo Pesa,4,0.17,0.25,0.37,0.3,Infinix,China,Mid-Range,New,541764,7.9,Physical Store,Mobile Money,0,2,0.661,0.292,0.9,0.92,1.0,1.0,0.638,0.77,1
CUST_03168,26,Male,Mbeya,Christian,Sukuma,No formal,">2,000,000",M-Pesa,4,0.3,0.45,0.85,0.5,Samsung,South Korea,Premium,New,1949466,9.6,Physical Store,Cash,0,2,0.269,0.816,1.0,0.69,1.0,1.0,0.816,0.59,1
CUST_02929,15,Female,Mbeya,Muslim,Sukuma,Secondary,"<200,000",M-Pesa,4,0.04,0.8,0.59,0.5,Huawei,China,Premium,New,1158492,9.9,Physical Store,Mobile Money,0,1,0.228,0.584,0.9,0.803,1.0,1.0,0.591,0.76,1
CUST_01094,23,Female,Tanga,Christian,Nyamwezi,No formal,"500,001-1,000,000",Tigo Pesa,2,0.53,0.55,0.45,0.5,Infinix,China,Mid-Range,New,288453,8.0,Mobile,Mobile Money,0,2,0.603,0.36,1.0,0.949,1.0,1.0,0.727,0.82,1
CUST_00184,26,Female,Mbeya,Christian,Makonde,Primary,"500,001-1,000,000",None,2,0.44,0.77,0.56,0.3,Huawei,China,Premium,New,1247317,9.1,Physical Store,Cash,0,9,0.2,0.51,1.0,0.625,1.0,1.0,0.574,0.7,1
CUST_00953,40,Male,Dar es Salaam,Christian,Chagga,Secondary,"<200,000",M-Pesa,1,0.27,0.96,0.83,0.0,Apple,USA,Premium,New,1795057,8.2,Physical Store,Mobile Money,0,2,0.0,0.681,1.0,0.797,1.0,1.0,0.412,0.53,1
CUST_01355,30,Female,Mbeya,Muslim,Others,Secondary,"<200,000",Airtel Money,4,0.24,0.92,0.73,0.5,Tecno,China,Mid-Range,New,562877,6.7,Online,Card,0,2,0.0,0.489,0.9,0.723,1.0,1.0,0.637,0.69,1
CUST_00258,25,Male,Mbeya,Muslim,Gogo,Diploma,"500,001-1,000,000",Tigo Pesa,3,0.05,0.71,0.66,0.3,Huawei,China,Premium,New,1035415,8.7,Physical Store,Mobile Money,1,2,0.387,0.574,0.9,0.796,1.0,1.0,0.77,0.71,1
CUST_03489,15,Female,Zanzibar,Muslim,Others,Secondary,"1,000,001-2,000,000",Airtel Money,5,0.62,0.26,0.87,0.3,Huawei,China,Premium,New,1049861,9.1,Physical Store,Cash,0,2,0.773,0.792,0.9,0.696,1.0,1.0,0.701,0.74,1
CUST_01044,28,Female,Mwanza,Christian,Haya,Primary,"500,001-1,000,000",M-Pesa,3,0.35,0.64,0.87,1.0,Tecno,China,Mid-Range,New,394039,7.7,Physical Store,Mobile Money,1,2,0.37,0.67,1.0,0.975,1.0,0.8,0.826,0.78,0
CUST_01853,21,Male,Dar es Salaam,Muslim,Nyamwezi,No formal,"<200,000",Airtel Money,4,0.2,0.83,0.45,0.0,Xiaomi,China,Mid-Range,New,527555,7.3,Physical Store,Mobile Money,1,1,0.0,0.328,0.9,0.733,1.0,1.0,0.336,0.73,1
CUST_02789,38,Female,Dar es Salaam,Muslim,Others,Secondary,"200,000-500,000",Airtel Money,2,0.17,0.84,0.63,0.3,Nokia,Finland,Mid-Range,New,362153,7.7,Physical Store,Cash,0,1,0.239,0.485,0.9,0.91,1.0,1.0,0.644,0.79,1
CUST_03717,21,Female,Dar es Salaam,Muslim,Others,Secondary,"500,001-1,000,000",Airtel Money,3,0.23,0.74,0.36,1.0,Oppo,China,Mid-Range,New,353527,6.4,Physical Store,Mobile Money,1,2,0.346,0.23,0.9,0.996,1.0,0.8,0.628,0.71,1
CUST_00868,35,Female,Dodoma,Muslim,Others,Diploma,"200,000-500,000",M-Pesa,3,0.23,0.9,0.71,0.3,Nokia,Finland,Mid-Range,New,416185,6.4,Online,Mobile Money,0,2,0.064,0.454,0.9,0.952,1.0,1.0,0.549,0.7,0
CUST_01849,28,Male,Morogoro,Christian,Sukuma,No formal,"500,001-1,000,000",Airtel Money,4,0.3,0.75,0.69,0.3,Apple,USA,Premium,New,1803338,8.9,Physical Store,Cash,1,2,0.0,0.614,1.0,1.148,1.0,1.0,0.576,0.57,1
CUST_00265,38,Female,Dodoma,Muslim,Sukuma,No formal,"200,000-500,000",Tigo Pesa,3,0.29,0.82,0.38,0.0,Samsung,South Korea,Premium,New,1352547,8.6,Mobile,Cash,0,2,0.076,0.327,0.9,0.879,1.0,1.0,0.342,0.65,1
CUST_00492,41,Female,Dar es Salaam,Christian,Others,Primary,"<200,000",M-Pesa,3,0.07,0.82,0.32,0.3,Itel,China,Budget,New,208413,6.2,Mobile,Cash,0,10,0.0,0.198,1.0,0.762,1.0,1.0,0.175,0.73,1
CUST_04473,16,Male,Dar es Salaam,Muslim,Haya,Bachelor,"<200,000",M-Pesa,3,0.25,0.77,0.83,0.3,Itel,China,Budget,New,213874,6.4,Physical Store,Cash,0,1,0.0,0.531,0.9,0.633,1.0,1.0,0.447,0.74,1
CUST_00814,24,Female,Dodoma,Christian,Others,Primary,"<200,000",Airtel Money,4,0.22,0.72,0.47,0.3,Oppo,China,Mid-Range,New,585017,7.1,Online,Card,0,1,0.0,0.334,1.0,0.78,1.0,1.0,0.537,0.71,1
CUST_04457,38,Male,Zanzibar,Christian,Others,Secondary,"<200,000",Airtel Money,4,0.05,0.79,0.55,0.5,Nokia,Finland,Mid-Range,New,335702,7.3,Physical Store,Cash,0,2,0.337,0.402,1.0,0.968,1.0,1.0,0.458,0.77,1
CUST_04795,36,Male,Arusha,Christian,Others,Primary,"<200,000",Halopesa,2,0.25,0.96,0.4,0.5,Itel,China,Budget,Used,162706,5.0,Physical Store,Mobile Money,0,11,0.0,0.2,1.0,0.965,0.6,1.0,0.449,0.67,1
CUST_01393,46,Female,Dar es Salaam,Christian,Others,Primary,"200,000-500,000",Halopesa,3,0.69,0.89,0.3,1.0,Itel,China,Budget,New,249551,5.4,Physical Store,Mobile Money,0,1,0.0,0.162,1.0,0.632,1.0,0.8,0.419,0.67,1
CUST_03401,55,Male,Dar es Salaam,Christian,Others,Secondary,"200,000-500,000",Airtel Money,4,0.37,0.91,0.44,0.7,Tecno,China,Mid-Range,New,413599,7.2,Physical Store,Mobile Money,0,2,0.059,0.317,1.0,0.539,1.0,1.0,0.51,0.75,1
CUST_02017,39,Female,Dar es Salaam,Christian,Others,Diploma,"500,001-1,000,000",Airtel Money,2,0.2,0.47,0.83,0.5,Nokia,Finland,Mid-Range,New,564808,6.5,Physical Store,Mobile Money,0,1,0.336,0.54,1.0,0.773,1.0,1.0,0.634,0.68,1
CUST_01859,18,Male,Zanzibar,Muslim,Others,Primary,"500,001-1,000,000",M-Pesa,5,0.04,0.79,0.89,0.5,Apple,USA,Premium,New,2379750,8.4,Online,Mobile Money,0,2,0.0,0.748,0.9,1.015,1.0,1.0,0.492,0.43,1
CUST_03061,27,Female,Dar es Salaam,Christian,Others,No formal,"500,001-1,000,000",M-Pesa,3,0.22,0.51,0.71,0.5,Apple,USA,Premium,New,2149803,9.6,Physical Store,Mobile Money,1,2,0.086,0.682,1.0,1.144,1.0,1.0,0.615,0.55,1
CUST_03273,52,Male,Dar es Salaam,Christian,Others,No formal,"<200,000",M-Pesa,3,0.07,0.96,0.47,0.3,Nokia,Finland,Mid-Range,New,537872,8.0,Physical Store,Mobile Money,1,2,0.0,0.376,1.0,0.532,1.0,1.0,0.443,0.77,0
CUST_00776,21,Male,Mbeya,Muslim,Others,Diploma,"<200,000",Tigo Pesa,5,0.39,0.98,0.46,0.0,Huawei,China,Premium,New,730209,9.1,Online,Cash,0,2,0.404,0.419,0.9,0.761,1.0,1.0,0.583,0.8,1
CUST_03928,31,Male,Arusha,Christian,Others,Secondary,"1,000,001-2,000,000",M-Pesa,4,0.04,0.43,0.31,0.5,Apple,USA,Premium,New,1041643,8.7,Physical Store,Cash,0,2,0.627,0.27,1.0,1.133,1.0,1.0,0.771,0.71,1
CUST_03922,25,Female,Dar es Salaam,Christian,Others,No formal,"500,001-1,000,000",Tigo Pesa,4,0.65,0.74,0.71,0.5,Itel,China,Budget,New,205980,6.5,Online,Cash,0,2,0.0,0.461,1.0,0.961,1.0,1.0,0.473,0.75,1
CUST_01767,27,Male,Dodoma,Muslim,Others,Primary,"200,000-500,000",Halopesa,4,0.34,0.92,0.51,0.5,Oppo,China,Mid-Range,New,265838,6.4,Physical Store,Cash,0,2,0.389,0.326,0.9,0.785,1.0,1.0,0.491,0.73,1
CUST_01842,16,Female,Mwanza,Christian,Haya,Secondary,"<200,000",Tigo Pesa,5,0.16,0.74,0.63,0.0,Tecno,China,Mid-Range,New,318971,7.9,Physical Store,Cash,0,2,0.41,0.498,1.0,0.556,1.0,1.0,0.749,0.81,1
CUST_01489,21,Male,Zanzibar,Christian,Sukuma,Bachelor,"200,000-500,000",Halopesa,2,0.32,0.76,0.43,0.7,Huawei,China,Premium,New,2019294,9.8,Physical Store,Cash,0,12,0.0,0.421,1.0,0.546,1.0,1.0,0.397,0.58,1
CUST_00267,15,Male,Arusha,Muslim,Others,Secondary,"200,000-500,000",Airtel Money,4,0.1,0.83,0.66,0.5,Oppo,China,Mid-Range,New,424592,6.1,Physical Store,Mobile Money,0,2,0.119,0.403,0.9,0.526,1.0,1.0,0.475,0.68,1
CUST_01603,36,Male,Dar es Salaam,Christian,Gogo,Primary,"200,000-500,000",Airtel Money,3,0.04,0.85,0.73,0.5,Huawei,China,Premium,Used,633942,8.8,Physical Store,Cash,0,12,0.551,0.642,1.0,0.64,0.6,1.0,0.459,0.8,1
CUST_03478,28,Female,Tanga,Christian,Others,Primary,"<200,000",Airtel Money,5,0.3,0.71,0.77,0.5,Apple,USA,Premium,New,1627444,8.1,Physical Store,Mobile Money,1,1,0.037,0.624,1.0,0.956,1.0,1.0,0.673,0.56,1
CUST_02729,15,Female,Dar es Salaam,Christian,Nyamwezi,No formal,"1,000,001-2,000,000",M-Pesa,4,0.1,0.49,0.72,0.5,Oppo,China,Mid-Range,New,418668,6.3,Physical Store,Cash,1,2,0.487,0.454,1.0,0.815,1.0,1.0,0.672,0.69,0
CUST_01048,28,Female,Mbeya,Muslim,Sukuma,Primary,"200,000-500,000",Airtel Money,4,0.41,0.96,0.72,0.5,Tecno,China,Mid-Range,New,525202,6.7,Online,Mobile Money,1,2,0.0,0.482,0.9,0.655,1.0,1.0,0.407,0.7,1
CUST_04908,23,Male,Morogoro,Christian,Others,Primary,">2,000,000",Halopesa,1,0.18,0.19,0.6,0.5,Tecno,China,Mid-Range,New,587158,7.5,Online,Mobile Money,0,2,0.721,0.45,1.0,0.911,1.0,1.0,0.638,0.73,1
CUST_01333,15,Male,Zanzibar,Muslim,Others,Primary,"200,000-500,000",M-Pesa,5,0.16,0.94,0.43,0.5,Infinix,China,Mid-Range,New,519748,6.0,Online,Cash,0,2,0.0,0.258,0.9,0.981,1.0,1.0,0.598,0.66,1
CUST_04807,44,Male,Mwanza,Christian,Chagga,Secondary,"200,000-500,000",Airtel Money,5,0.46,0.85,0.4,0.7,Xiaomi,China,Mid-Range,New,312207,7.8,Online,Cash,0,2,0.337,0.312,1.0,0.665,1.0,1.0,0.283,0.81,1
CUST_02815,34,Male,Arusha,Christian,Sukuma,No formal,"<200,000",M-Pesa,1,0.08,0.86,0.4,0.7,Vivo,China,Mid-Range,New,366345,7.0,Mobile,Cash,1,1,0.212,0.28,1.0,0.806,1.0,1.0,0.595,0.75,0
CUST_04607,40,Male,Dar es Salaam,Christian,Makonde,Primary,"<200,000",Halopesa,3,0.21,0.78,0.77,0.3,Huawei,China,Premium,New,1335027,9.6,Physical Store,Cash,0,1,0.132,0.739,1.0,0.593,1.0,1.0,0.553,0.71,1
CUST_00418,24,Male,Arusha,Christian,Others,Primary,"500,001-1,000,000",Tigo Pesa,4,0.3,0.42,0.89,0.3,Tecno,China,Mid-Range,New,287376,6.6,Online,Cash,0,2,0.698,0.587,1.0,0.97,1.0,1.0,0.791,0.74,1
CUST_01264,49,Female,Mbeya,Christian,Others,Secondary,"200,000-500,000",Tigo Pesa,4,0.08,0.76,0.45,0.0,Xiaomi,China,Mid-Range,New,452833,6.7,Physical Store,Mobile Money,0,2,0.14,0.302,1.0,0.887,1.0,1.0,0.66,0.71,1
CUST_01246,20,Male,Morogoro,Muslim,Others,Diploma,">2,000,000",M-Pesa,3,0.49,0.32,0.88,0.5,Apple,USA,Premium,New,890102,9.1,Physical Store,Mobile Money,0,12,0.763,0.801,0.9,0.6,1.0,1.0,0.928,0.77,0
CUST_01238,16,Female,Zanzibar,Christian,Sukuma,Master+,"500,001-1,000,000",M-Pesa,3,0.39,0.49,0.87,0.5,Apple,USA,Premium,New,1039985,9.1,Mobile,Mobile Money,0,2,0.575,0.792,1.0,0.979,1.0,1.0,0.904,0.74,1
CUST_04675,29,Female,Dar es Salaam,Christian,Makonde,Diploma,"200,000-500,000",M-Pesa,1,0.22,0.74,0.55,0.5,Huawei,China,Premium,New,800047,8.4,Physical Store,Card,0,1,0.507,0.462,1.0,0.586,1.0,1.0,0.49,0.74,1
CUST_01082,29,Male,Dar es Salaam,Christian,Nyamwezi,Diploma,"<200,000",M-Pesa,3,0.26,0.72,0.86,0.5,Itel,China,Budget,New,110971,5.0,Online,Card,0,2,0.467,0.43,1.0,0.671,1.0,1.0,0.675,0.68,1
CUST_04752,33,Female,Zanzibar,Muslim,Others,Bachelor,"200,000-500,000",M-Pesa,2,0.2,0.84,0.48,0.5,Samsung,South Korea,Premium,New,2217189,8.5,Mobile,Card,0,2,0.0,0.408,0.9,0.793,1.0,1.0,0.488,0.47,0
CUST_03539,22,Male,Mwanza,Christian,Others,Primary,"500,001-1,000,000",Airtel Money,3,0.22,0.53,0.57,0.5,Samsung,South Korea,Premium,New,2332241,9.3,Mobile,Mobile Money,0,1,0.0,0.53,1.0,0.836,1.0,1.0,0.694,0.49,0
CUST_04077,43,Female,Dar es Salaam,Muslim,Others,Bachelor,"<200,000",Tigo Pesa,5,0.22,0.87,0.51,0.7,Itel,China,Budget,New,209317,6.9,Physical Store,Mobile Money,0,12,0.0,0.352,0.9,0.888,1.0,1.0,0.464,0.77,1
CUST_03275,23,Male,Dar es Salaam,Christian,Sukuma,Secondary,"1,000,001-2,000,000",Airtel Money,4,0.69,0.43,0.4,0.5,Apple,USA,Premium,New,897157,8.3,Online,Cash,1,12,0.679,0.332,1.0,1.167,1.0,1.0,0.932,0.72,1
CUST_02423,46,Female,Dar es Salaam,Muslim,Gogo,Secondary,"<200,000",Airtel Money,2,0.03,0.93,0.69,0.0,Nokia,Finland,Mid-Range,New,366603,7.1,Physical Store,Mobile Money,0,2,0.148,0.49,0.9,0.579,1.0,1.0,0.5,0.75,1
CUST_02967,15,Female,Dar es Salaam,Muslim,Nyamwezi,Master+,"200,000-500,000",None,5,0.15,1.0,0.78,0.5,Huawei,China,Premium,New,1797236,9.7,Physical Store,Mobile Money,1,1,0.0,0.757,0.9,0.954,1.0,1.0,0.514,0.62,0
CUST_02257,23,Male,Dar es Salaam,Muslim,Others,Secondary,"1,000,001-2,000,000",Halopesa,4,0.32,0.19,0.61,0.7,Xiaomi,China,Mid-Range,New,502133,6.3,Physical Store,Mobile Money,1,2,0.761,0.384,0.9,0.847,1.0,1.0,0.562,0.68,1
CUST_01093,36,Female,Dodoma,Christian,Sukuma,Primary,"500,001-1,000,000",M-Pesa,3,0.1,0.62,0.7,0.0,Itel,China,Budget,New,197008,4.5,Physical Store,Mobile Money,0,2,0.186,0.315,1.0,0.635,1.0,1.0,0.684,0.63,1
CUST_00923,41,Male,Arusha,Christian,Sukuma,Diploma,"1,000,001-2,000,000",Halopesa,5,0.2,0.19,0.46,0.3,Oppo,China,Mid-Range,New,496174,7.6,Physical Store,Mobile Money,0,2,0.764,0.35,1.0,0.97,1.0,1.0,0.746,0.76,0
CUST_00328,15,Male,Morogoro,Muslim,Others,Diploma,"500,001-1,000,000",Airtel Money,2,0.37,0.58,0.62,0.0,Infinix,China,Mid-Range,New,562527,7.5,Online,Cash,0,2,0.184,0.465,0.9,0.911,1.0,1.0,0.545,0.74,1
CUST_00562,17,Male,Tanga,Christian,Others,Secondary,"<200,000",M-Pesa,4,0.13,0.84,0.33,1.0,Samsung,South Korea,Premium,New,2244763,9.8,Physical Store,Cash,0,2,0.0,0.323,1.0,1.162,1.0,0.8,0.347,0.54,1
CUST_00700,40,Female,Zanzibar,Muslim,Sukuma,Primary,"200,000-500,000",Halopesa,2,0.12,0.81,0.52,1.0,Samsung,South Korea,Premium,New,1888475,8.3,Physical Store,Cash,1,2,0.0,0.432,0.9,0.712,1.0,0.8,0.568,0.52,0
CUST_01697,15,Male,Tanga,Christian,Others,No formal,"500,001-1,000,000",Airtel Money,3,0.1,0.74,0.52,0.5,Huawei,China,Premium,New,2057163,10.0,Physical Store,Mobile Money,0,2,0.0,0.52,1.0,0.991,1.0,1.0,0.613,0.59,1
CUST_04833,26,Female,Mbeya,Other,Others,Diploma,"<200,000",M-Pesa,5,0.24,0.98,0.65,0.0,Vivo,China,Mid-Range,New,274648,6.7,Physical Store,Mobile Money,0,2,0.327,0.436,1.0,0.994,1.0,1.0,0.713,0.75,1
CUST_00769,26,Female,Mbeya,Christian,Others,Secondary,"200,000-500,000",Tigo Pesa,4,0.17,0.7,0.32,0.7,Samsung,South Korea,Premium,New,1738461,8.5,Physical Store,Cash,0,2,0.0,0.272,1.0,0.75,1.0,1.0,0.267,0.56,1
CUST_01224,50,Male,Dodoma,Christian,Nyamwezi,No formal,"200,000-500,000",Tigo Pesa,2,0.19,0.82,0.32,0.3,Samsung,South Korea,Premium,New,645976,9.7,Online,Cash,1,2,0.559,0.31,1.0,1.111,1.0,1.0,0.582,0.85,1
CUST_03372,38,Female,Dar es Salaam,Christian,Others,Primary,"<200,000",Airtel Money,3,0.37,0.87,0.65,1.0,Tecno,China,Mid-Range,New,554698,7.3,Physical Store,Mobile Money,0,12,0.0,0.474,1.0,0.753,1.0,0.8,0.493,0.73,1
CUST_02316,39,Male,Mwanza,Christian,Others,Primary,"500,001-1,000,000",M-Pesa,4,0.14,0.68,0.85,0.5,Huawei,China,Premium,New,2011291,9.2,Physical Store,Mobile Money,1,2,0.0,0.782,1.0,0.98,1.0,1.0,0.581,0.55,1
CUST_04726,34,Male,Mwanza,Muslim,Makonde,Primary,"200,000-500,000",M-Pesa,4,0.19,0.98,0.53,0.0,Xiaomi,China,Mid-Range,New,563026,6.2,Physical Store,Mobile Money,1,2,0.0,0.329,0.9,0.581,1.0,1.0,0.249,0.66,1
CUST_01848,20,Male,Arusha,Other,Others,Secondary,"200,000-500,000",Airtel Money,4,0.25,0.93,0.54,0.7,Samsung,South Korea,Premium,New,2032000,8.5,Online,Mobile Money,0,1,0.0,0.459,1.0,0.655,1.0,1.0,0.538,0.5,1
CUST_03098,52,Male,Dar es Salaam,Muslim,Others,Secondary,"<200,000",Tigo Pesa,3,0.04,0.89,0.84,1.0,Apple,USA,Premium,New,2015338,9.5,Physical Store,Cash,1,2,0.0,0.798,0.9,0.731,1.0,0.8,0.508,0.57,1
CUST_02317,27,Male,Mwanza,Christian,Others,Secondary,"500,001-1,000,000",M-Pesa,5,0.47,0.46,0.6,0.0,Nokia,Finland,Mid-Range,New,490015,7.6,Physical Store,Cash,0,2,0.436,0.456,1.0,0.869,1.0,1.0,0.651,0.76,1
CUST_04876,15,Male,Dodoma,Christian,Others,Primary,"<200,000",M-Pesa,3,0.11,0.87,0.55,0.0,Itel,China,Budget,New,152949,6.4,Mobile,Card,1,2,0.113,0.352,1.0,0.653,1.0,1.0,0.253,0.75,1
CUST_04076,22,Female,Mbeya,Christian,Others,Primary,">2,000,000",Halopesa,5,0.49,0.48,0.39,0.0,Samsung,South Korea,Premium,New,1645369,9.2,Physical Store,Cash,0,2,0.342,0.359,1.0,1.197,1.0,1.0,0.528,0.62,1
CUST_04881,21,Female,Dar es Salaam,Muslim,Makonde,Primary,">2,000,000",Airtel Money,3,0.07,0.43,0.88,0.3,Huawei,China,Premium,New,1593194,8.9,Physical Store,Mobile Money,0,2,0.429,0.783,0.9,0.656,1.0,1.0,0.674,0.62,1
CUST_03312,16,Male,Dar es Salaam,Christian,Others,Primary,">2,000,000",Airtel Money,2,0.29,0.24,0.59,0.3,Infinix,China,Mid-Range,New,269803,7.1,Online,Card,1,12,0.838,0.419,1.0,0.993,1.0,1.0,0.91,0.77,1
CUST_00734,19,Male,Arusha,Muslim,Others,Secondary,"200,000-500,000",Halopesa,3,0.11,0.76,0.75,0.3,Huawei,China,Premium,Used,1698453,7.9,Physical Store,Mobile Money,0,2,0.0,0.592,0.9,0.696,0.6,1.0,0.459,0.53,1
CUST_00707,31,Male,Morogoro,Christian,Nyamwezi,No formal,">2,000,000",M-Pesa,5,0.32,0.38,0.64,0.0,Nokia,Finland,Mid-Range,New,473435,7.1,Physical Store,Cash,1,1,0.55,0.454,1.0,0.651,1.0,1.0,0.594,0.73,1
CUST_02503,22,Male,Morogoro,Muslim,Others,Primary,"<200,000",M-Pesa,3,0.44,0.91,0.89,0.5,Oppo,China,Mid-Range,New,547077,6.5,Mobile,Mobile Money,0,2,0.0,0.578,0.9,0.94,1.0,1.0,0.555,0.68,0
CUST_02322,43,Female,Mbeya,Christian,Nyamwezi,Primary,"<200,000",Tigo Pesa,3,0.35,0.98,0.62,0.5,Apple,USA,Premium,New,1139734,8.8,Physical Store,Cash,1,1,0.069,0.546,1.0,0.656,1.0,1.0,0.491,0.7,1
CUST_03463,34,Female,Dodoma,Christian,Nyamwezi,Secondary,"1,000,001-2,000,000",Tigo Pesa,3,0.36,0.34,0.82,0.3,Huawei,China,Premium,New,1012969,9.6,Physical Store,Cash,0,2,0.713,0.787,1.0,0.56,1.0,1.0,0.596,0.77,1
CUST_00409,15,Female,Tanga,Muslim,Sukuma,Primary,"200,000-500,000",M-Pesa,3,0.22,0.8,0.81,0.3,Tecno,China,Mid-Range,New,407291,7.5,Physical Store,Cash,0,12,0.185,0.608,0.9,0.646,1.0,1.0,0.61,0.77,1
CUST_04973,29,Male,Dar es Salaam,Christian,Nyamwezi,Bachelor,"1,000,001-2,000,000",Tigo Pesa,4,0.33,0.34,0.58,0.5,Infinix,China,Mid-Range,New,437638,7.4,Mobile,Cash,0,2,0.628,0.429,1.0,0.973,1.0,1.0,0.587,0.76,1
CUST_04600,35,Female,Arusha,Christian,Others,Primary,"200,000-500,000",None,2,0.66,0.99,0.64,0.5,Infinix,China,Mid-Range,Used,365256,5.6,Online,Mobile Money,0,11,0.096,0.358,1.0,0.884,0.6,1.0,0.477,0.66,1
CUST_03864,40,Male,Arusha,Muslim,Sukuma,Primary,"<200,000",Tigo Pesa,3,0.2,0.77,0.64,0.5,Samsung,South Korea,Premium,Used,1949961,7.7,Online,Mobile Money,0,2,0.0,0.493,0.9,0.99,0.6,1.0,0.606,0.47,1
CUST_01298,28,Male,Zanzibar,Christian,Others,Primary,"500,001-1,000,000",Tigo Pesa,1,0.3,0.59,0.47,0.5,Vivo,China,Mid-Range,New,279689,7.5,Physical Store,Mobile Money,1,2,0.587,0.352,1.0,0.617,1.0,1.0,0.48,0.79,1
CUST_03469,26,Male,Tanga,Christian,Haya,No formal,"<200,000",Tigo Pesa,3,0.26,0.89,0.72,0.3,Vivo,China,Mid-Range,New,457944,7.2,Physical Store,Mobile Money,0,1,0.0,0.518,1.0,0.907,1.0,1.0,0.543,0.74,1
CUST_04065,29,Female,Arusha,Muslim,Gogo,Primary,"<200,000",Airtel Money,1,0.28,0.86,0.67,0.0,Itel,China,Budget,New,231038,7.0,Physical Store,Cash,0,12,0.0,0.469,0.9,0.852,1.0,1.0,0.594,0.77,1
CUST_03701,18,Female,Mwanza,Muslim,Gogo,Secondary,"<200,000",Airtel Money,1,0.24,0.88,0.88,0.7,Nokia,Finland,Mid-Range,New,499934,7.7,Physical Store,Cash,1,2,0.0,0.678,0.9,0.677,1.0,1.0,0.437,0.76,1
CUST_03768,30,Female,Dar es Salaam,Muslim,Sukuma,No formal,"1,000,001-2,000,000",M-Pesa,4,0.27,0.5,0.79,0.7,Huawei,China,Premium,New,1656625,9.1,Online,Mobile Money,1,11,0.31,0.719,0.9,0.771,1.0,1.0,0.464,0.61,1
CUST_04778,37,Female,Arusha,Christian,Sukuma,Diploma,"200,000-500,000",M-Pesa,3,0.06,0.8,0.34,0.7,Huawei,China,Premium,New,1695457,8.9,Physical Store,Mobile Money,1,2,0.0,0.303,1.0,0.974,1.0,1.0,0.244,0.59,1
CUST_02921,23,Male,Zanzibar,Other,Nyamwezi,Primary,"200,000-500,000",Airtel Money,3,0.36,0.74,0.62,0.3,Oppo,China,Mid-Range,New,545190,7.5,Physical Store,Mobile Money,0,2,0.0,0.465,1.0,0.787,1.0,1.0,0.519,0.74,1
CUST_02609,20,Male,Mwanza,Muslim,Gogo,Primary,"<200,000",M-Pesa,4,0.13,0.85,0.89,0.5,Xiaomi,China,Mid-Range,New,332997,7.2,Physical Store,Cash,0,2,0.292,0.641,0.9,0.67,1.0,1.0,0.493,0.77,1
CUST_04690,28,Female,Tanga,Christian,Others,Secondary,"<200,000",Halopesa,2,0.27,0.74,0.56,0.3,Oppo,China,Mid-Range,New,485578,6.1,Physical Store,Mobile Money,1,12,0.102,0.342,1.0,0.76,1.0,1.0,0.613,0.67,0
CUST_00136,25,Female,Dar es Salaam,Christian,Sukuma,Bachelor,"500,001-1,000,000",Airtel Money,3,0.02,0.59,0.33,0.0,Itel,China,Budget,New,147943,5.3,Mobile,Cash,0,12,0.418,0.175,1.0,0.635,1.0,1.0,0.597,0.69,1
CUST_01500,23,Female,Mbeya,Christian,Sukuma,No formal,"<200,000",Tigo Pesa,3,0.23,0.72,0.55,0.0,Huawei,China,Premium,New,971716,9.8,Physical Store,Cash,0,2,0.417,0.539,1.0,0.617,1.0,1.0,0.63,0.79,1
CUST_02697,31,Female,Dodoma,Muslim,Chagga,Bachelor,"500,001-1,000,000",Halopesa,4,0.33,0.63,0.78,0.5,Huawei,China,Premium,New,1348942,9.4,Physical Store,Mobile Money,0,1,0.292,0.733,0.9,0.795,1.0,1.0,0.471,0.69,1
CUST_04006,33,Male,Dar es Salaam,Christian,Others,Secondary,"200,000-500,000",M-Pesa,3,0.32,0.98,0.87,0.5,Apple,USA,Premium,New,2371222,9.1,Mobile,Card,0,11,0.0,0.792,1.0,1.11,1.0,1.0,0.767,0.47,1
CUST_02117,15,Male,Dar es Salaam,Christian,Others,Bachelor,"<200,000",M-Pesa,2,0.21,0.92,0.46,1.0,Huawei,China,Premium,New,1381977,9.2,Physical Store,Cash,0,1,0.0,0.423,1.0,0.761,1.0,0.8,0.521,0.68,1
CUST_01373,34,Female,Arusha,Muslim,Chagga,Secondary,"200,000-500,000",Tigo Pesa,2,0.38,0.84,0.74,0.0,Infinix,China,Mid-Range,New,376399,6.7,Physical Store,Mobile Money,1,1,0.21,0.496,0.9,0.665,1.0,1.0,0.432,0.73,1
CUST_04301,31,Female,Dodoma,Muslim,Others,No formal,"500,001-1,000,000",M-Pesa,3,0.28,0.47,0.6,0.5,Apple,USA,Premium,New,833033,8.3,Online,Cash,1,2,0.674,0.498,0.9,0.951,1.0,1.0,0.552,0.73,1
CUST_04907,34,Female,Zanzibar,Muslim,Others,Bachelor,"<200,000",M-Pesa,2,0.32,0.9,0.55,0.0,Huawei,China,Premium,New,2214127,9.1,Physical Store,Cash,1,2,0.0,0.5,0.9,0.81,1.0,1.0,0.444,0.5,1
CUST_02007,34,Female,Mwanza,Christian,Sukuma,Bachelor,"500,001-1,000,000",None,3,0.23,0.55,0.49,0.5,Samsung,South Korea,Premium,New,751165,8.9,Physical Store,Cash,1,2,0.656,0.436,1.0,0.747,1.0,1.0,0.798,0.78,1
CUST_01016,42,Female,Dodoma,Muslim,Nyamwezi,Primary,">2,000,000",None,3,0.34,0.48,0.66,0.5,Oppo,China,Mid-Range,New,312879,7.7,Physical Store,Mobile Money,1,2,0.625,0.508,0.9,0.577,1.0,1.0,0.674,0.8,1
CUST_00473,32,Female,Arusha,Christian,Sukuma,Secondary,"200,000-500,000",Tigo Pesa,3,0.35,0.74,0.67,0.5,Infinix,China,Mid-Range,New,521997,7.1,Online,Cash,1,2,0.034,0.476,1.0,0.665,1.0,1.0,0.583,0.72,1
CUST_01687,28,Female,Mwanza,Other,Others,Secondary,"500,001-1,000,000",Tigo Pesa,2,0.08,0.43,0.88,0.0,Huawei,China,Premium,New,2322662,9.3,Physical Store,Cash,0,1,0.168,0.818,1.0,0.666,1.0,1.0,0.61,0.49,1
CUST_04109,33,Male,Arusha,Christian,Others,Primary,"200,000-500,000",Airtel Money,3,0.19,0.77,0.79,0.5,Itel,China,Budget,New,229019,6.9,Physical Store,Mobile Money,0,2,0.0,0.545,1.0,0.518,1.0,1.0,0.61,0.77,1
CUST_00616,21,Female,Mbeya,Christian,Others,Primary,"<200,000",Airtel Money,3,0.24,0.99,0.82,0.0,Samsung,South Korea,Premium,New,1516498,9.5,Physical Store,Mobile Money,0,2,0.0,0.779,1.0,0.749,1.0,1.0,0.711,0.67,1
CUST_03854,40,Male,Mbeya,Christian,Others,No formal,"<200,000",M-Pesa,2,0.15,0.92,0.44,0.3,Samsung,South Korea,Premium,New,1296502,8.3,Physical Store,Cash,0,2,0.006,0.365,1.0,0.736,1.0,1.0,0.501,0.64,1
CUST_00368,15,Male,Dodoma,Muslim,Chagga,No formal,"500,001-1,000,000",Tigo Pesa,4,0.25,0.74,0.43,0.0,Itel,China,Budget,Used,73812,4.7,Mobile,Mobile Money,0,1,0.636,0.202,0.9,0.647,0.6,1.0,0.413,0.67,1
CUST_02695,32,Male,Mbeya,Christian,Others,Primary,"<200,000",M-Pesa,3,0.11,0.89,0.85,0.7,Huawei,China,Premium,New,1825401,9.6,Online,Mobile Money,0,2,0.0,0.816,1.0,0.546,1.0,1.0,0.503,0.61,1
CUST_01682,35,Female,Morogoro,Christian,Nyamwezi,Primary,"200,000-500,000",M-Pesa,2,0.21,1.0,0.39,0.0,Tecno,China,Mid-Range,Used,265463,6.3,Physical Store,Cash,0,1,0.336,0.246,1.0,0.881,0.6,1.0,0.603,0.72,1
CUST_02097,28,Female,Mwanza,Muslim,Others,Primary,"500,001-1,000,000",Tigo Pesa,2,0.11,0.65,0.53,0.3,Infinix,China,Mid-Range,New,295438,7.0,Physical Store,Mobile Money,0,2,0.52,0.371,0.9,0.697,1.0,1.0,0.638,0.76,1
CUST_01457,22,Female,Dodoma,Christian,Sukuma,Diploma,"200,000-500,000",Tigo Pesa,5,0.14,0.92,0.6,0.0,Vivo,China,Mid-Range,New,435322,6.7,Online,Cash,0,2,0.0,0.402,1.0,0.829,1.0,1.0,0.437,0.71,1
CUST_02413,34,Female,Dar es Salaam,Muslim,Others,Secondary,"1,000,001-2,000,000",Tigo Pesa,4,0.3,0.23,0.47,0.5,Apple,USA,Premium,New,1538508,8.8,Physical Store,Mobile Money,0,1,0.705,0.414,0.9,0.823,1.0,1.0,0.75,0.62,1
CUST_04936,20,Female,Mbeya,Muslim,Others,No formal,"200,000-500,000",Tigo Pesa,1,0.28,0.98,0.41,0.5,Itel,China,Budget,New,96143,6.4,Mobile,Cash,1,2,0.372,0.262,0.9,0.987,1.0,1.0,0.554,0.76,1
CUST_00511,20,Male,Dar es Salaam,Christian,Sukuma,Diploma,"1,000,001-2,000,000",M-Pesa,3,0.44,0.37,0.81,0.0,Nokia,Finland,Mid-Range,New,338102,6.2,Online,Mobile Money,0,1,0.687,0.502,1.0,0.681,1.0,1.0,0.895,0.7,1
CUST_02231,32,Male,Mbeya,Other,Sukuma,Primary,"1,000,001-2,000,000",Tigo Pesa,3,0.35,0.34,0.46,0.5,Nokia,Finland,Mid-Range,New,279110,6.2,Physical Store,Mobile Money,0,2,0.763,0.285,1.0,0.524,1.0,1.0,0.55,0.72,1
CUST_00894,33,Male,Dar es Salaam,Muslim,Sukuma,Bachelor,"200,000-500,000",M-Pesa,3,0.05,0.82,0.37,0.3,Itel,China,Budget,New,199745,6.0,Physical Store,Mobile Money,0,2,0.0,0.222,0.9,0.872,1.0,1.0,0.434,0.72,1
CUST_03487,38,Female,Arusha,Muslim,Others,Primary,"500,001-1,000,000",M-Pesa,1,0.07,0.68,0.84,0.0,Apple,USA,Premium,New,2133350,8.0,Mobile,Mobile Money,0,2,0.0,0.672,0.9,0.719,1.0,1.0,0.684,0.45,1
CUST_02791,17,Male,Dodoma,Muslim,Gogo,Bachelor,"200,000-500,000",M-Pesa,2,0.08,0.85,0.64,0.0,Huawei,China,Premium,New,1034348,8.9,Physical Store,Mobile Money,0,2,0.267,0.57,0.9,0.674,1.0,1.0,0.439,0.73,1
CUST_00384,30,Male,Mbeya,Other,Makonde,Secondary,"500,001-1,000,000",None,3,0.39,0.56,0.32,0.3,Huawei,China,Premium,New,873077,8.3,Physical Store,Mobile Money,0,2,0.593,0.266,1.0,0.727,1.0,1.0,0.407,0.72,0
CUST_03979,16,Male,Morogoro,Muslim,Chagga,Diploma,"<200,000",Halopesa,3,0.36,0.71,0.79,0.7,Infinix,China,Mid-Range,New,467445,6.1,Physical Store,Cash,0,2,0.17,0.482,0.9,0.696,1.0,1.0,0.56,0.67,1
CUST_01031,15,Female,Dodoma,Muslim,Nyamwezi,Secondary,"200,000-500,000",Airtel Money,2,0.31,0.81,0.68,0.0,Itel,China,Budget,Used,118722,5.8,Physical Store,Mobile Money,0,1,0.359,0.394,0.9,0.854,0.6,1.0,0.549,0.72,1
CUST_01389,26,Female,Tanga,Muslim,Others,Primary,"500,001-1,000,000",M-Pesa,1,0.58,0.71,0.78,0.3,Apple,USA,Premium,New,1135887,8.3,Physical Store,Mobile Money,1,2,0.328,0.647,0.9,0.861,1.0,1.0,0.607,0.67,1
CUST_04924,31,Male,Dar es Salaam,Muslim,Nyamwezi,No formal,"<200,000",Airtel Money,5,0.34,0.78,0.66,0.3,Huawei,China,Premium,New,1460661,8.6,Physical Store,Mobile Money,0,2,0.051,0.568,0.9,0.671,1.0,1.0,0.47,0.62,1
CUST_00787,26,Male,Mbeya,Muslim,Sukuma,Primary,"500,001-1,000,000",Airtel Money,3,0.37,0.71,0.34,0.5,Tecno,China,Mid-Range,New,458537,7.9,Physical Store,Card,0,2,0.186,0.269,0.9,0.563,1.0,1.0,0.49,0.78,1
CUST_01892,15,Male,Mbeya,Muslim,Haya,Diploma,"500,001-1,000,000",Tigo Pesa,1,0.13,0.44,0.87,0.0,Itel,China,Budget,New,239992,5.1,Physical Store,Cash,0,2,0.296,0.444,0.9,0.607,1.0,1.0,0.445,0.66,1
CUST_01549,43,Male,Dar es Salaam,Christian,Others,Primary,"<200,000",Airtel Money,5,0.4,0.8,0.62,1.0,Tecno,China,Mid-Range,New,415809,7.9,Physical Store,Cash,0,1,0.168,0.49,1.0,0.585,1.0,0.8,0.5,0.79,1
CUST_03525,21,Male,Tanga,Christian,Haya,Primary,"200,000-500,000",None,1,0.16,0.98,0.31,0.3,Itel,China,Budget,Used,50451,3.1,Physical Store,Mobile Money,0,2,0.67,0.096,1.0,0.725,0.6,1.0,0.823,0.58,1
CUST_04090,19,Male,Dar es Salaam,Christian,Others,No formal,"200,000-500,000",M-Pesa,5,0.37,0.79,0.43,0.3,Vivo,China,Mid-Range,New,565074,7.1,Physical Store,Cash,1,2,0.0,0.305,1.0,0.615,1.0,1.0,0.499,0.71,1
CUST_00796,27,Female,Dar es Salaam,Muslim,Others,Diploma,"200,000-500,000",Airtel Money,2,0.18,0.86,0.53,1.0,Tecno,China,Mid-Range,New,251231,6.2,Physical Store,Mobile Money,0,2,0.46,0.329,0.9,0.648,1.0,0.8,0.715,0.72,1
CUST_02615,19,Male,Tanga,Christian,Others,Primary,"200,000-500,000",Airtel Money,3,0.21,0.94,0.89,0.7,Infinix,China,Mid-Range,New,300826,6.7,Online,Mobile Money,0,2,0.293,0.596,1.0,0.549,1.0,1.0,0.661,0.74,1
CUST_02485,26,Female,Dar es Salaam,Christian,Others,Secondary,"1,000,001-2,000,000",M-Pesa,3,0.03,0.15,0.74,0.3,Apple,USA,Premium,New,681956,8.7,Online,Mobile Money,0,2,0.915,0.644,1.0,0.948,1.0,1.0,0.981,0.79,0
CUST_04777,29,Male,Tanga,Christian,Others,Diploma,"<200,000",M-Pesa,1,0.39,0.87,0.7,0.5,Tecno,China,Mid-Range,New,561902,7.2,Online,Mobile Money,0,2,0.0,0.504,1.0,0.704,1.0,1.0,0.561,0.72,0
CUST_00178,25,Female,Dar es Salaam,Christian,Others,Secondary,"200,000-500,000",M-Pesa,5,0.44,0.9,0.78,0.3,Nokia,Finland,Mid-Range,Used,338191,6.4,Online,Cash,0,2,0.239,0.499,1.0,0.569,0.6,1.0,0.54,0.72,1
CUST_03612,15,Female,Tanga,Christian,Gogo,Secondary,"200,000-500,000",None,4,0.35,0.8,0.32,0.0,Samsung,South Korea,Premium,Used,785874,7.7,Physical Store,Cash,0,12,0.476,0.246,1.0,0.706,0.6,1.0,0.758,0.7,1
CUST_03230,33,Male,Mbeya,Other,Others,Primary,"200,000-500,000",M-Pesa,4,0.54,0.8,0.77,0.7,Tecno,China,Mid-Range,New,510432,7.0,Physical Store,Cash,1,12,0.0,0.539,1.0,0.928,1.0,1.0,0.617,0.72,1
CUST_01137,15,Female,Arusha,Muslim,Others,Diploma,"500,001-1,000,000",Tigo Pesa,2,0.34,0.51,0.71,1.0,Nokia,Finland,Mid-Range,New,368786,7.0,Physical Store,Card,0,1,0.53,0.497,0.9,0.933,1.0,0.8,0.565,0.75,1
CUST_03820,21,Male,Mwanza,Christian,Sukuma,Primary,"<200,000",M-Pesa,3,0.28,0.72,0.71,0.5,Apple,USA,Premium,New,1323303,8.0,Physical Store,Cash,1,2,0.206,0.568,1.0,0.999,1.0,1.0,0.783,0.62,1
CUST_03219,26,Male,Dar es Salaam,Christian,Chagga,Primary,"500,001-1,000,000",M-Pesa,3,0.43,0.76,0.8,0.5,Huawei,China,Premium,New,2065583,9.2,Physical Store,Mobile Money,0,1,0.0,0.736,1.0,0.983,1.0,1.0,0.671,0.54,0
CUST_04895,33,Male,Mwanza,Muslim,Chagga,Primary,"200,000-500,000",M-Pesa,4,0.09,0.95,0.48,0.3,Tecno,China,Mid-Range,Used,252685,5.1,Mobile,Cash,0,2,0.4,0.245,0.9,0.907,0.6,1.0,0.608,0.66,1
CUST_00789,29,Female,Arusha,Christian,Others,Secondary,"500,001-1,000,000",Tigo Pesa,5,0.2,0.47,0.68,0.5,Huawei,China,Premium,New,1917669,9.0,Physical Store,Mobile Money,0,2,0.249,0.612,1.0,0.683,1.0,1.0,0.75,0.56,1
CUST_03730,48,Male,Mwanza,Christian,Sukuma,Secondary,"<200,000",M-Pesa,3,0.06,0.96,0.5,0.3,Oppo,China,Mid-Range,New,435112,6.4,Physical Store,Mobile Money,0,2,0.0,0.32,1.0,0.635,1.0,1.0,0.401,0.7,0
CUST_01753,19,Male,Morogoro,Christian,Others,Secondary,">2,000,000",Tigo Pesa,1,0.3,0.14,0.38,0.7,Infinix,China,Mid-Range,New,322448,7.1,Mobile,Cash,0,2,0.887,0.27,1.0,0.534,1.0,1.0,0.755,0.76,1
CUST_01088,18,Female,Arusha,Muslim,Others,Primary,"<200,000",M-Pesa,4,0.35,0.98,0.49,0.3,Oppo,China,Mid-Range,New,493267,6.2,Physical Store,Card,1,2,0.0,0.304,0.9,0.685,1.0,1.0,0.405,0.67,1
CUST_03558,15,Male,Dodoma,Christian,Haya,Secondary,"<200,000",Tigo Pesa,2,0.7,0.85,0.88,0.5,Tecno,China,Mid-Range,New,375167,7.6,Physical Store,Cash,0,2,0.203,0.669,1.0,0.599,1.0,1.0,0.668,0.78,1
CUST_02103,61,Male,Morogoro,Muslim,Others,Secondary,"200,000-500,000",Airtel Money,3,0.33,0.78,0.86,0.5,Xiaomi,China,Mid-Range,New,473788,7.4,Physical Store,Mobile Money,0,2,0.076,0.636,0.9,0.755,1.0,1.0,0.549,0.75,1
CUST_01525,29,Male,Dodoma,Christian,Others,Secondary,"200,000-500,000",M-Pesa,4,0.44,0.97,0.35,0.3,Tecno,China,Mid-Range,New,508337,6.2,Mobile,Cash,0,12,0.0,0.217,1.0,0.971,1.0,1.0,0.307,0.67,1
CUST_00862,15,Male,Mbeya,Christian,Others,Diploma,"1,000,001-2,000,000",M-Pesa,3,0.24,0.39,0.34,0.3,Oppo,China,Mid-Range,New,326460,6.7,Online,Mobile Money,0,2,0.682,0.228,1.0,0.852,1.0,1.0,0.472,0.74,1
CUST_03834,33,Female,Arusha,Muslim,Others,Secondary,"1,000,001-2,000,000",Tigo Pesa,5,0.4,0.2,0.72,0.5,Nokia,Finland,Mid-Range,Used,410701,5.5,Physical Store,Cash,0,2,0.795,0.396,0.9,0.778,0.6,1.0,0.7,0.65,1
CUST_04711,15,Female,Tanga,Muslim,Others,Secondary,"<200,000",Airtel Money,4,0.34,0.86,0.51,0.3,Tecno,China,Mid-Range,New,341811,6.5,Physical Store,Cash,0,1,0.265,0.332,0.9,0.921,1.0,1.0,0.526,0.72,1
CUST_00665,18,Male,Mbeya,Christian,Nyamwezi,Diploma,"200,000-500,000",Tigo Pesa,5,0.19,0.97,0.85,0.5,Tecno,China,Mid-Range,New,333317,7.3,Physical Store,Mobile Money,0,2,0.192,0.62,1.0,0.878,1.0,1.0,0.403,0.77,1
CUST_03872,30,Female,Zanzibar,Christian,Others,Secondary,"<200,000",Tigo Pesa,2,0.22,0.77,0.48,0.5,Samsung,South Korea,Premium,Used,1361179,8.3,Online,Card,0,2,0.127,0.398,1.0,1.13,0.6,1.0,0.381,0.63,0
CUST_01077,39,Male,Mwanza,Other,Others,Primary,"500,001-1,000,000",Halopesa,2,0.2,0.53,0.83,0.0,Apple,USA,Premium,New,1912655,9.0,Online,Mobile Money,0,12,0.155,0.747,1.0,0.861,1.0,1.0,0.694,0.56,1
CUST_01801,48,Male,Dar es Salaam,Muslim,Nyamwezi,Primary,"200,000-500,000",M-Pesa,2,0.31,0.83,0.82,0.5,Tecno,China,Mid-Range,New,525279,6.3,Online,Mobile Money,0,2,0.0,0.517,0.9,0.977,1.0,1.0,0.537,0.67,1
CUST_03519,16,Female,Tanga,Christian,Others,Primary,"<200,000",M-Pesa,1,0.18,0.94,0.49,0.0,Samsung,South Korea,Premium,New,1223137,8.5,Physical Store,Cash,0,2,0.042,0.416,1.0,0.954,1.0,1.0,0.494,0.67,1
CUST_01987,30,Male,Tanga,Christian,Others,Primary,"<200,000",Tigo Pesa,4,0.46,0.77,0.84,0.5,Oppo,China,Mid-Range,New,274460,7.8,Physical Store,Mobile Money,0,2,0.472,0.655,1.0,0.694,1.0,1.0,0.64,0.81,1
CUST_01105,27,Male,Tanga,Muslim,Others,Diploma,"200,000-500,000",M-Pesa,3,0.61,0.99,0.77,0.5,Apple,USA,Premium,New,1762557,9.8,Physical Store,Mobile Money,0,12,0.0,0.755,0.9,1.141,1.0,1.0,0.594,0.64,1
CUST_00343,30,Female,Arusha,Christian,Chagga,Primary,"500,001-1,000,000",M-Pesa,3,0.34,0.66,0.54,0.5,Tecno,China,Mid-Range,New,392271,6.7,Physical Store,Cash,0,2,0.353,0.362,1.0,0.674,1.0,1.0,0.43,0.72,1
CUST_00725,21,Male,Zanzibar,Christian,Others,No formal,"<200,000",M-Pesa,3,0.59,0.87,0.46,0.5,Tecno,China,Mid-Range,Used,206227,6.3,Physical Store,Card,0,2,0.551,0.29,1.0,0.861,0.6,1.0,0.596,0.74,1
CUST_04644,20,Male,Arusha,Christian,Haya,Secondary,"<200,000",M-Pesa,2,0.43,0.83,0.42,0.7,Tecno,China,Mid-Range,New,332548,6.2,Online,Mobile Money,0,2,0.31,0.26,1.0,0.764,1.0,1.0,0.61,0.71,1
CUST_01743,28,Male,Mwanza,Christian,Others,Secondary,"<200,000",M-Pesa,1,0.2,0.94,0.3,0.3,Vivo,China,Mid-Range,Used,412511,6.8,Mobile,Cash,1,1,0.031,0.204,1.0,0.559,0.6,1.0,0.291,0.73,1
CUST_01363,15,Female,Arusha,Muslim,Gogo,Primary,"200,000-500,000",Airtel Money,3,0.2,0.78,0.43,0.3,Vivo,China,Mid-Range,New,353687,7.0,Online,Cash,0,1,0.31,0.301,0.9,0.692,1.0,1.0,0.465,0.75,0
CUST_04829,22,Female,Arusha,Muslim,Chagga,Primary,"<200,000",Airtel Money,5,0.41,1.0,0.6,0.3,Nokia,Finland,Mid-Range,New,265998,6.9,Mobile,Cash,0,2,0.335,0.414,0.9,0.521,1.0,1.0,0.558,0.76,1
CUST_00083,31,Female,Arusha,Muslim,Sukuma,Secondary,"<200,000",M-Pesa,2,0.25,0.75,0.4,0.0,Itel,China,Budget,Used,65157,5.6,Online,Cash,1,10,0.674,0.224,0.9,0.731,0.6,1.0,0.429,0.72,1
CUST_03587,15,Male,Mwanza,Christian,Others,Secondary,"200,000-500,000",Tigo Pesa,2,0.27,0.9,0.84,0.0,Xiaomi,China,Mid-Range,New,589736,7.5,Physical Store,Cash,0,12,0.0,0.63,1.0,0.642,1.0,1.0,0.554,0.73,1
CUST_00688,18,Female,Arusha,Muslim,Others,Secondary,"200,000-500,000",M-Pesa,4,0.11,0.79,0.82,0.5,Huawei,China,Premium,New,1428550,8.1,Physical Store,Cash,0,2,0.06,0.664,0.9,0.714,1.0,1.0,0.515,0.6,1
CUST_00421,25,Male,Dodoma,Christian,Others,Secondary,"<200,000",M-Pesa,3,0.68,0.75,0.64,0.5,Apple,USA,Premium,New,2486144,8.3,Physical Store,Cash,0,1,0.0,0.531,1.0,0.688,1.0,1.0,0.667,0.4,1
CUST_03845,16,Male,Arusha,Christian,Others,Primary,"<200,000",M-Pesa,2,0.35,0.76,0.86,0.3,Tecno,China,Mid-Range,New,364057,7.7,Physical Store,Mobile Money,1,2,0.308,0.662,1.0,0.696,1.0,1.0,0.577,0.79,0
CUST_04827,21,Female,Dar es Salaam,Christian,Chagga,Secondary,"<200,000",M-Pesa,3,0.31,0.81,0.65,0.5,Vivo,China,Mid-Range,New,366674,7.0,Physical Store,Cash,0,2,0.257,0.455,1.0,0.972,1.0,1.0,0.467,0.75,1
CUST_04629,24,Female,Dodoma,Christian,Chagga,Primary,"1,000,001-2,000,000",Airtel Money,1,0.19,0.1,0.5,0.0,Vivo,China,Mid-Range,New,289735,6.4,Online,Cash,1,2,0.928,0.32,1.0,0.776,1.0,1.0,0.58,0.73,1
CUST_04398,23,Female,Morogoro,Muslim,Others,Secondary,"200,000-500,000",Airtel Money,5,0.38,0.86,0.86,0.7,Infinix,China,Mid-Range,New,394846,7.7,Physical Store,Cash,1,2,0.151,0.662,0.9,0.898,1.0,1.0,0.569,0.78,1
CUST_02395,17,Female,Arusha,Christian,Chagga,Primary,"200,000-500,000",Airtel Money,3,0.35,0.85,0.42,0.5,Apple,USA,Premium,New,1783146,9.1,Physical Store,Mobile Money,0,2,0.0,0.382,1.0,1.114,1.0,1.0,0.586,0.59,1
CUST_04877,15,Male,Dar es Salaam,Muslim,Others,No formal,"500,001-1,000,000",Halopesa,4,0.1,0.5,0.74,0.0,Apple,USA,Premium,New,2346849,9.1,Mobile,Card,1,2,0.022,0.673,0.9,0.728,1.0,1.0,0.339,0.48,1
CUST_00021,28,Female,Zanzibar,Christian,Haya,Secondary,"<200,000",M-Pesa,4,0.53,0.82,0.69,0.3,Nokia,Finland,Mid-Range,New,475836,7.5,Physical Store,Mobile Money,1,2,0.025,0.518,1.0,0.545,1.0,1.0,0.319,0.75,0
CUST_01811,21,Female,Dar es Salaam,Christian,Makonde,Primary,"1,000,001-2,000,000",Tigo Pesa,5,0.47,0.46,0.36,0.7,Itel,China,Budget,Used,73004,4.7,Physical Store,Cash,0,2,0.776,0.169,1.0,0.89,0.6,1.0,0.848,0.67,1
CUST_00706,18,Female,Arusha,Christian,Others,No formal,"<200,000",None,4,0.6,0.84,0.56,0.0,Huawei,China,Premium,New,2433532,8.2,Physical Store,Cash,0,2,0.0,0.459,1.0,0.954,1.0,1.0,0.486,0.41,1
CUST_01148,33,Male,Dodoma,Christian,Chagga,Bachelor,"200,000-500,000",Halopesa,5,0.83,0.97,0.77,0.0,Samsung,South Korea,Premium,New,2212336,8.2,Mobile,Card,1,1,0.0,0.631,1.0,1.172,1.0,1.0,0.735,0.45,1
CUST_00327,29,Female,Mwanza,Christian,Others,Secondary,"<200,000",M-Pesa,3,0.41,0.78,0.58,0.0,Samsung,South Korea,Premium,New,1523757,9.8,Online,Cash,0,12,0.01,0.568,1.0,0.82,1.0,1.0,0.49,0.68,0
CUST_01926,26,Female,Mwanza,Christian,Sukuma,No formal,"1,000,001-2,000,000",M-Pesa,1,0.17,0.11,0.7,0.3,Huawei,China,Premium,New,2466718,8.8,Mobile,Mobile Money,0,2,0.774,0.616,1.0,0.887,1.0,1.0,0.767,0.43,1
CUST_04406,28,Female,Dar es Salaam,Christian,Others,Bachelor,"200,000-500,000",M-Pesa,5,0.26,0.76,0.77,0.0,Huawei,China,Premium,New,2069548,9.7,Physical Store,Card,0,2,0.0,0.747,1.0,0.699,1.0,1.0,0.535,0.57,1
CUST_00290,23,Male,Arusha,Christian,Others,Primary,"<200,000",M-Pesa,4,0.57,0.76,0.58,0.7,Samsung,South Korea,Premium,New,2483739,8.6,Physical Store,Mobile Money,0,2,0.0,0.499,1.0,1.092,1.0,1.0,0.468,0.42,0
CUST_04526,24,Female,Dar es Salaam,Christian,Others,No formal,"200,000-500,000",Airtel Money,4,0.17,0.79,0.39,0.5,Nokia,Finland,Mid-Range,New,417120,8.0,Mobile,Cash,0,2,0.176,0.312,1.0,0.949,1.0,1.0,0.39,0.8,1
CUST_00837,26,Female,Dodoma,Muslim,Sukuma,Primary,"<200,000",Tigo Pesa,3,0.57,0.72,0.71,0.5,Vivo,China,Mid-Range,New,387556,7.1,Physical Store,Card,1,2,0.302,0.504,0.9,0.675,1.0,1.0,0.578,0.75,1
CUST_03861,44,Male,Dodoma,Christian,Makonde,Primary,"200,000-500,000",M-Pesa,5,0.21,0.92,0.32,0.3,Oppo,China,Mid-Range,New,402292,6.5,Physical Store,Mobile Money,1,8,0.075,0.208,1.0,0.962,1.0,1.0,0.585,0.71,1
CUST_01719,29,Female,Dar es Salaam,Christian,Haya,Secondary,"500,001-1,000,000",M-Pesa,1,0.66,0.61,0.42,0.0,Tecno,China,Mid-Range,New,415181,7.2,Physical Store,Cash,0,1,0.367,0.302,1.0,0.978,1.0,1.0,0.707,0.75,1
CUST_01495,32,Female,Arusha,Christian,Gogo,Secondary,"500,001-1,000,000",Tigo Pesa,2,0.59,0.56,0.36,0.3,Oppo,China,Mid-Range,New,468922,6.5,Physical Store,Cash,0,2,0.344,0.234,1.0,0.631,1.0,1.0,0.62,0.7,1
CUST_01617,18,Female,Tanga,Christian,Others,Secondary,"500,001-1,000,000",Halopesa,1,0.36,0.78,0.86,0.7,Nokia,Finland,Mid-Range,New,548980,7.8,Physical Store,Cash,0,2,0.0,0.671,1.0,0.808,1.0,1.0,0.391,0.76,1
CUST_01226,19,Female,Arusha,Christian,Others,Master+,"500,001-1,000,000",Tigo Pesa,3,0.21,0.61,0.36,0.5,Samsung,South Korea,Premium,New,1011003,8.0,Physical Store,Cash,0,2,0.486,0.288,1.0,0.66,1.0,1.0,0.677,0.68,1
CUST_04226,22,Female,Dar es Salaam,Christian,Haya,Bachelor,"500,001-1,000,000",M-Pesa,3,0.2,0.56,0.65,0.7,Infinix,China,Mid-Range,New,582380,7.3,Physical Store,Cash,0,12,0.185,0.474,1.0,0.906,1.0,1.0,0.678,0.72,1
CUST_02603,40,Male,Arusha,Christian,Nyamwezi,No formal,"500,001-1,000,000",M-Pesa,3,0.31,0.67,0.62,0.0,Oppo,China,Mid-Range,New,418951,7.1,Physical Store,Cash,0,2,0.298,0.44,1.0,0.534,1.0,1.0,0.46,0.74,0
CUST_03922,25,Female,Dar es Salaam,Christian,Others,No formal,"500,001-1,000,000",Tigo Pesa,4,0.65,0.74,0.71,0.5,Infinix,China,Mid-Range,New,353137,7.7,Mobile,Mobile Money,0,2,0.347,0.547,1.0,0.723,1.0,1.0,0.524,0.79,1
CUST_01760,32,Female,Dodoma,Muslim,Others,Secondary,"500,001-1,000,000",M-Pesa,3,0.25,0.57,0.67,0.3,Itel,China,Budget,Used,181609,3.7,Physical Store,Mobile Money,0,2,0.31,0.248,0.9,0.768,0.6,1.0,0.62,0.59,1
CUST_02030,23,Male,Dar es Salaam,Muslim,Others,Secondary,"200,000-500,000",M-Pesa,3,0.28,0.82,0.53,0.3,Oppo,China,Mid-Range,New,504289,6.9,Physical Store,Mobile Money,0,1,0.0,0.366,0.9,0.641,1.0,1.0,0.514,0.71,1
CUST_01069,37,Female,Zanzibar,Muslim,Chagga,Bachelor,"200,000-500,000",Airtel Money,4,0.2,0.72,0.81,0.5,Tecno,China,Mid-Range,New,567198,6.9,Physical Store,Mobile Money,0,10,0.0,0.559,0.9,0.593,1.0,1.0,0.662,0.7,1
CUST_01701,29,Female,Dar es Salaam,Christian,Others,Bachelor,"500,001-1,000,000",M-Pesa,1,0.28,0.71,0.75,0.7,Samsung,South Korea,Premium,New,2460868,8.1,Online,Mobile Money,0,2,0.0,0.607,1.0,1.13,1.0,1.0,0.713,0.39,1
CUST_03752,21,Male,Tanga,Christian,Sukuma,Secondary,"<200,000",Airtel Money,4,0.32,0.86,0.41,0.5,Infinix,China,Mid-Range,New,312041,7.3,Physical Store,Cash,0,2,0.329,0.299,1.0,0.731,1.0,1.0,0.548,0.78,1
CUST_04200,27,Male,Mwanza,Christian,Sukuma,Primary,"200,000-500,000",Tigo Pesa,3,0.3,0.72,0.61,0.3,Vivo,China,Mid-Range,New,368965,6.9,Physical Store,Cash,0,2,0.336,0.421,1.0,0.543,1.0,1.0,0.484,0.74,0
CUST_02598,15,Male,Morogoro,Christian,Others,Primary,"500,001-1,000,000",M-Pesa,3,0.4,0.54,0.86,0.5,Huawei,China,Premium,New,1658460,8.7,Physical Store,Cash,0,2,0.254,0.748,1.0,0.987,1.0,1.0,0.659,0.59,1
CUST_00328,15,Male,Morogoro,Muslim,Others,Diploma,"500,001-1,000,000",Airtel Money,2,0.37,0.58,0.62,0.0,Huawei,China,Premium,New,2333339,8.8,Physical Store,Cash,0,1,0.0,0.546,0.9,0.886,1.0,1.0,0.699,0.46,1
CUST_04965,15,Female,Arusha,Muslim,Sukuma,Diploma,"<200,000",Tigo Pesa,2,0.4,0.7,0.78,0.5,Oppo,China,Mid-Range,New,464054,6.4,Physical Store,Cash,0,1,0.188,0.499,0.9,0.538,1.0,1.0,0.521,0.69,1
CUST_04397,38,Male,Mbeya,Christian,Sukuma,Primary,"1,000,001-2,000,000",Airtel Money,2,0.41,0.41,0.88,0.3,Apple,USA,Premium,New,1536659,9.0,Physical Store,Card,1,2,0.475,0.792,1.0,0.927,1.0,1.0,0.693,0.63,0
CUST_00050,15,Male,Arusha,Christian,Others,No formal,"<200,000",Tigo Pesa,3,0.15,0.7,0.7,0.0,Nokia,Finland,Mid-Range,Used,262314,5.9,Physical Store,Cash,1,2,0.541,0.413,1.0,0.947,0.6,1.0,0.59,0.7,1
CUST_00176,36,Female,Tanga,Muslim,Others,Secondary,"1,000,001-2,000,000",M-Pesa,4,0.4,0.44,0.72,0.5,Xiaomi,China,Mid-Range,New,443056,7.2,Physical Store,Cash,1,2,0.513,0.518,0.9,0.96,1.0,1.0,0.654,0.74,1
CUST_02060,25,Female,Mbeya,Christian,Haya,Secondary,"200,000-500,000",Tigo Pesa,3,0.23,0.72,0.77,0.5,Samsung,South Korea,Premium,New,670867,8.6,Physical Store,Mobile Money,0,2,0.597,0.662,1.0,1.018,1.0,1.0,0.886,0.78,1
CUST_04666,27,Male,Mwanza,Christian,Others,Secondary,"500,001-1,000,000",Airtel Money,3,0.24,0.49,0.45,0.0,Infinix,China,Mid-Range,Used,247550,6.3,Physical Store,Mobile Money,0,2,0.697,0.284,1.0,0.926,0.6,1.0,0.689,0.73,1
CUST_01335,29,Female,Dodoma,Muslim,Sukuma,Primary,"200,000-500,000",Halopesa,4,0.63,0.83,0.75,0.5,Samsung,South Korea,Premium,New,628198,8.7,Physical Store,Card,0,2,0.565,0.652,0.9,0.846,1.0,1.0,0.837,0.8,1
CUST_00322,15,Female,Mbeya,Muslim,Chagga,No formal,"<200,000",M-Pesa,3,0.5,0.79,0.88,0.3,Tecno,China,Mid-Range,Used,414324,7.0,Physical Store,Cash,0,2,0.182,0.616,0.9,0.913,0.6,1.0,0.491,0.74,1
CUST_00976,23,Female,Tanga,Muslim,Gogo,Primary,"<200,000",Airtel Money,1,0.11,0.95,0.4,0.5,Huawei,China,Premium,New,1943927,8.9,Physical Store,Mobile Money,1,2,0.0,0.356,0.9,0.839,1.0,1.0,0.366,0.55,1
CUST_01294,38,Female,Dar es Salaam,Christian,Others,No formal,"500,001-1,000,000",Tigo Pesa,2,0.13,0.61,0.89,0.5,Infinix,China,Mid-Range,New,466619,7.2,Online,Cash,0,12,0.288,0.641,1.0,0.915,1.0,1.0,0.701,0.74,1
CUST_03153,36,Male,Arusha,Muslim,Others,Secondary,"500,001-1,000,000",Airtel Money,3,0.18,0.64,0.33,0.7,Samsung,South Korea,Premium,New,900115,8.3,Physical Store,Mobile Money,0,2,0.52,0.274,0.9,0.84,1.0,1.0,0.685,0.72,1
CUST_02911,24,Female,Dar es Salaam,Muslim,Sukuma,Secondary,"<200,000",Tigo Pesa,2,0.13,0.7,0.47,0.5,Oppo,China,Mid-Range,Used,365665,6.2,Physical Store,Cash,0,2,0.36,0.291,0.9,0.543,0.6,1.0,0.354,0.7,1
CUST_04323,21,Female,Dar es Salaam,Muslim,Others,Primary,"<200,000",Halopesa,1,0.44,0.74,0.87,0.0,Huawei,China,Premium,New,2086072,9.6,Physical Store,Mobile Money,1,12,0.0,0.835,0.9,0.76,1.0,1.0,0.626,0.56,0
CUST_01732,33,Female,Dar es Salaam,Christian,Gogo,No formal,"500,001-1,000,000",M-Pesa,3,0.03,0.61,0.54,0.3,Apple,USA,Premium,New,910218,9.2,Online,Mobile Money,0,11,0.537,0.497,1.0,0.758,1.0,1.0,0.465,0.77,1
CUST_02574,38,Male,Morogoro,Muslim,Others,Primary,"200,000-500,000",Airtel Money,5,0.56,0.82,0.41,0.5,Apple,USA,Premium,New,2151156,9.9,Physical Store,Mobile Money,1,2,0.0,0.406,0.9,0.963,1.0,1.0,0.349,0.56,0
CUST_01209,34,Female,Mwanza,Muslim,Nyamwezi,Bachelor,"1,000,001-2,000,000",M-Pesa,3,0.22,0.31,0.61,0.0,Vivo,China,Mid-Range,New,470589,7.1,Physical Store,Mobile Money,0,2,0.635,0.433,0.9,0.606,1.0,1.0,0.607,0.73,1
CUST_02261,17,Male,Dodoma,Muslim,Others,No formal,"500,001-1,000,000",Airtel Money,2,0.32,0.51,0.5,0.7,Nokia,Finland,Mid-Range,New,376374,7.9,Physical Store,Cash,0,2,0.52,0.395,0.9,0.659,1.0,1.0,0.74,0.8,1
CUST_03189,37,Female,Zanzibar,Christian,Nyamwezi,Bachelor,"200,000-500,000",Halopesa,1,0.07,0.96,0.66,0.3,Itel,China,Budget,Used,177517,4.0,Physical Store,Cash,0,1,0.0,0.264,1.0,0.743,0.6,1.0,0.243,0.6,1
CUST_01594,15,Female,Dodoma,Christian,Nyamwezi,Primary,"200,000-500,000",Halopesa,5,0.14,0.87,0.77,0.5,Infinix,China,Mid-Range,Used,251763,6.7,Physical Store,Cash,1,1,0.452,0.516,1.0,0.876,0.6,1.0,0.691,0.75,1
CUST_01841,20,Male,Arusha,Christian,Others,Secondary,"<200,000",Tigo Pesa,3,0.21,1.0,0.36,0.7,Apple,USA,Premium,New,1738742,9.4,Physical Store,Cash,0,2,0.0,0.338,1.0,0.76,1.0,1.0,0.432,0.62,1
CUST_03747,45,Male,Tanga,Christian,Sukuma,No formal,"1,000,001-2,000,000",Airtel Money,2,0.06,0.41,0.44,0.3,Tecno,China,Mid-Range,New,340162,8.0,Physical Store,Mobile Money,0,2,0.651,0.352,1.0,0.695,1.0,1.0,0.689,0.81,1
CUST_00419,41,Female,Dar es Salaam,Muslim,Chagga,Secondary,"200,000-500,000",Airtel Money,2,0.8,0.82,0.69,0.0,Itel,China,Budget,New,186699,5.6,Physical Store,Card,0,2,0.0,0.386,0.9,0.898,1.0,1.0,0.366,0.7,1
CUST_04845,24,Male,Dar es Salaam,Muslim,Haya,Primary,"200,000-500,000",None,2,0.25,0.74,0.8,0.5,Huawei,China,Premium,New,1731838,9.9,Online,Mobile Money,1,2,0.0,0.792,0.9,0.641,1.0,1.0,0.615,0.65,1
CUST_03196,32,Male,Arusha,Christian,Others,Secondary,"1,000,001-2,000,000",M-Pesa,4,0.22,0.3,0.81,0.0,Tecno,China,Mid-Range,Used,285605,5.9,Physical Store,Cash,0,1,0.786,0.478,1.0,0.582,0.6,1.0,0.681,0.7,1
CUST_00615,15,Male,Mbeya,Christian,Others,Diploma,"200,000-500,000",Tigo Pesa,3,0.11,0.83,0.59,0.7,Xiaomi,China,Mid-Range,New,566337,7.2,Physical Store,Mobile Money,0,2,0.0,0.425,1.0,0.752,1.0,1.0,0.635,0.72,1
CUST_00266,41,Female,Morogoro,Muslim,Others,Primary,"200,000-500,000",Tigo Pesa,3,0.04,0.76,0.75,0.0,Huawei,China,Premium,New,1890584,9.0,Physical Store,Mobile Money,1,10,0.0,0.675,0.9,0.992,1.0,1.0,0.671,0.56,1
CUST_04946,16,Female,Mbeya,Christian,Others,Secondary,"200,000-500,000",M-Pesa,2,0.48,0.93,0.71,0.3,Samsung,South Korea,Premium,New,2050844,8.2,Physical Store,Cash,0,12,0.0,0.582,1.0,0.851,1.0,1.0,0.674,0.48,1
CUST_02166,26,Male,Dar es Salaam,Other,Gogo,Secondary,"<200,000",M-Pesa,4,0.73,0.81,0.6,0.5,Infinix,China,Mid-Range,New,459266,6.7,Physical Store,Cash,0,2,0.07,0.402,1.0,0.867,1.0,1.0,0.543,0.71,1
CUST_01977,34,Male,Morogoro,Christian,Sukuma,Secondary,"<200,000",Tigo Pesa,3,0.08,0.88,0.7,0.0,Samsung,South Korea,Premium,New,1061852,9.8,Physical Store,Cash,0,2,0.221,0.686,1.0,1.029,1.0,1.0,0.697,0.78,1
CUST_02388,34,Female,Mbeya,Muslim,Others,Primary,"200,000-500,000",M-Pesa,4,0.14,0.87,0.35,0.5,Huawei,China,Premium,New,2347006,9.5,Physical Store,Cash,0,12,0.0,0.332,0.9,0.716,1.0,1.0,0.491,0.5,1
CUST_02663,38,Male,Arusha,Christian,Others,Diploma,"<200,000",M-Pesa,4,0.12,0.8,0.87,0.5,Apple,USA,Premium,Used,720560,7.3,Physical Store,Cash,1,2,0.52,0.635,1.0,1.04,0.6,1.0,0.659,0.69,0
CUST_03858,39,Male,Mbeya,Christian,Others,Primary,"200,000-500,000",Airtel Money,4,0.19,0.74,0.34,0.3,Huawei,China,Premium,New,1185186,9.6,Physical Store,Mobile Money,1,2,0.269,0.326,1.0,0.807,1.0,1.0,0.458,0.74,1
CUST_00643,22,Female,Dodoma,Christian,Others,Secondary,"1,000,001-2,000,000",Airtel Money,2,0.2,0.11,0.85,0.7,Apple,USA,Premium,New,2164667,9.2,Physical Store,Cash,0,12,0.802,0.782,1.0,1.014,1.0,1.0,0.959,0.52,1
CUST_01849,28,Male,Morogoro,Christian,Sukuma,No formal,"500,001-1,000,000",Airtel Money,4,0.3,0.75,0.69,0.3,Tecno,China,Mid-Range,New,361063,7.5,Physical Store,Cash,1,2,0.323,0.518,1.0,0.925,1.0,1.0,0.69,0.78,1
CUST_00048,45,Female,Dar es Salaam,Muslim,Others,Secondary,"<200,000",Tigo Pesa,4,0.33,0.84,0.37,1.0,Xiaomi,China,Mid-Range,New,297005,7.7,Mobile,Cash,0,2,0.376,0.285,0.9,0.92,1.0,0.8,0.562,0.8,1
CUST_04340,33,Female,Dodoma,Christian,Others,Primary,"500,001-1,000,000",Halopesa,2,0.31,0.74,0.43,0.3,Samsung,South Korea,Premium,New,2159644,9.7,Physical Store,Cash,1,2,0.0,0.417,1.0,1.108,1.0,1.0,0.611,0.55,1
CUST_03911,37,Female,Zanzibar,Christian,Others,Primary,">2,000,000",M-Pesa,1,0.12,0.28,0.77,0.0,Huawei,China,Premium,New,1582867,8.7,Physical Store,Cash,1,2,0.631,0.67,1.0,0.597,1.0,1.0,0.697,0.61,1
CUST_00441,30,Female,Dar es Salaam,Christian,Others,Primary,"200,000-500,000",M-Pesa,4,0.04,0.95,0.59,0.5,Samsung,South Korea,Premium,New,792612,8.1,Mobile,Card,0,1,0.373,0.478,1.0,1.023,1.0,1.0,0.798,0.73,1
CUST_03341,33,Male,Arusha,Christian,Nyamwezi,Primary,"200,000-500,000",Airtel Money,2,0.27,0.88,0.88,0.0,Oppo,China,Mid-Range,New,593475,6.4,Physical Store,Mobile Money,0,1,0.0,0.563,1.0,0.625,1.0,1.0,0.68,0.67,1
CUST_04729,15,Male,Zanzibar,Other,Sukuma,No formal,"1,000,001-2,000,000",Tigo Pesa,5,0.09,0.41,0.61,0.5,Itel,China,Budget,New,129274,4.4,Online,Mobile Money,1,2,0.647,0.268,1.0,0.548,1.0,1.0,0.439,0.64,1
CUST_04592,43,Male,Dodoma,Christian,Chagga,Primary,"500,001-1,000,000",Halopesa,3,0.1,0.68,0.61,0.3,Infinix,China,Mid-Range,Used,184666,6.7,Online,Cash,0,1,0.686,0.409,1.0,0.837,0.6,1.0,0.659,0.77,1
CUST_02096,50,Male,Morogoro,Christian,Sukuma,Diploma,"200,000-500,000",Tigo Pesa,1,0.37,0.94,0.81,0.0,Samsung,South Korea,Premium,New,826020,9.4,Mobile,Cash,0,2,0.353,0.761,1.0,0.922,1.0,1.0,0.864,0.8,1
CUST_02295,42,Male,Zanzibar,Christian,Others,Primary,"500,001-1,000,000",M-Pesa,4,0.37,0.56,0.59,0.3,Oppo,China,Mid-Range,New,336935,6.3,Online,Cash,0,1,0.528,0.372,1.0,0.834,1.0,1.0,0.576,0.71,1
CUST_03276,23,Male,Zanzibar,Muslim,Sukuma,Secondary,"200,000-500,000",M-Pesa,5,0.21,0.99,0.9,0.5,Nokia,Finland,Mid-Range,New,578729,7.0,Physical Store,Mobile Money,0,2,0.0,0.63,0.9,0.777,1.0,1.0,0.527,0.7,1
CUST_01599,38,Male,Arusha,Christian,Others,Diploma,"500,001-1,000,000",M-Pesa,4,0.25,0.69,0.53,0.3,Itel,China,Budget,Used,192600,5.1,Physical Store,Mobile Money,0,2,0.114,0.27,1.0,0.703,0.6,1.0,0.473,0.67,1
CUST_04240,18,Female,Arusha,Christian,Sukuma,Diploma,"<200,000",M-Pesa,5,0.14,0.77,0.87,0.5,Apple,USA,Premium,New,666681,8.5,Physical Store,Mobile Money,0,1,0.572,0.739,1.0,0.983,1.0,1.0,0.563,0.78,1
CUST_03378,34,Male,Mwanza,Christian,Nyamwezi,No formal,"500,001-1,000,000",Tigo Pesa,4,0.24,0.75,0.65,0.5,Itel,China,Budget,New,246577,5.4,Physical Store,Cash,0,1,0.0,0.351,1.0,0.52,1.0,1.0,0.505,0.67,1
CUST_00261,28,Male,Mbeya,Muslim,Sukuma,No formal,"<200,000",Tigo Pesa,4,0.14,0.74,0.37,0.5,Infinix,China,Mid-Range,New,420466,6.5,Online,Card,0,1,0.222,0.24,0.9,0.524,1.0,1.0,0.516,0.71,1
CUST_02779,31,Female,Dodoma,Muslim,Others,No formal,"500,001-1,000,000",Halopesa,1,0.03,0.66,0.85,0.5,Apple,USA,Premium,New,1860162,9.0,Online,Cash,0,2,0.0,0.765,0.9,0.864,1.0,1.0,0.594,0.57,1
CUST_00326,26,Female,Zanzibar,Muslim,Chagga,Primary,"200,000-500,000",Airtel Money,4,0.28,0.93,0.64,0.3,Nokia,Finland,Mid-Range,New,569605,6.3,Physical Store,Cash,0,2,0.0,0.403,0.9,0.816,1.0,1.0,0.437,0.66,1
CUST_00793,39,Male,Dar es Salaam,Muslim,Others,No formal,"500,001-1,000,000",Tigo Pesa,3,0.24,0.43,0.4,0.5,Infinix,China,Mid-Range,New,591355,6.8,Physical Store,Cash,1,1,0.364,0.272,0.9,1.0,1.0,1.0,0.625,0.69,1
CUST_02510,25,Male,Dodoma,Christian,Others,Primary,"<200,000",M-Pesa,3,0.72,0.74,0.45,0.3,Huawei,China,Premium,New,1388411,8.3,Mobile,Cash,0,12,0.144,0.374,1.0,0.989,1.0,1.0,0.426,0.62,1
CUST_03461,36,Female,Arusha,Muslim,Others,Secondary,"200,000-500,000",M-Pesa,3,0.31,0.79,0.65,0.3,Itel,China,Budget,New,226132,6.0,Online,Mobile Money,1,1,0.0,0.39,0.9,0.875,1.0,1.0,0.544,0.71,1
CUST_02155,15,Male,Mwanza,Christian,Chagga,No formal,"200,000-500,000",M-Pesa,2,0.58,0.76,0.46,0.5,Oppo,China,Mid-Range,New,540881,6.0,Physical Store,Cash,1,2,0.0,0.276,1.0,0.844,1.0,1.0,0.465,0.65,1
CUST_03831,22,Male,Mwanza,Muslim,Others,No formal,"200,000-500,000",Halopesa,4,0.13,0.71,0.78,1.0,Oppo,China,Mid-Range,New,293631,7.2,Online,Cash,0,2,0.479,0.562,0.9,0.668,1.0,0.8,0.59,0.77,1
CUST_00546,32,Female,Tanga,Muslim,Others,Diploma,"<200,000",M-Pesa,2,0.26,0.77,0.78,0.5,Infinix,China,Mid-Range,New,407193,6.4,Physical Store,Card,0,2,0.216,0.499,0.9,0.977,1.0,1.0,0.627,0.7,1
CUST_04579,20,Female,Mbeya,Christian,Makonde,Secondary,"<200,000",Tigo Pesa,2,0.36,0.73,0.71,0.3,Nokia,Finland,Mid-Range,New,556255,6.3,Online,Cash,0,12,0.0,0.447,1.0,0.851,1.0,1.0,0.493,0.67,1
CUST_01367,28,Female,Mwanza,Muslim,Others,Diploma,"500,001-1,000,000",Tigo Pesa,4,0.4,0.54,0.55,0.7,Samsung,South Korea,Premium,New,2402043,9.0,Physical Store,Mobile Money,0,2,0.0,0.495,0.9,0.832,1.0,1.0,0.388,0.46,1
CUST_01337,24,Male,Arusha,Christian,Others,Secondary,"200,000-500,000",Airtel Money,1,0.2,0.82,0.44,1.0,Apple,USA,Premium,New,1335180,9.1,Online,Card,0,2,0.088,0.4,1.0,1.168,1.0,0.8,0.565,0.68,0
CUST_01309,30,Male,Mbeya,Muslim,Nyamwezi,Bachelor,"200,000-500,000",Airtel Money,5,0.29,0.7,0.87,0.5,Oppo,China,Mid-Range,New,295465,7.3,Physical Store,Cash,0,1,0.483,0.635,0.9,0.715,1.0,1.0,0.564,0.78,1
CUST_00907,15,Female,Morogoro,Christian,Others,Secondary,"200,000-500,000",Airtel Money,5,0.51,0.84,0.44,0.3,Nokia,Finland,Mid-Range,New,560456,7.6,Physical Store,Cash,0,1,0.0,0.334,1.0,0.774,1.0,1.0,0.554,0.74,1
CUST_01145,29,Male,Morogoro,Christian,Others,Primary,"<200,000",Halopesa,3,0.25,0.89,0.65,0.3,Tecno,China,Mid-Range,New,456125,7.2,Physical Store,Cash,0,1,0.0,0.468,1.0,0.747,1.0,1.0,0.395,0.74,0
CUST_03653,27,Male,Tanga,Christian,Others,No formal,"500,001-1,000,000",Tigo Pesa,5,0.09,0.62,0.43,0.7,Apple,USA,Premium,New,1242556,9.6,Physical Store,Mobile Money,0,2,0.358,0.413,1.0,1.19,1.0,1.0,0.747,0.73,1
CUST_03838,33,Male,Dodoma,Christian,Others,Diploma,"1,000,001-2,000,000",Airtel Money,5,0.38,0.36,0.78,0.0,Vivo,China,Mid-Range,Used,346755,5.3,Mobile,Cash,1,2,0.688,0.413,1.0,0.824,0.6,1.0,0.507,0.65,1
CUST_00002,22,Male,Arusha,Muslim,Sukuma,Primary,"200,000-500,000",Airtel Money,2,0.58,0.75,0.34,0.7,Tecno,China,Mid-Range,New,271246,6.3,Online,Cash,0,2,0.491,0.214,0.9,0.727,1.0,1.0,0.687,0.72,1
CUST_02305,26,Female,Zanzibar,Muslim,Makonde,Primary,"200,000-500,000",Tigo Pesa,2,0.04,0.88,0.41,0.3,Nokia,Finland,Mid-Range,New,517064,6.4,Physical Store,Card,0,1,0.0,0.262,0.9,0.839,1.0,1.0,0.497,0.68,1
CUST_00877,49,Female,Morogoro,Christian,Haya,Secondary,"<200,000",Airtel Money,2,0.33,0.94,0.86,0.0,Infinix,China,Mid-Range,New,386144,6.5,Physical Store,Cash,0,2,0.093,0.559,1.0,0.633,1.0,1.0,0.58,0.71,1
CUST_02939,19,Male,Dodoma,Christian,Others,Secondary,"200,000-500,000",Tigo Pesa,3,0.14,0.83,0.75,0.3,Tecno,China,Mid-Range,New,551531,6.7,Physical Store,Cash,0,11,0.0,0.503,1.0,0.756,1.0,1.0,0.454,0.69,1
CUST_00144,46,Male,Arusha,Christian,Others,Secondary,"<200,000",Tigo Pesa,5,0.3,0.93,0.58,0.3,Vivo,China,Mid-Range,New,410564,7.8,Physical Store,Mobile Money,0,2,0.045,0.452,1.0,0.663,1.0,1.0,0.423,0.79,1
CUST_02491,25,Male,Mbeya,Christian,Others,Master+,"<200,000",None,4,0.35,0.8,0.49,0.7,Nokia,Finland,Mid-Range,New,522519,6.9,Physical Store,Mobile Money,0,2,0.0,0.338,1.0,0.918,1.0,1.0,0.296,0.71,1
CUST_00698,17,Female,Mwanza,Muslim,Others,Secondary,"500,001-1,000,000",M-Pesa,3,0.37,0.42,0.31,0.0,Vivo,China,Mid-Range,New,465394,6.3,Physical Store,Card,0,1,0.511,0.195,0.9,0.991,1.0,1.0,0.622,0.68,1
CUST_03691,24,Female,Dar es Salaam,Muslim,Others,Secondary,"500,001-1,000,000",M-Pesa,3,0.31,0.64,0.36,0.5,Infinix,China,Mid-Range,Used,453007,6.2,Online,Mobile Money,1,1,0.275,0.223,0.9,0.99,0.6,1.0,0.54,0.68,0
CUST_04358,15,Male,Zanzibar,Christian,Gogo,No formal,"<200,000",M-Pesa,3,0.35,0.78,0.58,0.0,Tecno,China,Mid-Range,New,523695,6.9,Physical Store,Cash,0,1,0.0,0.4,1.0,0.804,1.0,1.0,0.487,0.71,1
CUST_03069,37,Female,Arusha,Muslim,Others,Primary,"500,001-1,000,000",None,4,0.51,0.69,0.76,0.5,Apple,USA,Premium,Used,1137314,8.0,Physical Store,Cash,0,2,0.346,0.608,0.9,1.188,0.6,1.0,0.464,0.65,1
CUST_00825,17,Male,Dodoma,Muslim,Makonde,No formal,"<200,000",M-Pesa,3,0.03,0.99,0.67,0.0,Tecno,China,Mid-Range,New,589626,7.1,Physical Store,Mobile Money,1,1,0.0,0.476,0.9,0.618,1.0,1.0,0.501,0.71,1
CUST_03751,15,Female,Dar es Salaam,Muslim,Others,Primary,"200,000-500,000",Tigo Pesa,5,0.06,0.7,0.85,0.5,Tecno,China,Mid-Range,New,526489,7.0,Physical Store,Cash,0,2,0.079,0.595,0.9,0.997,1.0,1.0,0.586,0.71,1
CUST_01597,34,Female,Dar es Salaam,Christian,Others,Primary,"<200,000",Airtel Money,3,0.11,0.87,0.38,0.3,Huawei,China,Premium,New,642380,9.5,Physical Store,Cash,0,11,0.534,0.361,1.0,0.599,1.0,1.0,0.604,0.84,1
CUST_04145,38,Male,Dar es Salaam,Christian,Gogo,Secondary,"<200,000",None,4,0.59,0.9,0.85,0.3,Huawei,China,Premium,New,2325680,9.5,Physical Store,Cash,0,2,0.0,0.808,1.0,0.615,1.0,1.0,0.602,0.5,1
CUST_00457,37,Male,Zanzibar,Muslim,Others,Primary,"500,001-1,000,000",Airtel Money,5,0.53,0.61,0.61,0.5,Tecno,China,Mid-Range,New,572833,7.1,Physical Store,Cash,0,2,0.126,0.433,0.9,0.937,1.0,1.0,0.581,0.71,0
CUST_01123,34,Female,Mwanza,Muslim,Gogo,Bachelor,"<200,000",Halopesa,4,0.53,0.82,0.81,0.5,Samsung,South Korea,Premium,New,680086,9.5,Online,Mobile Money,0,2,0.535,0.77,0.9,0.98,1.0,1.0,0.722,0.83,0
CUST_03364,30,Female,Dar es Salaam,Christian,Others,Primary,"1,000,001-2,000,000",Airtel Money,4,0.09,0.42,0.53,0.5,Apple,USA,Premium,New,1368483,9.9,Mobile,Mobile Money,0,2,0.521,0.525,1.0,0.955,1.0,1.0,0.751,0.72,1
CUST_00366,31,Male,Morogoro,Christian,Others,No formal,"<200,000",M-Pesa,4,0.14,0.79,0.45,0.3,Vivo,China,Mid-Range,New,447657,6.9,Online,Cash,0,2,0.116,0.311,1.0,0.516,1.0,1.0,0.573,0.72,1
CUST_01905,21,Female,Morogoro,Christian,Others,Diploma,"<200,000",None,1,0.47,0.96,0.88,0.3,Tecno,China,Mid-Range,New,311686,7.1,Physical Store,Cash,1,2,0.252,0.625,1.0,0.979,1.0,1.0,0.917,0.76,1
CUST_02007,34,Female,Mwanza,Christian,Sukuma,Bachelor,"500,001-1,000,000",None,3,0.23,0.55,0.49,0.5,Tecno,China,Mid-Range,New,590648,6.6,Physical Store,Mobile Money,1,2,0.188,0.323,1.0,0.866,1.0,1.0,0.659,0.68,1
CUST_00677,16,Male,Dodoma,Muslim,Haya,Diploma,"200,000-500,000",Airtel Money,3,0.27,0.74,0.55,0.0,Tecno,China,Mid-Range,New,399933,7.1,Online,Cash,0,2,0.26,0.39,0.9,0.824,1.0,1.0,0.673,0.75,0
CUST_00750,31,Female,Dodoma,Christian,Others,Master+,"200,000-500,000",Tigo Pesa,2,0.48,0.75,0.47,0.3,Tecno,China,Mid-Range,Used,291813,5.3,Physical Store,Cash,0,2,0.453,0.249,1.0,0.746,0.6,1.0,0.579,0.66,1
CUST_02856,28,Male,Tanga,Christian,Others,Secondary,"200,000-500,000",Airtel Money,4,0.03,0.89,0.52,0.5,Infinix,China,Mid-Range,Used,147321,5.2,Physical Store,Cash,1,2,0.672,0.27,1.0,0.558,0.6,1.0,0.416,0.68,1
CUST_00783,44,Female,Tanga,Christian,Sukuma,Master+,"200,000-500,000",M-Pesa,2,0.29,0.85,0.85,0.5,Samsung,South Korea,Premium,New,2225491,8.5,Physical Store,Cash,0,12,0.0,0.722,1.0,0.674,1.0,1.0,0.401,0.46,1
CUST_02932,27,Female,Dar es Salaam,Christian,Others,Secondary,"200,000-500,000",M-Pesa,3,0.15,0.95,0.39,0.3,Infinix,China,Mid-Range,New,593062,6.5,Physical Store,Mobile Money,0,1,0.0,0.254,1.0,0.544,1.0,1.0,0.249,0.67,1
CUST_03264,16,Female,Dar es Salaam,Other,Haya,Bachelor,"500,001-1,000,000",M-Pesa,3,0.28,0.46,0.84,0.0,Huawei,China,Premium,New,1530475,8.7,Physical Store,Cash,1,1,0.413,0.731,1.0,0.508,1.0,1.0,0.504,0.62,1
CUST_04425,27,Male,Mwanza,Christian,Others,Diploma,"200,000-500,000",Tigo Pesa,2,0.19,0.73,0.68,1.0,Vivo,China,Mid-Range,Used,220663,6.6,Physical Store,Cash,0,1,0.597,0.449,1.0,0.858,0.6,0.8,0.529,0.75,1
CUST_01226,19,Female,Arusha,Christian,Others,Master+,"500,001-1,000,000",Tigo Pesa,3,0.21,0.61,0.36,0.5,Apple,USA,Premium,New,606335,8.8,Online,Cash,0,2,0.692,0.317,1.0,0.63,1.0,1.0,0.546,0.81,1
CUST_02833,37,Male,Dodoma,Christian,Others,Diploma,"500,001-1,000,000",M-Pesa,4,0.3,0.63,0.39,0.5,Apple,USA,Premium,New,1003214,8.2,Physical Store,Mobile Money,1,2,0.473,0.32,1.0,1.113,1.0,1.0,0.693,0.69,1
CUST_04565,28,Male,Mwanza,Muslim,Others,Secondary,"200,000-500,000",M-Pesa,5,0.41,0.75,0.42,0.0,Oppo,China,Mid-Range,New,297934,6.9,Physical Store,Mobile Money,0,2,0.441,0.29,0.9,0.789,1.0,1.0,0.629,0.75,1
CUST_01864,25,Male,Mwanza,Christian,Sukuma,No formal,"200,000-500,000",Airtel Money,4,0.05,0.84,0.42,0.0,Huawei,China,Premium,New,1479657,9.0,Online,Cash,0,1,0.0,0.378,1.0,0.731,1.0,1.0,0.373,0.64,1
CUST_01302,15,Female,Mbeya,Christian,Chagga,Secondary,"200,000-500,000",Tigo Pesa,3,0.02,0.93,0.52,0.5,Apple,USA,Premium,New,1043715,8.3,Online,Mobile Money,1,12,0.191,0.432,1.0,0.762,1.0,1.0,0.528,0.69,1
CUST_02705,31,Female,Dodoma,Christian,Chagga,Primary,"500,001-1,000,000",Tigo Pesa,2,0.29,0.79,0.37,0.5,Infinix,China,Mid-Range,New,466862,6.6,Physical Store,Mobile Money,0,2,0.078,0.244,1.0,0.766,1.0,1.0,0.686,0.7,1
CUST_03603,16,Female,Dodoma,Muslim,Others,Diploma,"1,000,001-2,000,000",Tigo Pesa,2,0.22,0.16,0.3,1.0,Tecno,China,Mid-Range,Used,335435,7.0,Physical Store,Cash,1,1,0.866,0.21,0.9,0.972,0.6,0.8,0.497,0.75,1
CUST_03365,39,Female,Arusha,Muslim,Sukuma,Secondary,"200,000-500,000",Tigo Pesa,1,0.32,0.92,0.71,1.0,Itel,China,Budget,Used,132602,5.3,Online,Cash,1,2,0.187,0.376,0.9,0.757,0.6,0.8,0.543,0.69,1
CUST_01979,45,Female,Dar es Salaam,Christian,Others,Primary,"500,001-1,000,000",M-Pesa,2,0.21,0.72,0.36,0.5,Itel,China,Budget,New,195957,7.0,Physical Store,Cash,0,2,0.059,0.252,1.0,0.522,1.0,1.0,0.643,0.78,1
CUST_01004,38,Male,Morogoro,Christian,Chagga,Diploma,"500,001-1,000,000",M-Pesa,2,0.08,0.61,0.74,0.0,Itel,China,Budget,Used,51392,4.6,Physical Store,Mobile Money,0,2,0.791,0.34,1.0,0.873,0.6,1.0,0.754,0.67,0
CUST_03416,33,Male,Arusha,Muslim,Others,Diploma,"200,000-500,000",Tigo Pesa,3,0.36,0.93,0.73,0.3,Samsung,South Korea,Premium,New,2208782,8.4,Mobile,Mobile Money,0,2,0.0,0.613,0.9,0.835,1.0,1.0,0.626,0.46,1
CUST_00072,26,Female,Dodoma,Christian,Sukuma,Secondary,"200,000-500,000",M-Pesa,5,0.07,0.91,0.43,0.0,Nokia,Finland,Mid-Range,New,340687,6.7,Physical Store,Card,0,2,0.225,0.288,1.0,0.633,1.0,1.0,0.43,0.73,1
CUST_04404,33,Male,Dodoma,Christian,Makonde,Secondary,"500,001-1,000,000",Halopesa,5,0.33,0.56,0.72,0.0,Samsung,South Korea,Premium,New,1347446,9.5,Physical Store,Cash,0,1,0.371,0.684,1.0,0.814,1.0,1.0,0.769,0.7,1
CUST_04493,40,Female,Arusha,Muslim,Others,Primary,"500,001-1,000,000",M-Pesa,3,0.11,0.51,0.36,0.0,Oppo,China,Mid-Range,Used,220039,5.5,Online,Cash,0,1,0.719,0.198,0.9,0.92,0.6,1.0,0.635,0.69,1
CUST_02784,15,Female,Morogoro,Muslim,Sukuma,Secondary,"200,000-500,000",M-Pesa,3,0.41,0.85,0.39,0.7,Tecno,China,Mid-Range,New,495423,6.5,Online,Cash,0,2,0.0,0.254,0.9,0.867,1.0,1.0,0.467,0.69,1
CUST_03396,35,Female,Dar es Salaam,Christian,Others,No formal,"500,001-1,000,000",M-Pesa,1,0.28,0.64,0.43,0.5,Infinix,China,Mid-Range,Used,182976,5.6,Mobile,Card,0,1,0.707,0.241,1.0,0.543,0.6,1.0,0.612,0.7,1
CUST_04488,27,Male,Tanga,Other,Others,Master+,"<200,000",None,3,0.45,0.71,0.88,0.5,Apple,USA,Premium,New,1586560,9.6,Physical Store,Card,1,1,0.061,0.845,1.0,0.894,1.0,1.0,0.669,0.66,1
CUST_01332,35,Female,Dodoma,Muslim,Others,Primary,"500,001-1,000,000",Halopesa,5,0.28,0.5,0.83,0.3,Huawei,China,Premium,New,1617352,8.9,Physical Store,Cash,0,2,0.326,0.739,0.9,0.574,1.0,1.0,0.765,0.61,1
CUST_01782,17,Female,Mwanza,Christian,Haya,Secondary,"1,000,001-2,000,000",M-Pesa,5,0.26,0.33,0.78,0.5,Infinix,China,Mid-Range,New,423602,7.3,Mobile,Mobile Money,1,2,0.651,0.569,1.0,0.83,1.0,1.0,0.794,0.75,1
CUST_02114,29,Male,Dodoma,Christian,Others,Secondary,"<200,000",M-Pesa,5,0.15,0.86,0.48,0.3,Oppo,China,Mid-Range,New,407873,6.3,Physical Store,Card,0,2,0.123,0.302,1.0,0.582,1.0,1.0,0.319,0.7,1
CUST_03919,18,Female,Mwanza,Christian,Nyamwezi,Secondary,"<200,000",M-Pesa,3,0.08,0.83,0.82,0.3,Tecno,China,Mid-Range,New,313455,6.2,Physical Store,Card,0,2,0.35,0.508,1.0,0.928,1.0,1.0,0.482,0.71,1
CUST_01997,27,Female,Dar es Salaam,Christian,Others,Bachelor,"200,000-500,000",M-Pesa,2,0.1,0.73,0.42,0.7,Xiaomi,China,Mid-Range,New,381726,8.0,Physical Store,Mobile Money,0,1,0.303,0.336,1.0,0.52,1.0,1.0,0.584,0.8,1
CUST_01138,36,Male,Dar es Salaam,Christian,Others,Primary,"500,001-1,000,000",None,5,0.16,0.6,0.38,0.7,Apple,USA,Premium,New,1104265,8.7,Mobile,Cash,0,2,0.448,0.331,1.0,1.041,1.0,1.0,0.531,0.7,1
CUST_03159,26,Male,Zanzibar,Christian,Others,Primary,"500,001-1,000,000",M-Pesa,4,0.12,0.8,0.52,0.0,Huawei,China,Premium,New,2289080,9.0,Physical Store,Cash,0,12,0.0,0.468,1.0,0.508,1.0,1.0,0.619,0.48,1
CUST_04691,25,Male,Dodoma,Muslim,Haya,Secondary,"200,000-500,000",Halopesa,3,0.22,0.94,0.64,0.7,Samsung,South Korea,Premium,New,1734343,9.9,Physical Store,Mobile Money,0,2,0.0,0.634,0.9,1.17,1.0,1.0,0.531,0.65,0
CUST_01041,30,Female,Zanzibar,Muslim,Others,Secondary,"1,000,001-2,000,000",Airtel Money,4,0.2,0.28,0.77,0.0,Tecno,China,Mid-Range,New,339206,6.2,Online,Mobile Money,1,2,0.763,0.477,0.9,0.562,1.0,1.0,0.784,0.7,1
CUST_01823,24,Male,Arusha,Christian,Others,Diploma,"200,000-500,000",M-Pesa,4,0.44,0.97,0.76,1.0,Huawei,China,Premium,New,745734,9.0,Physical Store,Cash,0,2,0.397,0.684,1.0,0.544,1.0,0.8,0.526,0.79,1
CUST_04687,39,Female,Dar es Salaam,Christian,Chagga,Secondary,"<200,000",Airtel Money,2,0.21,0.8,0.64,0.3,Vivo,China,Mid-Range,Used,322456,5.4,Physical Store,Mobile Money,0,2,0.355,0.346,1.0,0.985,0.6,1.0,0.536,0.66,1
CUST_00191,16,Female,Tanga,Muslim,Gogo,Primary,"500,001-1,000,000",M-Pesa,2,0.31,0.43,0.31,0.0,Nokia,Finland,Mid-Range,New,318465,6.2,Online,Mobile Money,0,1,0.658,0.192,0.9,0.856,1.0,1.0,0.631,0.71,1
CUST_03217,42,Male,Tanga,Muslim,Sukuma,Primary,"500,001-1,000,000",M-Pesa,4,0.06,0.43,0.4,0.0,Samsung,South Korea,Premium,New,615722,9.4,Physical Store,Mobile Money,0,2,0.779,0.376,0.9,0.656,1.0,1.0,0.606,0.84,1
CUST_04329,18,Male,Dar es Salaam,Christian,Others,Secondary,"500,001-1,000,000",Airtel Money,4,0.32,0.46,0.71,1.0,Apple,USA,Premium,New,1767880,8.6,Online,Mobile Money,0,2,0.322,0.611,1.0,1.118,1.0,0.8,0.699,0.56,1
CUST_02611,15,Female,Arusha,Christian,Chagga,Primary,"<200,000",Tigo Pesa,2,0.21,0.94,0.54,0.5,Apple,USA,Premium,New,2341559,8.2,Physical Store,Mobile Money,0,2,0.0,0.443,1.0,0.861,1.0,1.0,0.527,0.42,1
CUST_04539,28,Female,Zanzibar,Muslim,Others,Master+,"200,000-500,000",Tigo Pesa,3,0.15,0.95,0.42,0.3,Itel,China,Budget,New,247585,4.1,Physical Store,Mobile Money,0,1,0.0,0.172,0.9,0.641,1.0,1.0,0.348,0.6,1
CUST_04254,27,Female,Arusha,Christian,Sukuma,Diploma,"200,000-500,000",Tigo Pesa,5,0.29,0.85,0.57,0.5,Itel,China,Budget,New,152605,6.9,Online,Cash,0,2,0.135,0.393,1.0,0.809,1.0,1.0,0.627,0.78,1
CUST_00608,30,Female,Zanzibar,Christian,Others,Bachelor,"200,000-500,000",M-Pesa,3,0.22,0.85,0.5,0.7,Tecno,China,Mid-Range,New,552983,7.9,Physical Store,Cash,0,2,0.0,0.395,1.0,0.729,1.0,1.0,0.373,0.76,1
CUST_04572,30,Female,Dar es Salaam,Christian,Others,Master+,"<200,000",Airtel Money,3,0.55,0.82,0.41,0.3,Infinix,China,Mid-Range,New,521307,6.5,Physical Store,Mobile Money,1,2,0.0,0.266,1.0,0.947,1.0,1.0,0.44,0.69,1
CUST_04870,29,Female,Morogoro,Muslim,Makonde,Primary,"200,000-500,000",M-Pesa,3,0.17,0.96,0.45,0.7,Apple,USA,Premium,Used,322352,7.4,Physical Store,Mobile Money,0,1,0.742,0.333,0.9,0.752,0.6,1.0,0.651,0.78,1
CUST_01588,30,Female,Zanzibar,Christian,Chagga,Secondary,"<200,000",Tigo Pesa,2,0.19,1.0,0.56,0.7,Huawei,China,Premium,New,2018572,8.6,Physical Store,Cash,1,2,0.0,0.482,1.0,0.511,1.0,1.0,0.545,0.51,1
CUST_02962,48,Male,Mbeya,Muslim,Others,No formal,"500,001-1,000,000",Tigo Pesa,3,0.09,0.49,0.75,0.5,Tecno,China,Mid-Range,New,438519,6.7,Physical Store,Mobile Money,0,2,0.463,0.503,0.9,0.919,1.0,1.0,0.781,0.71,1
CUST_01186,21,Female,Dodoma,Christian,Others,Secondary,"<200,000",Halopesa,1,0.18,0.72,0.81,0.3,Tecno,China,Mid-Range,New,473295,6.1,Online,Mobile Money,0,10,0.148,0.494,1.0,0.508,1.0,1.0,0.265,0.67,1
CUST_00595,22,Male,Tanga,Muslim,Gogo,Primary,"500,001-1,000,000",Tigo Pesa,5,0.06,0.75,0.74,0.7,Samsung,South Korea,Premium,New,2270510,9.5,Physical Store,Mobile Money,0,2,0.0,0.703,0.9,1.11,1.0,1.0,0.497,0.52,0
CUST_00633,39,Female,Morogoro,Christian,Others,Primary,"200,000-500,000",Halopesa,3,0.31,0.87,0.53,0.7,Tecno,China,Mid-Range,New,367008,6.7,Physical Store,Mobile Money,0,2,0.202,0.355,1.0,0.757,1.0,1.0,0.529,0.73,1
CUST_03374,27,Male,Arusha,Christian,Others,Primary,"<200,000",M-Pesa,2,0.2,0.77,0.36,0.7,Tecno,China,Mid-Range,New,421561,7.6,Physical Store,Cash,0,10,0.188,0.274,1.0,0.718,1.0,1.0,0.468,0.77,1
CUST_02497,34,Female,Morogoro,Christian,Others,Secondary,"500,001-1,000,000",Tigo Pesa,3,0.12,0.48,0.45,0.3,Huawei,China,Premium,Used,927114,7.6,Physical Store,Mobile Money,0,1,0.629,0.342,1.0,0.822,0.6,1.0,0.582,0.67,1
CUST_04755,34,Male,Dar es Salaam,Christian,Others,Secondary,"<200,000",M-Pesa,5,0.14,0.94,0.71,0.5,Apple,USA,Premium,New,1950724,8.9,Mobile,Mobile Money,1,2,0.0,0.632,1.0,0.805,1.0,1.0,0.455,0.54,1
CUST_04357,24,Male,Dar es Salaam,Christian,Haya,Primary,"1,000,001-2,000,000",Halopesa,3,0.4,0.31,0.6,0.5,Huawei,China,Premium,New,640248,9.0,Online,Mobile Money,1,2,0.835,0.54,1.0,0.806,1.0,1.0,0.756,0.81,1
CUST_03338,20,Male,Dodoma,Christian,Others,Secondary,"<200,000",M-Pesa,3,0.35,0.76,0.55,0.0,Nokia,Finland,Mid-Range,New,553579,7.1,Physical Store,Cash,1,2,0.0,0.39,1.0,0.553,1.0,1.0,0.605,0.72,1
CUST_01583,38,Female,Arusha,Christian,Makonde,Secondary,"200,000-500,000",M-Pesa,4,0.83,0.98,0.87,0.0,Infinix,China,Mid-Range,New,551922,6.1,Physical Store,Mobile Money,0,2,0.0,0.531,1.0,0.971,1.0,1.0,0.637,0.66,1
CUST_00838,39,Female,Arusha,Muslim,Others,Secondary,"200,000-500,000",M-Pesa,2,0.16,0.95,0.83,0.5,Samsung,South Korea,Premium,New,1065642,9.3,Physical Store,Mobile Money,0,2,0.156,0.772,0.9,0.851,1.0,1.0,0.643,0.74,1
CUST_03356,15,Female,Arusha,Christian,Others,Bachelor,"200,000-500,000",Airtel Money,3,0.2,0.72,0.36,0.3,Infinix,China,Mid-Range,New,541293,7.1,Online,Mobile Money,0,2,0.026,0.256,1.0,0.598,1.0,1.0,0.57,0.72,1
CUST_00475,24,Female,Dar es Salaam,Christian,Others,Secondary,"<200,000",Halopesa,3,0.3,0.76,0.71,0.3,Xiaomi,China,Mid-Range,New,380567,6.1,Physical Store,Mobile Money,0,12,0.277,0.433,1.0,0.856,1.0,1.0,0.492,0.69,1
CUST_04587,42,Female,Dar es Salaam,Muslim,Others,Diploma,"200,000-500,000",Tigo Pesa,1,0.33,0.77,0.82,0.7,Tecno,China,Mid-Range,New,380232,6.0,Physical Store,Mobile Money,0,1,0.268,0.492,0.9,0.916,1.0,1.0,0.622,0.68,1
CUST_01177,34,Male,Mwanza,Christian,Nyamwezi,Primary,"200,000-500,000",M-Pesa,5,0.3,0.86,0.89,0.5,Huawei,China,Premium,New,2233919,9.6,Physical Store,Cash,0,2,0.0,0.854,1.0,0.635,1.0,1.0,0.658,0.53,1
CUST_04528,15,Female,Mbeya,Christian,Others,Primary,"200,000-500,000",M-Pesa,4,0.18,0.94,0.67,0.5,Apple,USA,Premium,New,1817158,9.1,Physical Store,Mobile Money,0,2,0.0,0.61,1.0,0.648,1.0,1.0,0.542,0.58,1
CUST_01078,21,Female,Dar es Salaam,Christian,Chagga,Primary,"500,001-1,000,000",M-Pesa,2,0.22,0.67,0.57,0.7,Huawei,China,Premium,New,1710958,9.1,Mobile,Cash,0,1,0.045,0.519,1.0,0.544,1.0,1.0,0.56,0.6,1
CUST_04477,26,Male,Mwanza,Christian,Makonde,Secondary,"<200,000",Airtel Money,5,0.5,0.76,0.52,0.0,Xiaomi,China,Mid-Range,New,339013,7.2,Physical Store,Cash,0,2,0.356,0.374,1.0,0.77,1.0,1.0,0.571,0.76,1
CUST_02816,37,Male,Arusha,Other,Gogo,Diploma,"200,000-500,000",Airtel Money,3,0.09,0.89,0.87,0.3,Infinix,China,Mid-Range,New,521580,6.1,Physical Store,Cash,0,2,0.0,0.531,1.0,0.915,1.0,1.0,0.549,0.66,1
CUST_00126,36,Female,Dar es Salaam,Muslim,Others,Primary,">2,000,000",M-Pesa,2,0.18,0.28,0.67,0.0,Xiaomi,China,Mid-Range,New,427743,6.1,Physical Store,Cash,0,2,0.701,0.409,0.9,0.689,1.0,1.0,0.736,0.68,1
CUST_03984,33,Female,Arusha,Christian,Nyamwezi,Primary,"500,001-1,000,000",Airtel Money,4,0.28,0.41,0.42,0.3,Huawei,China,Premium,New,652879,9.0,Physical Store,Mobile Money,0,2,0.777,0.378,1.0,0.52,1.0,1.0,0.716,0.81,1
CUST_03853,18,Female,Arusha,Christian,Others,Diploma,"200,000-500,000",M-Pesa,3,0.36,0.73,0.49,0.7,Apple,USA,Premium,New,2050359,8.6,Online,Cash,0,2,0.0,0.421,1.0,0.682,1.0,1.0,0.538,0.51,1
CUST_00651,20,Male,Dar es Salaam,Muslim,Nyamwezi,Diploma,"1,000,001-2,000,000",Tigo Pesa,4,0.42,0.29,0.51,0.7,Samsung,South Korea,Premium,New,1669579,8.0,Online,Cash,0,2,0.597,0.408,0.9,0.689,1.0,1.0,0.654,0.55,0
CUST_04439,32,Female,Tanga,Christian,Nyamwezi,Secondary,"500,001-1,000,000",M-Pesa,3,0.35,0.71,0.51,0.0,Vivo,China,Mid-Range,Used,216603,6.1,Physical Store,Mobile Money,0,2,0.616,0.311,1.0,0.866,0.6,1.0,0.6,0.72,1
CUST_04538,29,Male,Arusha,Christian,Sukuma,Bachelor,"<200,000",M-Pesa,5,0.48,1.0,0.56,0.3,Oppo,China,Mid-Range,Used,156612,6.1,Physical Store,Cash,0,1,0.608,0.342,1.0,0.879,0.6,1.0,0.898,0.73,1
CUST_00910,24,Female,Dodoma,Christian,Chagga,Primary,"500,001-1,000,000",M-Pesa,3,0.46,0.64,0.86,0.3,Vivo,China,Mid-Range,New,539837,7.7,Physical Store,Mobile Money,0,1,0.136,0.662,1.0,0.898,1.0,1.0,0.593,0.75,1
CUST_02487,26,Female,Dar es Salaam,Muslim,Others,Secondary,"200,000-500,000",Airtel Money,5,0.11,0.82,0.67,0.5,Infinix,China,Mid-Range,Used,447194,5.8,Physical Store,Cash,1,2,0.083,0.389,0.9,0.92,0.6,1.0,0.491,0.66,1
CUST_04342,29,Male,Arusha,Muslim,Makonde,Secondary,"1,000,001-2,000,000",M-Pesa,3,0.23,0.27,0.85,1.0,Huawei,China,Premium,New,2017406,9.0,Physical Store,Card,1,2,0.546,0.765,0.9,0.751,1.0,0.8,0.619,0.54,1
CUST_02893,25,Male,Zanzibar,Other,Others,Diploma,"<200,000",M-Pesa,5,0.5,0.77,0.55,0.3,Vivo,China,Mid-Range,New,446021,6.0,Physical Store,Cash,0,1,0.141,0.33,1.0,0.742,1.0,1.0,0.384,0.67,1
CUST_03996,31,Female,Dodoma,Muslim,Others,Secondary,"<200,000",M-Pesa,2,0.04,1.0,0.31,0.0,Infinix,China,Mid-Range,New,459484,6.2,Physical Store,Cash,0,2,0.0,0.192,0.9,0.724,1.0,1.0,0.542,0.68,1
CUST_04869,22,Female,Mwanza,Christian,Others,Secondary,"500,001-1,000,000",Tigo Pesa,4,0.51,0.73,0.65,0.0,Nokia,Finland,Mid-Range,New,374274,7.6,Online,Cash,0,2,0.317,0.494,1.0,0.774,1.0,1.0,0.587,0.78,0
CUST_01001,21,Male,Tanga,Christian,Others,Primary,"<200,000",M-Pesa,3,0.28,0.83,0.88,0.5,Infinix,China,Mid-Range,Used,261215,5.7,Physical Store,Card,0,1,0.458,0.502,1.0,0.678,0.6,1.0,0.562,0.69,0
CUST_04905,37,Male,Arusha,Christian,Makonde,Primary,"200,000-500,000",M-Pesa,3,0.14,0.91,0.61,0.5,Xiaomi,China,Mid-Range,New,464682,6.6,Physical Store,Mobile Money,0,12,0.0,0.403,1.0,0.627,1.0,1.0,0.384,0.7,1
CUST_03084,15,Female,Dar es Salaam,Christian,Sukuma,No formal,"1,000,001-2,000,000",Tigo Pesa,3,0.63,0.44,0.87,0.0,Apple,USA,Premium,New,1970622,9.3,Physical Store,Mobile Money,1,2,0.277,0.809,1.0,1.032,1.0,1.0,0.557,0.56,0
CUST_00129,15,Male,Tanga,Christian,Nyamwezi,Primary,"200,000-500,000",Airtel Money,4,0.05,0.99,0.68,0.0,Samsung,South Korea,Premium,New,1286135,9.9,Physical Store,Mobile Money,1,2,0.0,0.673,1.0,0.911,1.0,1.0,0.428,0.74,1
CUST_04967,15,Female,Mwanza,Christian,Others,Primary,"500,001-1,000,000",Airtel Money,5,0.43,0.7,0.55,0.3,Tecno,China,Mid-Range,New,552572,6.7,Online,Cash,1,2,0.033,0.369,1.0,0.946,1.0,1.0,0.445,0.69,1
CUST_04315,24,Female,Dodoma,Christian,Others,Secondary,"<200,000",M-Pesa,5,0.49,0.91,0.78,0.3,Vivo,China,Mid-Range,New,413416,7.0,Online,Mobile Money,1,2,0.059,0.546,1.0,0.744,1.0,1.0,0.533,0.74,1
CUST_03568,23,Female,Mwanza,Muslim,Others,Diploma,"<200,000",M-Pesa,5,0.15,0.83,0.49,0.3,Nokia,Finland,Mid-Range,New,267712,6.2,Physical Store,Mobile Money,0,2,0.444,0.304,0.9,0.75,1.0,1.0,0.574,0.72,1
CUST_02012,42,Male,Mwanza,Muslim,Others,Master+,"<200,000",M-Pesa,2,0.02,0.83,0.81,0.5,Xiaomi,China,Mid-Range,New,460223,6.1,Physical Store,Mobile Money,0,12,0.045,0.494,0.9,0.547,1.0,1.0,0.403,0.67,1
CUST_04223,24,Male,Dar es Salaam,Christian,Others,No formal,"200,000-500,000",M-Pesa,3,0.7,0.94,0.61,0.0,Tecno,China,Mid-Range,New,527762,6.9,Physical Store,Cash,0,1,0.0,0.421,1.0,0.526,1.0,1.0,0.354,0.71,1
CUST_04621,22,Female,Dar es Salaam,Christian,Sukuma,No formal,"200,000-500,000",M-Pesa,2,0.03,0.88,0.38,0.5,Itel,China,Budget,New,126804,6.7,Physical Store,Mobile Money,1,2,0.256,0.255,1.0,0.602,1.0,1.0,0.602,0.78,1
CUST_02030,23,Male,Dar es Salaam,Muslim,Others,Secondary,"200,000-500,000",M-Pesa,3,0.28,0.82,0.53,0.3,Samsung,South Korea,Premium,New,1867409,9.4,Physical Store,Mobile Money,1,2,0.0,0.498,0.9,0.758,1.0,1.0,0.613,0.59,1
CUST_02179,25,Male,Mwanza,Christian,Others,Master+,"1,000,001-2,000,000",M-Pesa,5,0.17,0.18,0.82,0.5,Itel,China,Budget,New,182543,4.9,Physical Store,Cash,0,12,0.781,0.402,1.0,0.884,1.0,1.0,0.718,0.66,1
CUST_04097,15,Female,Zanzibar,Christian,Makonde,Diploma,"200,000-500,000",None,1,0.24,0.91,0.43,0.5,Infinix,China,Mid-Range,Used,286732,5.7,Physical Store,Mobile Money,0,2,0.348,0.245,1.0,0.773,0.6,1.0,0.553,0.68,1
CUST_01368,15,Male,Mwanza,Muslim,Sukuma,Bachelor,"<200,000",M-Pesa,3,0.11,0.78,0.75,0.0,Xiaomi,China,Mid-Range,New,454974,7.3,Online,Mobile Money,0,12,0.113,0.548,0.9,0.59,1.0,1.0,0.483,0.75,1
CUST_02143,53,Male,Arusha,Christian,Nyamwezi,Primary,"500,001-1,000,000",Tigo Pesa,2,0.25,0.57,0.59,0.5,Xiaomi,China,Mid-Range,New,522037,6.9,Physical Store,Cash,0,1,0.256,0.407,1.0,0.653,1.0,1.0,0.487,0.71,1
CUST_04477,26,Male,Mwanza,Christian,Makonde,Secondary,"<200,000",Airtel Money,5,0.5,0.76,0.52,0.0,Apple,USA,Premium,New,2031520,9.6,Physical Store,Mobile Money,0,2,0.0,0.499,1.0,1.083,1.0,1.0,0.716,0.57,1
CUST_02196,22,Female,Dar es Salaam,Christian,Others,Primary,"500,001-1,000,000",Airtel Money,3,0.41,0.44,0.89,0.0,Tecno,China,Mid-Range,Used,348574,6.6,Physical Store,Mobile Money,0,2,0.617,0.587,1.0,0.859,0.6,1.0,0.715,0.73,1
CUST_01112,23,Male,Dar es Salaam,Muslim,Nyamwezi,Primary,"200,000-500,000",Airtel Money,1,0.36,0.94,0.68,0.3,Tecno,China,Mid-Range,New,401103,6.4,Physical Store,Mobile Money,0,1,0.057,0.435,0.9,0.646,1.0,1.0,0.46,0.7,1
CUST_00753,46,Female,Zanzibar,Christian,Others,Secondary,"500,001-1,000,000",Airtel Money,4,0.08,0.7,0.73,0.0,Nokia,Finland,Mid-Range,New,525515,7.7,Online,Cash,1,2,0.08,0.562,1.0,0.595,1.0,1.0,0.671,0.76,1
CUST_01069,37,Female,Zanzibar,Muslim,Chagga,Bachelor,"200,000-500,000",Airtel Money,4,0.2,0.72,0.81,0.5,Infinix,China,Mid-Range,New,438446,7.7,Physical Store,Cash,1,2,0.211,0.624,0.9,0.768,1.0,1.0,0.589,0.77,1
CUST_03056,31,Male,Mbeya,Christian,Sukuma,Secondary,"<200,000",Airtel Money,3,0.22,0.7,0.57,1.0,Apple,USA,Premium,New,763531,10.0,Online,Cash,0,2,0.555,0.57,1.0,0.988,1.0,0.8,0.742,0.85,1
CUST_01697,15,Male,Tanga,Christian,Others,No formal,"500,001-1,000,000",Airtel Money,3,0.1,0.74,0.52,0.5,Xiaomi,China,Mid-Range,New,441218,7.6,Physical Store,Cash,0,2,0.184,0.395,1.0,0.991,1.0,1.0,0.497,0.77,1
CUST_03378,34,Male,Mwanza,Christian,Nyamwezi,No formal,"500,001-1,000,000",Tigo Pesa,4,0.24,0.75,0.65,0.5,Huawei,China,Premium,New,874131,8.5,Physical Store,Mobile Money,0,12,0.454,0.552,1.0,0.983,1.0,1.0,0.679,0.74,1
CUST_04532,30,Male,Zanzibar,Christian,Sukuma,Primary,"<200,000",None,2,0.17,0.73,0.3,0.5,Tecno,China,Mid-Range,Used,155416,6.1,Physical Store,Cash,1,2,0.716,0.183,1.0,0.876,0.6,1.0,0.492,0.73,1
CUST_00013,29,Female,Dar es Salaam,Muslim,Sukuma,Secondary,"<200,000",Airtel Money,2,0.08,0.9,0.64,0.0,Tecno,China,Mid-Range,Used,364033,5.9,Physical Store,Mobile Money,0,2,0.181,0.378,0.9,0.817,0.6,1.0,0.496,0.68,1
CUST_02902,15,Male,Dar es Salaam,Christian,Others,Diploma,"500,001-1,000,000",Halopesa,3,0.4,0.48,0.49,0.7,Tecno,China,Mid-Range,New,569619,7.6,Online,Mobile Money,0,1,0.316,0.372,1.0,0.684,1.0,1.0,0.6,0.74,1
CUST_04607,40,Male,Dar es Salaam,Christian,Makonde,Primary,"<200,000",Halopesa,3,0.21,0.78,0.77,0.3,Huawei,China,Premium,New,1344357,9.6,Physical Store,Mobile Money,1,2,0.126,0.739,1.0,0.606,1.0,1.0,0.591,0.71,1
CUST_00809,48,Female,Mwanza,Christian,Others,Secondary,"500,001-1,000,000",Tigo Pesa,4,0.26,0.56,0.42,0.0,Xiaomi,China,Mid-Range,Used,194443,5.4,Online,Cash,0,1,0.728,0.227,1.0,0.558,0.6,1.0,0.625,0.69,1
CUST_02509,52,Female,Mbeya,Christian,Others,Diploma,"200,000-500,000",M-Pesa,3,0.31,0.85,0.37,0.5,Samsung,South Korea,Premium,New,1218859,8.5,Physical Store,Mobile Money,0,11,0.137,0.314,1.0,0.978,1.0,1.0,0.551,0.67,1
CUST_00606,27,Male,Zanzibar,Christian,Others,Secondary,"200,000-500,000",M-Pesa,5,0.26,0.76,0.44,0.5,Xiaomi,China,Mid-Range,New,583592,6.5,Online,Cash,0,2,0.0,0.286,1.0,0.622,1.0,1.0,0.343,0.67,0
CUST_01857,41,Female,Dar es Salaam,Christian,Sukuma,Secondary,"200,000-500,000",M-Pesa,3,0.37,0.74,0.77,0.3,Tecno,China,Mid-Range,New,361797,7.2,Physical Store,Mobile Money,1,1,0.331,0.554,1.0,0.576,1.0,1.0,0.698,0.76,0
CUST_03758,15,Female,Tanga,Muslim,Makonde,No formal,"200,000-500,000",M-Pesa,2,0.01,0.91,0.74,0.5,Huawei,China,Premium,New,1336433,8.1,Online,Cash,0,1,0.0,0.599,0.9,0.761,1.0,1.0,0.494,0.62,1
CUST_01852,15,Female,Arusha,Christian,Sukuma,No formal,">2,000,000",M-Pesa,4,0.5,0.37,0.55,0.5,Infinix,China,Mid-Range,New,276812,7.1,Mobile,Cash,0,2,0.744,0.39,1.0,0.759,1.0,1.0,0.683,0.77,1
CUST_04347,23,Male,Dodoma,Muslim,Chagga,Primary,"500,001-1,000,000",M-Pesa,2,0.41,0.7,0.74,0.0,Itel,China,Budget,New,186301,4.4,Online,Mobile Money,1,2,0.131,0.326,0.9,0.669,1.0,1.0,0.578,0.63,1
CUST_03680,31,Female,Zanzibar,Christian,Others,Primary,"200,000-500,000",Airtel Money,2,0.26,0.98,0.48,0.5,Itel,China,Budget,New,227667,4.9,Physical Store,Cash,0,1,0.0,0.235,1.0,0.713,1.0,1.0,0.489,0.65,1
CUST_03552,35,Male,Tanga,Christian,Others,Secondary,"200,000-500,000",M-Pesa,3,0.15,0.72,0.66,0.5,Oppo,China,Mid-Range,Used,474386,6.1,Physical Store,Cash,1,1,0.146,0.403,1.0,0.863,0.6,1.0,0.573,0.67,1
CUST_00984,28,Male,Tanga,Christian,Chagga,Primary,"200,000-500,000",Airtel Money,4,0.64,0.89,0.68,0.5,Tecno,China,Mid-Range,New,441485,7.5,Physical Store,Mobile Money,0,2,0.018,0.51,1.0,0.63,1.0,1.0,0.677,0.76,0
CUST_02534,40,Male,Mwanza,Christian,Nyamwezi,Secondary,"200,000-500,000",M-Pesa,5,0.4,0.99,0.83,0.3,Tecno,China,Mid-Range,New,296261,6.7,Physical Store,Cash,0,1,0.267,0.556,1.0,0.939,1.0,1.0,0.639,0.74,1
CUST_03960,23,Female,Arusha,Muslim,Sukuma,Secondary,"200,000-500,000",Airtel Money,2,0.43,0.9,0.76,0.3,Oppo,China,Mid-Range,New,559490,7.4,Physical Store,Cash,1,10,0.0,0.562,0.9,0.545,1.0,1.0,0.317,0.73,1
CUST_04189,41,Female,Arusha,Muslim,Others,Master+,"200,000-500,000",Tigo Pesa,4,0.36,0.81,0.32,0.5,Itel,China,Budget,New,218002,4.2,Physical Store,Cash,1,12,0.0,0.134,0.9,0.912,1.0,1.0,0.362,0.61,1
CUST_01676,16,Female,Dar es Salaam,Muslim,Haya,Primary,"500,001-1,000,000",Airtel Money,3,0.21,0.54,0.71,0.7,Nokia,Finland,Mid-Range,New,375671,6.3,Physical Store,Cash,0,12,0.493,0.447,0.9,0.619,1.0,1.0,0.608,0.7,1
CUST_00811,37,Female,Tanga,Muslim,Others,Primary,"200,000-500,000",None,2,0.16,0.75,0.68,0.0,Oppo,China,Mid-Range,Used,445595,7.0,Physical Store,Mobile Money,0,2,0.165,0.476,0.9,0.889,0.6,1.0,0.624,0.73,1
CUST_00565,34,Male,Dodoma,Muslim,Others,Primary,"<200,000",M-Pesa,3,0.28,0.84,0.6,0.3,Huawei,China,Premium,New,1258952,8.5,Online,Cash,0,2,0.119,0.51,0.9,0.616,1.0,1.0,0.495,0.66,1
CUST_00833,32,Female,Morogoro,Muslim,Others,Secondary,"500,001-1,000,000",Halopesa,5,0.5,0.47,0.51,0.7,Tecno,China,Mid-Range,New,378030,7.2,Physical Store,Cash,0,1,0.556,0.367,0.9,0.981,1.0,1.0,0.773,0.76,1
CUST_03232,31,Male,Mwanza,Christian,Others,Secondary,"200,000-500,000",Airtel Money,2,0.15,0.72,0.41,0.3,Apple,USA,Premium,New,1993819,10.0,Physical Store,Cash,0,2,0.0,0.41,1.0,0.758,1.0,1.0,0.446,0.6,1
CUST_00546,32,Female,Tanga,Muslim,Others,Diploma,"<200,000",M-Pesa,2,0.26,0.77,0.78,0.5,Samsung,South Korea,Premium,New,2051506,8.8,Physical Store,Cash,0,2,0.0,0.686,0.9,0.755,1.0,1.0,0.622,0.52,1
CUST_02155,15,Male,Mwanza,Christian,Chagga,No formal,"200,000-500,000",M-Pesa,2,0.58,0.76,0.46,0.5,Huawei,China,Premium,New,1280720,8.3,Online,Cash,0,2,0.189,0.382,1.0,0.895,1.0,1.0,0.665,0.64,1
CUST_04826,32,Female,Morogoro,Christian,Others,Primary,"200,000-500,000",Airtel Money,5,0.21,0.88,0.31,1.0,Itel,China,Budget,New,226973,4.1,Physical Store,Cash,0,2,0.0,0.127,1.0,0.677,1.0,0.8,0.218,0.6,1
CUST_02108,42,Female,Arusha,Christian,Gogo,Secondary,"<200,000",Airtel Money,3,0.13,0.99,0.35,0.7,Huawei,China,Premium,New,1774310,9.4,Physical Store,Cash,0,2,0.0,0.329,1.0,0.802,1.0,1.0,0.543,0.61,0
CUST_02263,40,Male,Mbeya,Christian,Others,Secondary,"1,000,001-2,000,000",M-Pesa,4,0.3,0.39,0.89,1.0,Vivo,China,Mid-Range,Used,409153,5.7,Physical Store,Cash,0,2,0.601,0.507,1.0,0.615,0.6,0.8,0.718,0.66,1
CUST_04313,15,Male,Mwanza,Christian,Others,Primary,"<200,000",Tigo Pesa,4,0.36,1.0,0.71,0.5,Apple,USA,Premium,New,708227,9.3,Physical Store,Mobile Money,0,2,0.41,0.66,1.0,0.803,1.0,1.0,0.731,0.82,1
CUST_01973,15,Female,Dar es Salaam,Muslim,Others,Secondary,"1,000,001-2,000,000",Airtel Money,5,0.43,0.45,0.32,0.7,Infinix,China,Mid-Range,Used,182773,7.0,Online,Cash,0,2,0.794,0.224,0.9,0.94,0.6,1.0,0.684,0.78,1
CUST_04676,39,Female,Mbeya,Christian,Others,Secondary,"200,000-500,000",M-Pesa,1,0.61,0.93,0.44,0.5,Samsung,South Korea,Premium,New,1165106,9.7,Physical Store,Cash,0,1,0.097,0.427,1.0,1.096,1.0,1.0,0.624,0.75,1
CUST_01163,18,Male,Dar es Salaam,Muslim,Others,Bachelor,"200,000-500,000",Tigo Pesa,3,0.56,0.77,0.84,0.5,Nokia,Finland,Mid-Range,New,390049,8.0,Physical Store,Cash,0,2,0.249,0.672,0.9,0.769,1.0,1.0,0.456,0.8,1
CUST_00777,15,Male,Mwanza,Muslim,Nyamwezi,Primary,"<200,000",Halopesa,5,0.22,0.76,0.48,0.3,Infinix,China,Mid-Range,New,370804,6.1,Physical Store,Cash,0,1,0.295,0.293,0.9,0.699,1.0,1.0,0.485,0.69,1
CUST_00061,34,Male,Dar es Salaam,Muslim,Others,Secondary,"1,000,001-2,000,000",M-Pesa,4,0.35,0.29,0.82,0.7,Nokia,Finland,Mid-Range,New,334070,7.3,Mobile,Mobile Money,1,2,0.758,0.599,0.9,0.733,1.0,1.0,0.694,0.77,0
CUST_02642,39,Female,Arusha,Christian,Makonde,Secondary,"500,001-1,000,000",Airtel Money,1,0.16,0.66,0.9,0.0,Apple,USA,Premium,New,938929,9.0,Physical Store,Mobile Money,0,2,0.484,0.81,1.0,0.816,1.0,1.0,0.702,0.75,0
CUST_04625,21,Female,Mwanza,Christian,Chagga,Primary,">2,000,000",M-Pesa,2,0.01,0.37,0.77,0.3,Tecno,China,Mid-Range,New,521866,7.4,Online,Mobile Money,0,1,0.517,0.57,1.0,0.769,1.0,1.0,0.361,0.74,1
CUST_04313,15,Male,Mwanza,Christian,Others,Primary,"<200,000",Tigo Pesa,4,0.36,1.0,0.71,0.5,Nokia,Finland,Mid-Range,New,473236,6.3,Physical Store,Cash,0,2,0.0,0.447,1.0,0.696,1.0,1.0,0.409,0.68,1
CUST_00357,29,Female,Mwanza,Christian,Others,Primary,">2,000,000",Tigo Pesa,1,0.19,0.49,0.6,0.3,Nokia,Finland,Mid-Range,New,311916,6.8,Physical Store,Cash,1,12,0.618,0.408,1.0,0.766,1.0,1.0,0.685,0.75,1
CUST_01936,28,Male,Dar es Salaam,Muslim,Chagga,Primary,"200,000-500,000",Airtel Money,4,0.18,0.86,0.65,0.3,Tecno,China,Mid-Range,New,527846,6.5,Online,Card,0,2,0.0,0.423,0.9,0.59,1.0,1.0,0.543,0.68,1
CUST_02909,15,Female,Tanga,Muslim,Gogo,Secondary,"<200,000",Airtel Money,2,0.17,0.91,0.32,0.0,Tecno,China,Mid-Range,New,380174,6.3,Mobile,Card,0,11,0.135,0.202,0.9,0.804,1.0,1.0,0.388,0.7,0
CUST_04811,23,Male,Dar es Salaam,Muslim,Sukuma,Secondary,"500,001-1,000,000",Airtel Money,4,0.13,0.57,0.35,0.0,Huawei,China,Premium,New,1131923,9.5,Physical Store,Cash,0,1,0.462,0.332,0.9,0.578,1.0,1.0,0.642,0.74,1
CUST_04381,18,Female,Dar es Salaam,Muslim,Others,Primary,"500,001-1,000,000",Tigo Pesa,5,0.08,0.63,0.4,0.0,Apple,USA,Premium,New,2316305,8.6,Online,Mobile Money,0,2,0.0,0.344,0.9,0.771,1.0,1.0,0.552,0.45,1
CUST_04416,20,Male,Zanzibar,Christian,Others,Diploma,"200,000-500,000",Tigo Pesa,5,0.3,0.96,0.77,0.5,Nokia,Finland,Mid-Range,New,528033,7.2,Physical Store,Mobile Money,0,2,0.0,0.554,1.0,0.519,1.0,1.0,0.39,0.73,1
CUST_02653,33,Female,Dar es Salaam,Muslim,Others,Primary,"200,000-500,000",M-Pesa,1,0.16,0.81,0.58,0.3,Huawei,China,Premium,Used,1838857,8.1,Online,Cash,0,2,0.0,0.47,0.9,0.71,0.6,1.0,0.471,0.52,0
CUST_01729,38,Male,Dodoma,Christian,Gogo,No formal,"500,001-1,000,000",M-Pesa,1,0.2,0.45,0.58,0.5,Vivo,China,Mid-Range,New,494803,6.5,Physical Store,Cash,1,2,0.443,0.377,1.0,0.682,1.0,1.0,0.655,0.69,0
CUST_01529,40,Female,Dodoma,Muslim,Others,Secondary,"200,000-500,000",Tigo Pesa,5,0.43,0.96,0.5,0.3,Apple,USA,Premium,New,1312602,9.7,Physical Store,Cash,0,12,0.0,0.485,0.9,0.675,1.0,1.0,0.573,0.72,1
CUST_03836,20,Female,Dar es Salaam,Other,Nyamwezi,No formal,"500,001-1,000,000",M-Pesa,2,0.28,0.54,0.33,0.5,Tecno,China,Mid-Range,New,317123,6.8,Online,Cash,0,2,0.572,0.224,1.0,0.763,1.0,1.0,0.512,0.74,1
CUST_04432,19,Female,Arusha,Muslim,Others,Primary,"500,001-1,000,000",Halopesa,1,0.13,0.46,0.49,0.5,Xiaomi,China,Mid-Range,Used,235488,6.7,Mobile,Cash,0,2,0.729,0.328,0.9,0.835,0.6,1.0,0.539,0.75,1
CUST_04870,29,Female,Morogoro,Muslim,Makonde,Primary,"200,000-500,000",M-Pesa,3,0.17,0.96,0.45,0.7,Nokia,Finland,Mid-Range,New,441315,6.8,Physical Store,Mobile Money,0,12,0.0,0.306,0.9,0.758,1.0,1.0,0.259,0.72,1
CUST_03665,23,Male,Dar es Salaam,Muslim,Others,Primary,"<200,000",Tigo Pesa,3,0.04,0.95,0.86,0.3,Huawei,China,Premium,New,1818674,8.3,Mobile,Mobile Money,1,1,0.0,0.714,0.9,0.947,1.0,1.0,0.505,0.53,1
CUST_03964,15,Male,Tanga,Muslim,Others,Primary,"200,000-500,000",M-Pesa,4,0.28,1.0,0.68,0.3,Infinix,China,Mid-Range,Used,200577,6.8,Online,Mobile Money,0,2,0.499,0.462,0.9,0.516,0.6,1.0,0.549,0.77,1
CUST_03733,22,Female,Dodoma,Christian,Others,Primary,"500,001-1,000,000",None,3,0.19,0.76,0.42,0.3,Xiaomi,China,Mid-Range,New,383967,6.3,Physical Store,Cash,0,2,0.27,0.265,1.0,0.945,1.0,1.0,0.554,0.7,1
CUST_03553,15,Female,Dar es Salaam,Muslim,Others,No formal,"500,001-1,000,000",Airtel Money,3,0.05,0.46,0.52,0.3,Samsung,South Korea,Premium,New,1727208,9.0,Physical Store,Mobile Money,1,2,0.338,0.468,0.9,1.175,1.0,1.0,0.55,0.59,1
CUST_03815,22,Female,Dar es Salaam,Christian,Chagga,Diploma,"500,001-1,000,000",Airtel Money,5,0.21,0.45,0.43,0.5,Apple,USA,Premium,New,789236,8.8,Online,Mobile Money,0,2,0.704,0.378,1.0,1.054,1.0,1.0,0.69,0.77,1
CUST_04272,18,Male,Dar es Salaam,Christian,Others,Primary,"1,000,001-2,000,000",Tigo Pesa,4,0.21,0.43,0.78,0.5,Oppo,China,Mid-Range,New,430167,6.7,Physical Store,Card,0,2,0.538,0.523,1.0,0.59,1.0,1.0,0.534,0.72,1
CUST_00917,15,Female,Mwanza,Muslim,Sukuma,Secondary,"<200,000",Airtel Money,3,0.46,0.89,0.74,0.7,Samsung,South Korea,Premium,Used,1611834,7.5,Physical Store,Mobile Money,0,12,0.0,0.555,0.9,0.894,0.6,1.0,0.509,0.53,1
CUST_00751,28,Female,Arusha,Christian,Others,Primary,"500,001-1,000,000",Airtel Money,4,0.16,0.53,0.36,0.0,Huawei,China,Premium,New,1687369,9.6,Online,Cash,0,2,0.255,0.346,1.0,0.891,1.0,1.0,0.595,0.64,1
CUST_04533,23,Male,Arusha,Muslim,Others,No formal,"200,000-500,000",M-Pesa,5,0.73,0.84,0.75,0.0,Tecno,China,Mid-Range,New,521966,7.3,Physical Store,Cash,0,2,0.0,0.548,0.9,0.571,1.0,1.0,0.447,0.73,1
CUST_04008,28,Male,Dodoma,Christian,Haya,Primary,"200,000-500,000",M-Pesa,4,0.23,0.85,0.68,0.3,Nokia,Finland,Mid-Range,New,282477,8.0,Mobile,Cash,1,1,0.4,0.544,1.0,0.948,1.0,1.0,0.836,0.82,0
CUST_01233,51,Male,Morogoro,Christian,Others,Bachelor,"200,000-500,000",Tigo Pesa,5,0.27,0.76,0.54,0.3,Infinix,China,Mid-Range,New,385976,7.3,Physical Store,Mobile Money,1,2,0.267,0.394,1.0,0.588,1.0,1.0,0.631,0.76,1
CUST_04928,29,Female,Mwanza,Christian,Others,Primary,"<200,000",Tigo Pesa,1,0.09,0.83,0.8,0.3,Huawei,China,Premium,New,706400,8.5,Physical Store,Mobile Money,0,1,0.511,0.68,1.0,0.988,1.0,1.0,0.64,0.77,0
CUST_01333,15,Male,Zanzibar,Muslim,Others,Primary,"200,000-500,000",M-Pesa,5,0.16,0.94,0.43,0.5,Xiaomi,China,Mid-Range,New,534762,6.2,Online,Cash,0,11,0.0,0.267,0.9,0.707,1.0,1.0,0.452,0.67,1
CUST_00218,52,Female,Dar es Salaam,Christian,Haya,Secondary,"200,000-500,000",M-Pesa,1,0.2,0.71,0.57,0.3,Infinix,China,Mid-Range,New,423821,6.7,Physical Store,Cash,1,2,0.248,0.382,1.0,0.582,1.0,1.0,0.42,0.72,0
CUST_02910,15,Female,Tanga,Muslim,Others,Primary,"500,001-1,000,000",Airtel Money,5,0.02,0.75,0.69,0.7,Apple,USA,Premium,New,690592,8.1,Physical Store,Mobile Money,0,1,0.568,0.559,0.9,1.142,1.0,1.0,0.873,0.75,1
CUST_00965,16,Female,Morogoro,Christian,Others,Bachelor,"500,001-1,000,000",Airtel Money,2,0.13,0.52,0.77,0.7,Huawei,China,Premium,Used,1585660,8.8,Online,Mobile Money,0,12,0.313,0.678,1.0,0.949,0.6,1.0,0.645,0.61,0
CUST_03887,16,Male,Dar es Salaam,Christian,Others,Diploma,"200,000-500,000",M-Pesa,4,0.25,0.81,0.49,0.3,Itel,China,Budget,New,215830,4.9,Physical Store,Cash,0,2,0.0,0.24,1.0,0.71,1.0,1.0,0.42,0.65,0
CUST_04477,26,Male,Mwanza,Christian,Makonde,Secondary,"<200,000",Airtel Money,5,0.5,0.76,0.52,0.0,Huawei,China,Premium,New,1322234,9.5,Physical Store,Mobile Money,0,2,0.163,0.494,1.0,0.827,1.0,1.0,0.647,0.71,1
CUST_03114,16,Female,Mwanza,Muslim,Others,Diploma,"<200,000",Halopesa,3,0.12,0.84,0.54,0.3,Tecno,China,Mid-Range,Used,463725,6.3,Online,Cash,0,2,0.026,0.34,0.9,0.756,0.6,1.0,0.424,0.69,1
CUST_04846,21,Female,Zanzibar,Muslim,Sukuma,Secondary,"500,001-1,000,000",Tigo Pesa,4,0.7,0.73,0.88,0.0,Itel,China,Budget,Used,122609,3.7,Physical Store,Card,0,9,0.403,0.326,0.9,0.583,0.6,1.0,0.707,0.6,1
CUST_02493,37,Female,Morogoro,Christian,Gogo,Primary,"<200,000",M-Pesa,2,0.39,0.73,0.85,0.3,Samsung,South Korea,Premium,New,1826350,9.3,Physical Store,Cash,1,2,0.0,0.79,1.0,0.62,1.0,1.0,0.728,0.59,1
CUST_00147,15,Female,Mwanza,Other,Others,Secondary,"500,001-1,000,000",M-Pesa,3,0.31,0.79,0.85,0.5,Infinix,China,Mid-Range,Used,139358,5.2,Online,Mobile Money,0,2,0.725,0.442,1.0,0.768,0.6,1.0,0.753,0.68,1
CUST_04351,39,Male,Dodoma,Muslim,Others,No formal,"200,000-500,000",Tigo Pesa,2,0.06,0.77,0.79,1.0,Apple,USA,Premium,New,1236488,8.6,Physical Store,Card,0,1,0.207,0.679,0.9,0.89,1.0,0.8,0.764,0.67,1
CUST_02041,23,Male,Zanzibar,Christian,Sukuma,Primary,"200,000-500,000",Tigo Pesa,3,0.43,0.8,0.56,0.3,Xiaomi,China,Mid-Range,New,366292,6.3,Physical Store,Mobile Money,1,2,0.267,0.353,1.0,0.801,1.0,1.0,0.669,0.7,1
CUST_01878,27,Male,Mwanza,Muslim,Others,Bachelor,">2,000,000",M-Pesa,5,0.56,0.41,0.53,0.0,Huawei,China,Premium,New,1759884,8.5,Physical Store,Cash,1,2,0.399,0.45,0.9,0.622,1.0,1.0,0.591,0.56,0
CUST_01147,24,Female,Dar es Salaam,Christian,Others,Secondary,"200,000-500,000",M-Pesa,5,0.25,0.92,0.72,0.5,Xiaomi,China,Mid-Range,New,468882,7.6,Physical Store,Mobile Money,1,1,0.0,0.547,1.0,0.873,1.0,1.0,0.484,0.76,0
CUST_00598,33,Female,Mwanza,Muslim,Gogo,Secondary,"200,000-500,000",Airtel Money,3,0.16,0.77,0.39,0.5,Samsung,South Korea,Premium,New,992819,8.2,Physical Store,Cash,0,2,0.363,0.32,0.9,0.73,1.0,1.0,0.629,0.69,1
CUST_04097,15,Female,Zanzibar,Christian,Makonde,Diploma,"200,000-500,000",None,1,0.24,0.91,0.43,0.5,Tecno,China,Mid-Range,New,557281,7.6,Physical Store,Mobile Money,0,1,0.0,0.327,1.0,0.72,1.0,1.0,0.474,0.74,1
CUST_03382,35,Female,Dodoma,Christian,Makonde,Master+,"<200,000",M-Pesa,5,0.56,0.76,0.47,0.5,Xiaomi,China,Mid-Range,New,447281,6.3,Physical Store,Mobile Money,0,2,0.15,0.296,1.0,0.796,1.0,1.0,0.363,0.69,1
CUST_02922,33,Male,Mwanza,Muslim,Nyamwezi,Secondary,"500,001-1,000,000",M-Pesa,2,0.46,0.77,0.72,0.5,Nokia,Finland,Mid-Range,New,519984,7.3,Physical Store,Cash,0,2,0.0,0.526,0.9,0.522,1.0,1.0,0.534,0.73,1
CUST_00930,29,Male,Mwanza,Christian,Others,Secondary,"<200,000",Tigo Pesa,4,0.53,0.97,0.49,0.7,Huawei,China,Premium,New,2186464,9.9,Physical Store,Cash,0,1,0.0,0.485,1.0,0.51,1.0,1.0,0.498,0.56,1
CUST_01943,27,Female,Morogoro,Christian,Makonde,Primary,"500,001-1,000,000",Airtel Money,4,0.25,0.4,0.38,0.0,Apple,USA,Premium,New,1424383,8.1,Online,Mobile Money,0,2,0.525,0.308,1.0,1.035,1.0,1.0,0.665,0.6,1
CUST_01664,25,Male,Zanzibar,Christian,Others,Diploma,"500,001-1,000,000",Airtel Money,1,0.37,0.62,0.46,0.3,Itel,China,Budget,Used,179074,3.1,Online,Mobile Money,0,2,0.26,0.143,1.0,0.635,0.6,1.0,0.434,0.55,1
CUST_03282,31,Male,Mwanza,Muslim,Makonde,Secondary,"<200,000",Tigo Pesa,2,0.3,1.0,0.65,0.5,Itel,China,Budget,New,132338,5.4,Physical Store,Cash,0,2,0.118,0.351,0.9,0.991,1.0,1.0,0.53,0.7,1
CUST_00445,25,Female,Zanzibar,Muslim,Haya,No formal,"1,000,001-2,000,000",Tigo Pesa,3,0.57,0.28,0.51,0.0,Tecno,China,Mid-Range,New,495235,7.2,Mobile,Mobile Money,0,1,0.653,0.367,0.9,0.669,1.0,1.0,0.572,0.73,0
CUST_01455,29,Male,Arusha,Christian,Sukuma,Primary,"500,001-1,000,000",Tigo Pesa,3,0.16,0.48,0.51,1.0,Apple,USA,Premium,New,2018414,8.3,Physical Store,Mobile Money,0,2,0.193,0.423,1.0,0.917,1.0,0.8,0.527,0.49,1
CUST_03790,17,Male,Mwanza,Christian,Gogo,Bachelor,"500,001-1,000,000",Tigo Pesa,3,0.47,0.59,0.58,0.5,Oppo,China,Mid-Range,New,270227,7.2,Mobile,Mobile Money,0,2,0.601,0.418,1.0,0.896,1.0,1.0,0.733,0.78,1
CUST_03938,31,Male,Morogoro,Muslim,Others,Primary,"200,000-500,000",M-Pesa,2,0.51,0.94,0.84,0.5,Infinix,China,Mid-Range,New,452809,7.2,Mobile,Cash,0,2,0.0,0.605,0.9,0.795,1.0,1.0,0.502,0.74,1
CUST_04432,19,Female,Arusha,Muslim,Others,Primary,"500,001-1,000,000",Halopesa,1,0.13,0.46,0.49,0.5,Samsung,South Korea,Premium,New,1374916,9.3,Physical Store,Card,0,1,0.473,0.456,0.9,0.773,1.0,1.0,0.844,0.68,1
CUST_02043,17,Female,Mbeya,Muslim,Others,Diploma,"<200,000",Tigo Pesa,2,0.15,0.96,0.35,0.0,Oppo,China,Mid-Range,New,422253,8.0,Physical Store,Mobile Money,0,2,0.0,0.28,0.9,0.824,1.0,1.0,0.165,0.8,1
CUST_04077,43,Female,Dar es Salaam,Muslim,Others,Bachelor,"<200,000",Tigo Pesa,5,0.22,0.87,0.51,0.7,Itel,China,Budget,New,91037,5.4,Online,Mobile Money,0,2,0.472,0.275,0.9,0.526,1.0,1.0,0.679,0.71,1
CUST_00576,35,Female,Mbeya,Christian,Chagga,Secondary,"500,001-1,000,000",M-Pesa,2,0.1,0.6,0.5,0.5,Infinix,China,Mid-Range,New,354199,6.7,Physical Store,Card,0,2,0.469,0.335,1.0,0.685,1.0,1.0,0.647,0.73,0
CUST_02515,33,Male,Zanzibar,Christian,Others,Secondary,">2,000,000",M-Pesa,3,0.16,0.21,0.71,0.3,Itel,China,Budget,New,124132,6.2,Physical Store,Cash,0,2,0.826,0.44,1.0,0.845,1.0,1.0,0.636,0.75,1
CUST_00041,27,Female,Zanzibar,Muslim,Others,Primary,"500,001-1,000,000",M-Pesa,3,0.7,0.64,0.47,0.5,Nokia,Finland,Mid-Range,New,445174,6.5,Physical Store,Mobile Money,1,2,0.288,0.306,0.9,0.555,1.0,1.0,0.56,0.7,1
CUST_01724,23,Male,Dar es Salaam,Christian,Others,Diploma,"1,000,001-2,000,000",Tigo Pesa,5,0.24,0.41,0.8,0.7,Apple,USA,Premium,New,2419725,8.2,Physical Store,Mobile Money,0,2,0.173,0.656,1.0,0.697,1.0,1.0,0.687,0.41,1
CUST_03124,36,Female,Arusha,Christian,Others,Secondary,"200,000-500,000",Halopesa,3,0.11,0.92,0.57,0.3,Tecno,China,Mid-Range,Used,438843,6.8,Physical Store,Mobile Money,0,1,0.0,0.388,1.0,0.769,0.6,1.0,0.476,0.72,1
CUST_01901,30,Female,Arusha,Muslim,Sukuma,Primary,"200,000-500,000",M-Pesa,5,0.04,0.91,0.53,0.3,Oppo,China,Mid-Range,New,598238,7.9,Physical Store,Mobile Money,1,2,0.0,0.419,0.9,0.616,1.0,1.0,0.518,0.75,0
CUST_04844,34,Female,Tanga,Muslim,Sukuma,Primary,"200,000-500,000",M-Pesa,4,0.13,0.91,0.39,0.5,Itel,China,Budget,Used,173231,5.2,Physical Store,Cash,0,2,0.0,0.203,0.9,0.951,0.6,1.0,0.327,0.68,0
CUST_02252,16,Male,Mbeya,Christian,Sukuma,No formal,"200,000-500,000",Tigo Pesa,1,0.35,0.73,0.83,0.7,Samsung,South Korea,Premium,New,2103588,9.3,Online,Cash,0,1,0.0,0.772,1.0,0.912,1.0,1.0,0.563,0.54,1
CUST_04399,24,Female,Mbeya,Christian,Sukuma,Primary,"500,001-1,000,000",Airtel Money,3,0.04,0.46,0.69,0.3,Infinix,China,Mid-Range,New,335883,6.7,Physical Store,Cash,0,2,0.614,0.462,1.0,0.512,1.0,1.0,0.54,0.73,1
CUST_01823,24,Male,Arusha,Christian,Others,Diploma,"200,000-500,000",M-Pesa,4,0.44,0.97,0.76,1.0,Oppo,China,Mid-Range,New,296012,7.7,Physical Store,Cash,0,2,0.282,0.585,1.0,0.789,1.0,0.8,0.468,0.8,1
CUST_04638,28,Female,Dodoma,Christian,Chagga,Bachelor,"500,001-1,000,000",Tigo Pesa,5,0.17,0.65,0.63,0.3,Apple,USA,Premium,New,1482482,9.3,Physical Store,Cash,0,12,0.197,0.586,1.0,0.628,1.0,1.0,0.39,0.66,0
CUST_03128,26,Male,Mbeya,Christian,Others,Secondary,"1,000,001-2,000,000",M-Pesa,4,0.22,0.38,0.61,0.3,Huawei,China,Premium,New,2498359,8.9,Physical Store,Mobile Money,0,2,0.209,0.543,1.0,0.994,1.0,1.0,0.724,0.43,1
CUST_01988,30,Female,Dar es Salaam,Christian,Others,Secondary,"200,000-500,000",Airtel Money,3,0.52,0.98,0.32,0.3,Oppo,China,Mid-Range,New,587835,6.3,Mobile,Card,0,2,0.0,0.202,1.0,0.814,1.0,1.0,0.404,0.66,1
CUST_04387,23,Male,Dodoma,Christian,Nyamwezi,Primary,"500,001-1,000,000",Tigo Pesa,4,0.34,0.52,0.55,0.5,Xiaomi,China,Mid-Range,New,497748,7.5,Physical Store,Mobile Money,1,10,0.353,0.413,1.0,0.63,1.0,1.0,0.477,0.75,1
CUST_03987,30,Male,Dodoma,Christian,Others,No formal,"500,001-1,000,000",Airtel Money,4,0.15,0.59,0.61,0.5,Tecno,China,Mid-Range,New,525169,8.0,Physical Store,Card,0,11,0.225,0.488,1.0,0.545,1.0,1.0,0.478,0.77,1
CUST_03378,34,Male,Mwanza,Christian,Nyamwezi,No formal,"500,001-1,000,000",Tigo Pesa,4,0.24,0.75,0.65,0.5,Nokia,Finland,Mid-Range,Used,194004,6.8,Physical Store,Mobile Money,0,2,0.636,0.442,1.0,0.988,0.6,1.0,0.565,0.77,1
CUST_04882,28,Male,Dar es Salaam,Christian,Haya,Primary,"500,001-1,000,000",Tigo Pesa,5,0.11,0.65,0.72,0.3,Tecno,China,Mid-Range,New,523451,6.3,Physical Store,Cash,1,2,0.149,0.454,1.0,0.881,1.0,1.0,0.394,0.67,1
CUST_04922,20,Male,Mwanza,Muslim,Chagga,Secondary,"500,001-1,000,000",M-Pesa,4,0.33,0.48,0.44,0.3,Tecno,China,Mid-Range,Used,255573,6.3,Physical Store,Cash,0,2,0.693,0.277,0.9,0.928,0.6,1.0,0.779,0.73,1
CUST_00978,15,Female,Mwanza,Christian,Others,Secondary,">2,000,000",M-Pesa,1,0.32,0.27,0.5,0.0,Tecno,China,Mid-Range,New,255741,7.3,Physical Store,Card,1,2,0.827,0.365,1.0,0.647,1.0,1.0,0.668,0.79,1
CUST_03372,38,Female,Dar es Salaam,Christian,Others,Primary,"<200,000",Airtel Money,3,0.37,0.87,0.65,1.0,Huawei,China,Premium,New,2353317,8.3,Physical Store,Mobile Money,0,2,0.0,0.54,1.0,0.699,1.0,0.8,0.493,0.43,1
CUST_04838,33,Male,Mwanza,Christian,Haya,Secondary,"200,000-500,000",Tigo Pesa,5,0.51,0.94,0.49,0.0,Itel,China,Budget,New,123560,6.1,Physical Store,Cash,0,2,0.226,0.299,1.0,0.626,1.0,1.0,0.45,0.74,1
CUST_00605,40,Male,Mwanza,Christian,Others,Secondary,"<200,000",M-Pesa,1,0.68,0.84,0.53,0.3,Nokia,Finland,Mid-Range,New,469629,7.9,Online,Mobile Money,0,12,0.014,0.419,1.0,0.539,1.0,1.0,0.675,0.78,1
CUST_00711,15,Male,Mbeya,Christian,Gogo,Diploma,"1,000,001-2,000,000",M-Pesa,2,0.32,0.36,0.35,0.3,Oppo,China,Mid-Range,New,580358,7.8,Online,Cash,1,2,0.478,0.273,1.0,0.53,1.0,1.0,0.655,0.75,1
CUST_02195,35,Female,Morogoro,Christian,Nyamwezi,Diploma,"<200,000",Airtel Money,4,0.05,0.77,0.49,0.3,Infinix,China,Mid-Range,Used,361858,5.3,Mobile,Card,0,11,0.303,0.26,1.0,0.942,0.6,1.0,0.495,0.65,1
CUST_04681,34,Female,Arusha,Christian,Others,Diploma,"200,000-500,000",M-Pesa,3,0.17,0.94,0.6,0.3,Infinix,China,Mid-Range,New,298750,6.7,Physical Store,Cash,1,2,0.298,0.402,1.0,0.854,1.0,1.0,0.5,0.74,1
CUST_02547,16,Female,Dodoma,Muslim,Chagga,Bachelor,"500,001-1,000,000",Airtel Money,1,0.19,0.63,0.69,0.0,Xiaomi,China,Mid-Range,New,399451,7.0,Mobile,Mobile Money,0,2,0.371,0.483,0.9,0.89,1.0,1.0,0.529,0.74,1
CUST_02786,48,Male,Dodoma,Christian,Others,Diploma,"<200,000",Airtel Money,4,0.18,0.8,0.3,0.0,Xiaomi,China,Mid-Range,Used,221220,5.3,Physical Store,Cash,1,2,0.558,0.159,1.0,0.728,0.6,1.0,0.427,0.67,1
CUST_00589,30,Female,Dodoma,Muslim,Others,Diploma,"<200,000",M-Pesa,3,0.14,0.95,0.3,0.0,Tecno,China,Mid-Range,New,384127,7.8,Physical Store,Cash,0,2,0.088,0.234,0.9,0.998,1.0,1.0,0.311,0.79,0
CUST_02051,24,Male,Mbeya,Muslim,Sukuma,Primary,"<200,000",M-Pesa,4,0.13,0.96,0.87,0.3,Infinix,China,Mid-Range,New,522899,7.4,Online,Cash,0,2,0.0,0.644,0.9,0.934,1.0,1.0,0.502,0.74,1
CUST_04608,24,Female,Arusha,Christian,Others,Secondary,"<200,000",Tigo Pesa,2,0.34,0.89,0.72,0.5,Tecno,China,Mid-Range,New,357218,7.5,Physical Store,Cash,1,1,0.205,0.54,1.0,0.569,1.0,1.0,0.576,0.78,1
CUST_03142,31,Male,Dar es Salaam,Christian,Sukuma,Secondary,"500,001-1,000,000",Airtel Money,1,0.17,0.47,0.65,0.0,Oppo,China,Mid-Range,New,400386,6.5,Online,Cash,0,2,0.53,0.423,1.0,0.821,1.0,1.0,0.653,0.71,1
CUST_00662,23,Female,Arusha,Muslim,Others,Secondary,">2,000,000",Airtel Money,5,0.16,0.44,0.81,0.0,Tecno,China,Mid-Range,New,351030,6.0,Physical Store,Cash,0,2,0.614,0.486,0.9,0.894,1.0,1.0,0.674,0.69,0
CUST_00374,35,Male,Mbeya,Muslim,Others,Secondary,"1,000,001-2,000,000",Tigo Pesa,5,0.12,0.23,0.82,0.7,Huawei,China,Premium,New,1996271,8.1,Physical Store,Cash,0,2,0.617,0.664,0.9,0.775,1.0,1.0,0.695,0.49,1
CUST_03643,15,Female,Dar es Salaam,Christian,Haya,Master+,"<200,000",Airtel Money,4,0.07,0.88,0.88,0.5,Itel,China,Budget,New,234081,6.4,Physical Store,Cash,0,1,0.0,0.563,1.0,0.773,1.0,1.0,0.445,0.74,1
CUST_00537,29,Male,Mbeya,Christian,Others,Primary,"<200,000",M-Pesa,2,0.07,0.79,0.61,0.3,Huawei,China,Premium,Used,303868,7.4,Physical Store,Cash,0,2,0.8,0.451,1.0,0.728,0.6,1.0,0.636,0.78,1
CUST_00376,15,Female,Arusha,Christian,Others,Secondary,"500,001-1,000,000",M-Pesa,4,0.6,0.48,0.87,0.3,Huawei,China,Premium,Used,1327731,8.3,Online,Mobile Money,0,12,0.469,0.722,1.0,0.579,0.6,1.0,0.585,0.63,1
CUST_03435,32,Female,Mwanza,Christian,Others,Bachelor,"<200,000",M-Pesa,3,0.05,0.88,0.54,0.5,Apple,USA,Premium,New,900962,8.0,Physical Store,Cash,0,2,0.339,0.432,1.0,0.903,1.0,1.0,0.775,0.7,1
CUST_03919,18,Female,Mwanza,Christian,Nyamwezi,Secondary,"<200,000",M-Pesa,3,0.08,0.83,0.82,0.3,Infinix,China,Mid-Range,Used,298227,5.3,Physical Store,Card,1,2,0.381,0.435,1.0,0.858,0.6,1.0,0.652,0.66,1
CUST_00635,17,Female,Dar es Salaam,Christian,Others,Secondary,"<200,000",M-Pesa,3,0.11,0.72,0.78,0.3,Infinix,China,Mid-Range,New,420342,6.1,Mobile,Mobile Money,0,1,0.243,0.476,1.0,0.797,1.0,1.0,0.571,0.68,1
CUST_03281,15,Male,Mwanza,Muslim,Others,Primary,"500,001-1,000,000",M-Pesa,3,0.1,0.43,0.73,0.7,Huawei,China,Premium,New,2087389,8.5,Mobile,Mobile Money,0,2,0.252,0.62,0.9,0.919,1.0,1.0,0.685,0.49,1
CUST_04187,34,Female,Zanzibar,Christian,Others,No formal,"200,000-500,000",M-Pesa,2,0.43,0.76,0.45,0.3,Tecno,China,Mid-Range,New,424856,6.3,Physical Store,Mobile Money,0,2,0.193,0.284,1.0,0.868,1.0,1.0,0.408,0.69,1
CUST_04262,19,Female,Mbeya,Muslim,Nyamwezi,No formal,"500,001-1,000,000",M-Pesa,2,0.16,0.44,0.46,0.5,Vivo,China,Mid-Range,New,342447,6.3,Physical Store,Cash,0,2,0.623,0.29,0.9,0.792,1.0,1.0,0.387,0.71,0
CUST_03322,33,Female,Morogoro,Muslim,Haya,Diploma,"200,000-500,000",Tigo Pesa,4,0.24,0.96,0.82,0.5,Huawei,China,Premium,Used,1105579,7.0,Physical Store,Mobile Money,0,2,0.116,0.574,0.9,0.599,0.6,1.0,0.661,0.6,1
CUST_01327,17,Female,Mbeya,Muslim,Sukuma,Secondary,">2,000,000",M-Pesa,5,0.23,0.48,0.69,0.0,Apple,USA,Premium,New,1449028,9.5,Mobile,Mobile Money,0,1,0.42,0.656,0.9,0.794,1.0,1.0,0.756,0.68,1
CUST_02801,21,Female,Tanga,Christian,Others,Primary,"<200,000",Airtel Money,4,0.4,0.79,0.84,0.0,Infinix,China,Mid-Range,New,308915,7.6,Physical Store,Mobile Money,1,2,0.39,0.638,1.0,0.861,1.0,1.0,0.66,0.79,1
CUST_04180,15,Female,Dar es Salaam,Christian,Others,Secondary,"500,001-1,000,000",M-Pesa,4,0.11,0.76,0.75,0.3,Oppo,China,Mid-Range,New,551527,6.4,Online,Mobile Money,1,12,0.0,0.48,1.0,0.633,1.0,1.0,0.519,0.67,1
CUST_04431,33,Female,Mwanza,Christian,Sukuma,Secondary,"200,000-500,000",M-Pesa,5,0.15,0.8,0.49,0.7,Xiaomi,China,Mid-Range,New,551537,6.9,Physical Store,Cash,1,2,0.0,0.338,1.0,0.668,1.0,1.0,0.457,0.7,1
CUST_04420,25,Female,Zanzibar,Muslim,Chagga,No formal,"200,000-500,000",M-Pesa,3,0.29,0.87,0.43,0.5,Nokia,Finland,Mid-Range,New,530355,6.8,Physical Store,Cash,1,2,0.0,0.292,0.9,0.764,1.0,1.0,0.485,0.7,0
CUST_03630,20,Female,Mwanza,Christian,Others,Secondary,"1,000,001-2,000,000",None,2,0.11,0.47,0.84,0.0,Apple,USA,Premium,New,1024655,8.6,Mobile,Mobile Money,0,2,0.599,0.722,1.0,0.873,1.0,1.0,0.735,0.71,1
CUST_00037,36,Female,Zanzibar,Christian,Others,Primary,"<200,000",M-Pesa,3,0.22,0.71,0.45,0.5,Huawei,China,Premium,New,892641,9.8,Physical Store,Mobile Money,0,1,0.472,0.441,1.0,0.642,1.0,1.0,0.626,0.81,1
CUST_04871,31,Male,Arusha,Christian,Makonde,Primary,"500,001-1,000,000",M-Pesa,3,0.52,0.58,0.64,0.3,Infinix,China,Mid-Range,Used,410874,5.6,Physical Store,Cash,0,12,0.404,0.358,1.0,0.551,0.6,1.0,0.655,0.65,1
CUST_03295,17,Female,Dodoma,Christian,Chagga,Secondary,"500,001-1,000,000",Airtel Money,4,0.19,0.78,0.73,0.7,Huawei,China,Premium,New,726627,8.3,Mobile,Cash,0,1,0.528,0.606,1.0,0.75,1.0,1.0,0.619,0.75,1
CUST_02521,34,Female,Mwanza,Muslim,Others,Primary,"200,000-500,000",M-Pesa,2,0.21,0.73,0.89,0.7,Huawei,China,Premium,New,1704927,8.2,Physical Store,Mobile Money,0,1,0.0,0.73,0.9,0.866,1.0,1.0,0.425,0.55,1
CUST_00839,30,Male,Tanga,Christian,Sukuma,Secondary,"200,000-500,000",M-Pesa,5,0.12,0.9,0.79,0.7,Huawei,China,Premium,New,1849839,9.5,Physical Store,Mobile Money,1,2,0.0,0.75,1.0,0.666,1.0,1.0,0.49,0.6,1
CUST_04831,23,Female,Zanzibar,Muslim,Haya,Secondary,">2,000,000",M-Pesa,3,0.25,0.27,0.86,0.5,Xiaomi,China,Mid-Range,New,342903,6.8,Online,Mobile Money,0,2,0.769,0.585,0.9,0.589,1.0,1.0,0.704,0.74,0
CUST_04734,32,Male,Dar es Salaam,Christian,Sukuma,Primary,"<200,000",M-Pesa,2,0.19,0.92,0.75,0.3,Samsung,South Korea,Premium,New,2422533,9.4,Physical Store,Card,0,11,0.0,0.705,1.0,1.073,1.0,1.0,0.537,0.48,1
CUST_02072,39,Male,Morogoro,Muslim,Chagga,Diploma,"500,001-1,000,000",Airtel Money,2,0.26,0.43,0.48,0.3,Nokia,Finland,Mid-Range,New,251642,7.5,Physical Store,Mobile Money,0,1,0.729,0.36,0.9,0.8,1.0,1.0,0.557,0.8,1
CUST_01767,27,Male,Dodoma,Muslim,Others,Primary,"200,000-500,000",Halopesa,4,0.34,0.92,0.51,0.5,Oppo,China,Mid-Range,New,257016,7.2,Physical Store,Mobile Money,0,1,0.409,0.367,0.9,0.857,1.0,1.0,0.592,0.78,1
CUST_03466,51,Male,Tanga,Christian,Chagga,Primary,"200,000-500,000",M-Pesa,3,0.18,0.73,0.47,0.3,Itel,China,Budget,Used,88618,5.6,Online,Cash,0,2,0.569,0.263,1.0,0.82,0.6,1.0,0.693,0.72,1
CUST_03501,26,Male,Dar es Salaam,Muslim,Nyamwezi,Primary,"200,000-500,000",M-Pesa,4,0.47,0.96,0.35,0.5,Xiaomi,China,Mid-Range,New,559337,7.1,Physical Store,Cash,0,1,0.0,0.248,0.9,0.872,1.0,1.0,0.555,0.71,1
CUST_00368,15,Male,Dodoma,Muslim,Chagga,No formal,"500,001-1,000,000",Tigo Pesa,4,0.25,0.74,0.43,0.0,Apple,USA,Premium,New,897865,9.2,Physical Store,Mobile Money,1,2,0.446,0.396,0.9,1.009,1.0,1.0,0.642,0.77,1
CUST_01754,22,Female,Arusha,Christian,Gogo,Master+,"200,000-500,000",M-Pesa,2,0.47,0.81,0.34,0.7,Oppo,China,Mid-Range,New,321541,7.5,Physical Store,Cash,0,2,0.349,0.255,1.0,0.568,1.0,1.0,0.432,0.79,1
CUST_01972,40,Female,Arusha,Muslim,Others,Primary,"1,000,001-2,000,000",M-Pesa,4,0.17,0.16,0.33,0.3,Samsung,South Korea,Premium,New,1470139,8.0,Physical Store,Cash,0,1,0.804,0.264,0.9,0.771,1.0,1.0,0.488,0.59,1
CUST_01475,25,Female,Dar es Salaam,Other,Others,Secondary,"<200,000",Tigo Pesa,2,0.72,0.71,0.78,0.5,Tecno,China,Mid-Range,New,413959,7.0,Online,Cash,0,1,0.265,0.546,1.0,0.871,1.0,1.0,0.6,0.74,1
CUST_04994,45,Female,Mwanza,Christian,Others,Primary,"500,001-1,000,000",M-Pesa,2,0.32,0.66,0.61,1.0,Tecno,China,Mid-Range,New,290372,6.6,Online,Cash,0,2,0.521,0.403,1.0,0.842,1.0,0.8,0.553,0.74,0
CUST_04568,32,Female,Mbeya,Muslim,Chagga,Bachelor,"200,000-500,000",None,3,0.5,0.79,0.66,0.5,Itel,China,Budget,New,93239,5.2,Physical Store,Cash,0,1,0.509,0.343,0.9,0.924,1.0,1.0,0.542,0.69,1
CUST_02601,30,Female,Dar es Salaam,Christian,Sukuma,Primary,"200,000-500,000",M-Pesa,4,0.1,0.71,0.9,0.7,Samsung,South Korea,Premium,New,1017539,9.1,Physical Store,Mobile Money,0,2,0.398,0.819,1.0,1.106,1.0,1.0,0.732,0.74,0
CUST_04025,15,Male,Dar es Salaam,Christian,Others,Diploma,"200,000-500,000",M-Pesa,4,0.3,0.98,0.76,0.5,Xiaomi,China,Mid-Range,New,282639,6.9,Online,Mobile Money,1,12,0.308,0.524,1.0,0.502,1.0,1.0,0.698,0.76,0
CUST_00412,21,Male,Mwanza,Other,Nyamwezi,Primary,"1,000,001-2,000,000",Tigo Pesa,3,0.06,0.26,0.69,0.5,Apple,USA,Premium,Used,779141,8.0,Physical Store,Cash,1,2,0.831,0.552,1.0,0.803,0.6,1.0,0.684,0.72,1
CUST_04684,34,Male,Tanga,Muslim,Gogo,No formal,"200,000-500,000",M-Pesa,5,0.07,0.99,0.43,0.7,Xiaomi,China,Mid-Range,New,464835,6.5,Mobile,Mobile Money,0,11,0.0,0.28,0.9,0.834,1.0,1.0,0.514,0.7,1
CUST_04997,26,Male,Morogoro,Christian,Others,Secondary,"500,001-1,000,000",M-Pesa,4,0.19,0.75,0.63,0.7,Apple,USA,Premium,New,1378826,8.4,Physical Store,Card,0,10,0.138,0.529,1.0,0.806,1.0,1.0,0.611,0.63,1
CUST_03861,44,Male,Dodoma,Christian,Makonde,Primary,"200,000-500,000",M-Pesa,5,0.21,0.92,0.32,0.3,Vivo,China,Mid-Range,Used,386018,6.3,Online,Mobile Money,1,2,0.112,0.202,1.0,0.828,0.6,1.0,0.423,0.7,1
CUST_04061,15,Male,Mbeya,Christian,Makonde,Secondary,"200,000-500,000",Airtel Money,2,0.39,0.81,0.58,0.0,Nokia,Finland,Mid-Range,New,582669,6.4,Physical Store,Cash,1,2,0.0,0.371,1.0,0.527,1.0,1.0,0.471,0.67,1
CUST_00767,22,Female,Tanga,Christian,Gogo,Diploma,"<200,000",Tigo Pesa,5,0.38,0.89,0.78,0.3,Infinix,China,Mid-Range,New,584027,7.9,Physical Store,Mobile Money,0,12,0.0,0.616,1.0,0.555,1.0,1.0,0.382,0.76,0
CUST_00896,38,Female,Mwanza,Christian,Nyamwezi,No formal,"200,000-500,000",Tigo Pesa,2,0.25,0.77,0.8,0.5,Infinix,China,Mid-Range,New,506377,7.6,Physical Store,Mobile Money,0,2,0.025,0.608,1.0,0.644,1.0,1.0,0.466,0.75,1
CUST_02274,28,Male,Dar es Salaam,Christian,Others,Secondary,"200,000-500,000",Airtel Money,4,0.11,0.8,0.51,0.7,Huawei,China,Premium,New,1649198,8.4,Online,Cash,0,1,0.0,0.428,1.0,0.641,1.0,1.0,0.449,0.57,1
CUST_00670,35,Male,Dar es Salaam,Christian,Sukuma,Primary,"200,000-500,000",Tigo Pesa,4,0.11,0.7,0.83,0.0,Infinix,China,Mid-Range,New,494515,7.9,Physical Store,Card,0,1,0.135,0.656,1.0,0.936,1.0,1.0,0.657,0.78,1
CUST_00927,45,Female,Arusha,Christian,Others,Primary,"200,000-500,000",Airtel Money,4,0.12,0.96,0.83,0.0,Xiaomi,China,Mid-Range,New,344404,7.6,Physical Store,Card,0,2,0.173,0.631,1.0,0.729,1.0,1.0,0.478,0.79,1
CUST_00557,29,Male,Tanga,Muslim,Others,Primary,"1,000,001-2,000,000",M-Pesa,1,0.3,0.37,0.61,0.7,Huawei,China,Premium,New,679517,8.8,Mobile,Mobile Money,0,2,0.79,0.537,0.9,0.692,1.0,1.0,0.818,0.79,1
CUST_02354,38,Male,Tanga,Muslim,Makonde,No formal,"200,000-500,000",Tigo Pesa,3,0.44,0.88,0.39,0.0,Vivo,China,Mid-Range,Used,464072,5.5,Online,Mobile Money,1,2,0.0,0.215,0.9,0.77,0.6,1.0,0.521,0.64,0
CUST_04942,17,Female,Zanzibar,Other,Others,Primary,"<200,000",M-Pesa,3,0.45,0.72,0.8,0.0,Nokia,Finland,Mid-Range,New,264410,7.0,Physical Store,Mobile Money,1,1,0.524,0.56,1.0,0.638,1.0,1.0,0.872,0.77,0
CUST_02842,36,Female,Morogoro,Muslim,Chagga,Secondary,"500,001-1,000,000",Tigo Pesa,3,0.62,0.4,0.34,0.3,Tecno,China,Mid-Range,New,543762,6.7,Physical Store,Cash,0,2,0.456,0.228,0.9,0.598,1.0,1.0,0.889,0.69,1
CUST_01244,28,Male,Mwanza,Muslim,Sukuma,Primary,"500,001-1,000,000",Airtel Money,2,0.2,0.49,0.81,0.7,Apple,USA,Premium,New,1617064,8.2,Physical Store,Mobile Money,0,2,0.34,0.664,0.9,0.859,1.0,1.0,0.423,0.57,0
CUST_04812,39,Male,Mwanza,Christian,Sukuma,No formal,"<200,000",Tigo Pesa,2,0.19,0.75,0.77,0.3,Xiaomi,China,Mid-Range,Used,397202,5.7,Physical Store,Mobile Money,1,2,0.255,0.439,1.0,0.618,0.6,1.0,0.443,0.66,1
CUST_00953,40,Male,Dar es Salaam,Christian,Chagga,Secondary,"<200,000",M-Pesa,1,0.27,0.96,0.83,0.0,Infinix,China,Mid-Range,New,540629,6.7,Physical Store,Card,0,2,0.0,0.556,1.0,0.62,1.0,1.0,0.561,0.69,1
CUST_04433,43,Female,Mbeya,Christian,Others,Primary,"1,000,001-2,000,000",M-Pesa,3,0.11,0.4,0.59,0.5,Nokia,Finland,Mid-Range,Used,358815,5.3,Physical Store,Cash,1,12,0.641,0.313,1.0,0.805,0.6,1.0,0.528,0.65,1
CUST_01384,15,Male,Dar es Salaam,Christian,Others,No formal,"500,001-1,000,000",M-Pesa,5,0.41,0.43,0.76,0.5,Itel,China,Budget,Used,43260,4.8,Physical Store,Mobile Money,0,2,0.876,0.365,1.0,0.729,0.6,1.0,0.707,0.68,0
CUST_03968,18,Female,Dar es Salaam,Muslim,Others,Primary,"<200,000",M-Pesa,4,0.21,0.99,0.69,0.3,Vivo,China,Mid-Range,New,481336,7.1,Physical Store,Card,1,2,0.0,0.49,0.9,0.906,1.0,1.0,0.517,0.73,1
CUST_01064,15,Male,Mwanza,Christian,Gogo,Diploma,"200,000-500,000",M-Pesa,3,0.62,0.72,0.88,0.3,Vivo,China,Mid-Range,New,579284,7.3,Physical Store,Mobile Money,1,1,0.0,0.642,1.0,0.939,1.0,1.0,0.54,0.72,1
CUST_00387,24,Male,Mwanza,Christian,Others,Primary,"500,001-1,000,000",M-Pesa,1,0.11,0.74,0.71,0.0,Huawei,China,Premium,New,1658523,8.5,Physical Store,Cash,0,2,0.0,0.603,1.0,0.647,1.0,1.0,0.545,0.58,0
CUST_02996,33,Female,Tanga,Christian,Others,Secondary,"<200,000",Tigo Pesa,4,0.45,0.82,0.32,0.3,Huawei,China,Premium,New,1844445,9.4,Physical Store,Mobile Money,0,2,0.0,0.301,1.0,0.738,1.0,1.0,0.339,0.6,1
CUST_04783,29,Male,Arusha,Muslim,Gogo,Primary,"200,000-500,000",M-Pesa,5,0.17,0.8,0.58,0.5,Nokia,Finland,Mid-Range,New,442631,6.5,Physical Store,Mobile Money,0,11,0.115,0.377,0.9,0.884,1.0,1.0,0.513,0.7,0
CUST_03327,16,Male,Morogoro,Christian,Others,Master+,">2,000,000",Halopesa,1,0.16,0.38,0.78,0.7,Nokia,Finland,Mid-Range,New,441508,7.4,Physical Store,Cash,0,1,0.581,0.577,1.0,0.811,1.0,1.0,0.683,0.76,0
CUST_04308,15,Male,Arusha,Christian,Others,Primary,"<200,000",M-Pesa,1,0.21,0.92,0.83,0.0,Nokia,Finland,Mid-Range,New,423066,6.4,Physical Store,Mobile Money,0,2,0.027,0.531,1.0,0.67,1.0,1.0,0.571,0.7,1
CUST_04461,41,Male,Mwanza,Christian,Gogo,No formal,"500,001-1,000,000",Halopesa,5,0.14,0.5,0.78,0.3,Tecno,China,Mid-Range,Used,286369,6.9,Mobile,Cash,0,12,0.642,0.538,1.0,0.539,0.6,1.0,0.81,0.76,1
CUST_00356,16,Female,Dar es Salaam,Christian,Sukuma,Bachelor,"500,001-1,000,000",Airtel Money,1,0.02,0.67,0.6,0.5,Apple,USA,Premium,New,2449760,8.4,Online,Mobile Money,1,2,0.0,0.504,1.0,1.109,1.0,1.0,0.872,0.41,1
CUST_02361,19,Male,Zanzibar,Christian,Others,Secondary,"<200,000",M-Pesa,3,0.09,0.97,0.68,0.3,Tecno,China,Mid-Range,New,289406,6.2,Physical Store,Mobile Money,0,1,0.298,0.422,1.0,0.837,1.0,1.0,0.365,0.71,1
CUST_04222,21,Male,Arusha,Other,Nyamwezi,Primary,"1,000,001-2,000,000",M-Pesa,3,0.13,0.21,0.43,0.7,Apple,USA,Premium,New,1257535,9.8,Physical Store,Cash,0,1,0.78,0.421,1.0,1.03,1.0,1.0,0.79,0.74,1
CUST_03394,34,Female,Dar es Salaam,Muslim,Chagga,No formal,"200,000-500,000",M-Pesa,5,0.13,0.86,0.37,0.3,Itel,China,Budget,Used,170007,4.6,Online,Cash,1,2,0.025,0.17,0.9,0.777,0.6,1.0,0.307,0.64,1
CUST_04811,23,Male,Dar es Salaam,Muslim,Sukuma,Secondary,"500,001-1,000,000",Airtel Money,4,0.13,0.57,0.35,0.0,Xiaomi,China,Mid-Range,Used,273388,6.0,Physical Store,Mobile Money,1,2,0.61,0.21,0.9,0.512,0.6,1.0,0.571,0.71,1
CUST_03308,33,Male,Mbeya,Muslim,Others,Secondary,"<200,000",M-Pesa,2,0.42,0.74,0.41,0.7,Tecno,China,Mid-Range,Used,271599,6.1,Online,Cash,1,2,0.498,0.25,0.9,0.82,0.6,1.0,0.473,0.71,1
CUST_04713,20,Female,Dodoma,Christian,Haya,Secondary,"1,000,001-2,000,000",M-Pesa,5,0.16,0.12,0.58,0.3,Apple,USA,Premium,New,1397321,8.2,Physical Store,Mobile Money,0,12,0.86,0.476,1.0,0.623,1.0,1.0,0.732,0.61,1
CUST_00780,16,Female,Dar es Salaam,Muslim,Sukuma,Primary,"200,000-500,000",M-Pesa,2,0.27,0.93,0.46,0.0,Huawei,China,Premium,New,1342479,9.8,Physical Store,Mobile Money,1,2,0.0,0.451,0.9,0.978,1.0,1.0,0.321,0.72,1
CUST_00722,20,Female,Dar es Salaam,Christian,Others,Diploma,"200,000-500,000",M-Pesa,3,0.23,0.73,0.47,0.7,Xiaomi,China,Mid-Range,New,310356,6.7,Physical Store,Cash,0,1,0.434,0.315,1.0,0.852,1.0,1.0,0.653,0.74,1
CUST_04819,31,Male,Dar es Salaam,Christian,Others,Secondary,"500,001-1,000,000",Tigo Pesa,2,0.18,0.63,0.74,0.3,Infinix,China,Mid-Range,New,298085,6.3,Mobile,Card,0,2,0.531,0.466,1.0,0.737,1.0,1.0,0.662,0.72,1
CUST_04248,34,Male,Tanga,Christian,Others,Secondary,"200,000-500,000",Airtel Money,4,0.39,0.74,0.82,1.0,Oppo,China,Mid-Range,New,252468,6.1,Mobile,Cash,1,2,0.533,0.5,1.0,0.63,1.0,0.8,0.619,0.72,1
CUST_00254,52,Female,Dodoma,Muslim,Others,Primary,"200,000-500,000",M-Pesa,3,0.26,0.87,0.66,0.7,Nokia,Finland,Mid-Range,New,347335,6.8,Mobile,Cash,0,2,0.245,0.449,0.9,0.667,1.0,1.0,0.513,0.74,1
CUST_03476,27,Female,Dar es Salaam,Christian,Gogo,Secondary,">2,000,000",Tigo Pesa,1,0.13,0.41,0.55,0.5,Xiaomi,China,Mid-Range,New,326824,6.1,Online,Cash,0,1,0.665,0.336,1.0,0.615,1.0,1.0,0.794,0.7,1
CUST_00951,25,Female,Tanga,Christian,Nyamwezi,Primary,"500,001-1,000,000",Tigo Pesa,3,0.21,0.76,0.32,0.7,Oppo,China,Mid-Range,New,590178,7.6,Physical Store,Cash,0,2,0.0,0.243,1.0,0.517,1.0,1.0,0.549,0.74,1
CUST_00159,32,Male,Zanzibar,Christian,Chagga,Secondary,"500,001-1,000,000",M-Pesa,4,0.59,0.51,0.52,0.0,Samsung,South Korea,Premium,New,2154154,8.1,Physical Store,Cash,0,11,0.084,0.421,1.0,0.874,1.0,1.0,0.519,0.46,0
CUST_00199,35,Female,Tanga,Muslim,Others,Secondary,"<200,000",Tigo Pesa,4,0.38,0.76,0.55,0.7,Tecno,China,Mid-Range,New,314259,7.2,Physical Store,Mobile Money,0,2,0.403,0.396,0.9,0.805,1.0,1.0,0.463,0.77,1
CUST_03823,38,Male,Zanzibar,Christian,Others,Diploma,"1,000,001-2,000,000",M-Pesa,4,0.26,0.35,0.64,0.0,Huawei,China,Premium,New,2090536,9.3,Physical Store,Mobile Money,0,1,0.39,0.595,1.0,0.658,1.0,1.0,0.523,0.54,0
CUST_04298,26,Female,Mwanza,Christian,Others,No formal,"200,000-500,000",M-Pesa,3,0.15,0.92,0.73,0.5,Samsung,South Korea,Premium,New,2309637,8.9,Physical Store,Mobile Money,0,1,0.0,0.65,1.0,1.014,1.0,1.0,0.466,0.47,1
CUST_01573,39,Female,Mwanza,Muslim,Nyamwezi,Bachelor,"200,000-500,000",Tigo Pesa,3,0.12,0.94,0.56,0.0,Huawei,China,Premium,New,959107,8.0,Mobile,Mobile Money,0,2,0.249,0.448,0.9,0.807,1.0,1.0,0.686,0.69,1
CUST_04212,17,Female,Mbeya,Christian,Chagga,Diploma,"200,000-500,000",Airtel Money,3,0.07,0.88,0.89,0.5,Apple,USA,Premium,New,819959,8.1,Physical Store,Mobile Money,0,2,0.399,0.721,1.0,1.004,1.0,1.0,0.778,0.72,1
CUST_00738,34,Male,Mbeya,Muslim,Nyamwezi,No formal,"200,000-500,000",None,4,0.42,0.95,0.48,0.0,Infinix,China,Mid-Range,New,352392,6.3,Physical Store,Mobile Money,0,1,0.163,0.302,0.9,0.927,1.0,1.0,0.457,0.71,1
CUST_02217,15,Male,Dar es Salaam,Muslim,Chagga,No formal,"200,000-500,000",Tigo Pesa,4,0.35,0.82,0.43,0.5,Infinix,China,Mid-Range,New,499000,6.7,Physical Store,Cash,0,12,0.0,0.288,0.9,0.985,1.0,1.0,0.452,0.7,1
CUST_00898,18,Female,Morogoro,Christian,Others,Secondary,">2,000,000",Airtel Money,3,0.12,0.48,0.43,0.5,Tecno,China,Mid-Range,Used,234273,5.0,Physical Store,Cash,0,2,0.719,0.215,1.0,0.819,0.6,1.0,0.781,0.65,1
CUST_02366,31,Female,Dar es Salaam,Christian,Sukuma,No formal,"500,001-1,000,000",Airtel Money,3,0.27,0.78,0.88,0.5,Oppo,China,Mid-Range,New,534532,6.8,Physical Store,Mobile Money,0,11,0.0,0.598,1.0,0.862,1.0,1.0,0.203,0.7,1
CUST_04881,21,Female,Dar es Salaam,Muslim,Makonde,Primary,">2,000,000",Airtel Money,3,0.07,0.43,0.88,0.3,Huawei,China,Premium,New,1129407,9.8,Physical Store,Mobile Money,1,1,0.595,0.862,0.9,0.558,1.0,1.0,0.811,0.76,1
CUST_03415,18,Male,Dar es Salaam,Christian,Others,Primary,"500,001-1,000,000",M-Pesa,3,0.45,0.55,0.68,0.5,Nokia,Finland,Mid-Range,New,545781,7.0,Physical Store,Cash,0,2,0.25,0.476,1.0,0.548,1.0,1.0,0.537,0.71,1
CUST_03628,36,Female,Dodoma,Christian,Sukuma,No formal,"200,000-500,000",M-Pesa,4,0.2,0.9,0.68,0.0,Nokia,Finland,Mid-Range,New,595637,7.2,Physical Store,Cash,0,2,0.0,0.49,1.0,0.662,1.0,1.0,0.53,0.71,1
CUST_04359,32,Female,Mbeya,Christian,Nyamwezi,Primary,"200,000-500,000",Airtel Money,1,0.09,0.79,0.44,0.5,Huawei,China,Premium,Used,760251,8.5,Physical Store,Cash,1,2,0.5,0.374,1.0,0.959,0.6,1.0,0.462,0.76,1
CUST_02423,46,Female,Dar es Salaam,Muslim,Gogo,Secondary,"<200,000",Airtel Money,2,0.03,0.93,0.69,0.0,Apple,USA,Premium,New,2320297,8.1,Physical Store,Cash,1,12,0.0,0.559,0.9,0.973,1.0,1.0,0.587,0.42,1
CUST_02804,46,Female,Tanga,Muslim,Sukuma,Primary,"<200,000",Halopesa,3,0.2,0.92,0.32,0.3,Infinix,China,Mid-Range,New,550556,6.8,Online,Cash,0,1,0.0,0.218,0.9,0.778,1.0,1.0,0.466,0.7,0
CUST_03079,22,Male,Tanga,Muslim,Others,Primary,"1,000,001-2,000,000",Tigo Pesa,5,0.32,0.15,0.88,0.0,Vivo,China,Mid-Range,New,479233,6.0,Physical Store,Cash,1,1,0.82,0.528,0.9,0.685,1.0,1.0,0.656,0.66,1
CUST_01237,26,Male,Tanga,Muslim,Nyamwezi,Diploma,"<200,000",M-Pesa,3,0.29,0.96,0.86,0.5,Apple,USA,Premium,New,1402032,8.4,Online,Cash,0,2,0.0,0.722,0.9,1.0,1.0,1.0,0.662,0.62,1
CUST_01159,25,Female,Dar es Salaam,Christian,Haya,No formal,"200,000-500,000",Tigo Pesa,5,0.25,0.87,0.34,0.3,Huawei,China,Premium,New,1848496,9.1,Physical Store,Cash,0,2,0.0,0.309,1.0,0.713,1.0,1.0,0.419,0.58,1
CUST_01867,15,Female,Dodoma,Christian,Sukuma,Primary,">2,000,000",M-Pesa,2,0.14,0.42,0.59,0.0,Tecno,China,Mid-Range,New,511843,7.0,Physical Store,Cash,1,2,0.463,0.413,1.0,0.802,1.0,1.0,0.62,0.72,1
CUST_01407,17,Female,Tanga,Muslim,Others,Primary,"1,000,001-2,000,000",Tigo Pesa,1,0.27,0.12,0.44,0.3,Oppo,China,Mid-Range,New,558401,7.9,Physical Store,Mobile Money,0,12,0.832,0.348,0.9,0.704,1.0,1.0,0.827,0.76,1
CUST_04828,23,Female,Mwanza,Christian,Others,Diploma,"1,000,001-2,000,000",M-Pesa,5,0.39,0.25,0.66,0.5,Nokia,Finland,Mid-Range,New,253959,6.6,Physical Store,Cash,0,2,0.841,0.436,1.0,0.506,1.0,1.0,0.624,0.75,1
CUST_03747,45,Male,Tanga,Christian,Sukuma,No formal,"1,000,001-2,000,000",Airtel Money,2,0.06,0.41,0.44,0.3,Infinix,China,Mid-Range,New,490638,7.4,Physical Store,Mobile Money,0,1,0.497,0.326,1.0,0.937,1.0,1.0,0.64,0.75,1
CUST_04198,26,Female,Morogoro,Muslim,Nyamwezi,Secondary,"<200,000",M-Pesa,3,0.2,0.92,0.78,0.0,Infinix,China,Mid-Range,Used,233675,6.9,Online,Mobile Money,0,1,0.463,0.538,0.9,0.751,0.6,1.0,0.66,0.77,1
CUST_02772,36,Male,Zanzibar,Christian,Nyamwezi,Primary,"<200,000",Halopesa,4,0.14,0.79,0.49,0.7,Vivo,China,Mid-Range,New,259084,6.6,Physical Store,Mobile Money,1,1,0.488,0.323,1.0,0.645,1.0,1.0,0.642,0.74,1
CUST_02772,36,Male,Zanzibar,Christian,Nyamwezi,Primary,"<200,000",Halopesa,4,0.14,0.79,0.49,0.7,Oppo,China,Mid-Range,New,325403,7.6,Online,Mobile Money,0,1,0.357,0.372,1.0,0.72,1.0,1.0,0.58,0.79,1
CUST_02379,18,Female,Arusha,Christian,Nyamwezi,Bachelor,">2,000,000",M-Pesa,5,0.36,0.48,0.4,0.0,Samsung,South Korea,Premium,Used,1111975,8.9,Physical Store,Cash,1,2,0.555,0.356,1.0,0.614,0.6,1.0,0.619,0.71,1
CUST_02588,43,Male,Morogoro,Christian,Nyamwezi,No formal,"<200,000",M-Pesa,3,0.41,0.79,0.37,0.0,Nokia,Finland,Mid-Range,New,584237,7.1,Physical Store,Cash,1,1,0.0,0.263,1.0,0.879,1.0,1.0,0.343,0.71,1
CUST_04345,19,Male,Arusha,Muslim,Others,No formal,"1,000,001-2,000,000",Tigo Pesa,5,0.2,0.19,0.33,0.3,Samsung,South Korea,Premium,New,1808336,8.1,Physical Store,Cash,0,2,0.714,0.267,0.9,0.897,1.0,1.0,0.563,0.52,1
CUST_02972,15,Female,Dar es Salaam,Christian,Chagga,Primary,"<200,000",M-Pesa,1,0.22,0.77,0.64,0.0,Huawei,China,Premium,New,2057572,9.5,Online,Card,1,2,0.0,0.608,1.0,0.745,1.0,1.0,0.639,0.56,1
CUST_03435,32,Female,Mwanza,Christian,Others,Bachelor,"<200,000",M-Pesa,3,0.05,0.88,0.54,0.5,Nokia,Finland,Mid-Range,New,533290,7.6,Physical Store,Mobile Money,0,2,0.0,0.41,1.0,0.669,1.0,1.0,0.656,0.75,1
CUST_03968,18,Female,Dar es Salaam,Muslim,Others,Primary,"<200,000",M-Pesa,4,0.21,0.99,0.69,0.3,Xiaomi,China,Mid-Range,New,466956,7.4,Online,Cash,0,1,0.0,0.511,0.9,0.658,1.0,1.0,0.33,0.75,1
CUST_00389,29,Female,Dar es Salaam,Muslim,Haya,Bachelor,"<200,000",M-Pesa,2,0.46,0.76,0.78,1.0,Huawei,China,Premium,New,1264575,9.0,Physical Store,Cash,0,2,0.199,0.702,0.9,0.727,1.0,0.8,0.744,0.69,1
CUST_04253,20,Female,Mbeya,Muslim,Sukuma,Secondary,"1,000,001-2,000,000",M-Pesa,3,0.09,0.18,0.8,0.3,Infinix,China,Mid-Range,Used,211910,6.6,Physical Store,Cash,1,1,0.905,0.528,0.9,0.773,0.6,1.0,0.702,0.75,1
CUST_02644,37,Male,Arusha,Christian,Gogo,Primary,"1,000,001-2,000,000",M-Pesa,1,0.45,0.38,0.42,0.0,Xiaomi,China,Mid-Range,New,498416,7.8,Online,Mobile Money,0,2,0.527,0.328,1.0,0.537,1.0,1.0,0.738,0.77,1
CUST_03820,21,Male,Mwanza,Christian,Sukuma,Primary,"<200,000",M-Pesa,3,0.28,0.72,0.71,0.5,Tecno,China,Mid-Range,New,325331,6.1,Physical Store,Cash,0,2,0.414,0.433,1.0,0.865,1.0,1.0,0.503,0.7,1
CUST_00832,22,Male,Dar es Salaam,Christian,Others,Bachelor,"<200,000",Airtel Money,3,0.38,0.85,0.79,0.3,Itel,China,Budget,New,182631,5.5,Physical Store,Cash,0,1,0.0,0.435,1.0,0.716,1.0,1.0,0.441,0.69,1
CUST_03890,15,Male,Zanzibar,Christian,Sukuma,Secondary,"<200,000",None,4,0.7,0.78,0.34,0.5,Itel,China,Budget,New,170522,7.0,Physical Store,Mobile Money,0,2,0.113,0.238,1.0,0.943,1.0,1.0,0.514,0.79,1
CUST_02025,41,Male,Morogoro,Muslim,Others,Diploma,"<200,000",M-Pesa,3,0.16,0.98,0.82,0.5,Huawei,China,Premium,New,1823847,8.8,Physical Store,Mobile Money,0,2,0.0,0.722,0.9,0.645,1.0,1.0,0.65,0.56,0
CUST_01896,27,Male,Dar es Salaam,Christian,Others,Secondary,"1,000,001-2,000,000",Airtel Money,3,0.36,0.43,0.61,0.3,Itel,China,Budget,New,203075,4.8,Physical Store,Cash,0,2,0.418,0.293,1.0,0.871,1.0,1.0,0.595,0.65,1
CUST_03089,21,Female,Dar es Salaam,Muslim,Chagga,Primary,"500,001-1,000,000",M-Pesa,4,0.24,0.62,0.5,0.3,Infinix,China,Mid-Range,New,500729,6.3,Online,Cash,1,2,0.224,0.315,0.9,0.712,1.0,1.0,0.5,0.68,0
CUST_02554,15,Female,Dar es Salaam,Muslim,Others,Bachelor,"<200,000",M-Pesa,2,0.42,0.98,0.75,0.7,Vivo,China,Mid-Range,New,462892,7.7,Physical Store,Cash,0,10,0.0,0.578,0.9,0.766,1.0,1.0,0.499,0.77,1
CUST_02033,39,Male,Zanzibar,Christian,Chagga,Secondary,"<200,000",M-Pesa,4,0.22,0.8,0.83,0.5,Infinix,China,Mid-Range,New,335101,6.5,Mobile,Mobile Money,0,1,0.33,0.54,1.0,0.561,1.0,1.0,0.628,0.72,1
CUST_03843,36,Female,Arusha,Christian,Others,Primary,"<200,000",Airtel Money,1,0.45,0.88,0.54,0.3,Tecno,China,Mid-Range,New,279528,7.2,Mobile,Cash,0,2,0.385,0.389,1.0,0.551,1.0,1.0,0.55,0.78,1
CUST_03625,23,Female,Arusha,Christian,Others,Secondary,"200,000-500,000",M-Pesa,1,0.13,0.94,0.39,0.0,Vivo,China,Mid-Range,New,542707,7.7,Physical Store,Mobile Money,0,2,0.0,0.3,1.0,0.85,1.0,1.0,0.378,0.75,1
CUST_04117,15,Female,Morogoro,Christian,Others,Secondary,"1,000,001-2,000,000",Airtel Money,3,0.47,0.24,0.47,0.5,Nokia,Finland,Mid-Range,New,273002,6.9,Physical Store,Mobile Money,1,1,0.836,0.324,1.0,0.545,1.0,1.0,0.65,0.76,1
CUST_00269,49,Female,Dar es Salaam,Muslim,Others,Secondary,"500,001-1,000,000",Tigo Pesa,4,0.22,0.48,0.45,0.3,Tecno,China,Mid-Range,New,519558,7.4,Physical Store,Mobile Money,0,2,0.377,0.333,0.9,0.552,1.0,1.0,0.607,0.74,0
CUST_00907,15,Female,Morogoro,Christian,Others,Secondary,"200,000-500,000",Airtel Money,5,0.51,0.84,0.44,0.3,Tecno,China,Mid-Range,New,345508,7.8,Online,Mobile Money,0,1,0.274,0.343,1.0,0.59,1.0,1.0,0.539,0.8,1
CUST_00582,15,Female,Arusha,Christian,Gogo,Secondary,"200,000-500,000",None,3,0.04,0.98,0.63,0.5,Tecno,China,Mid-Range,Used,385208,6.1,Mobile,Mobile Money,0,1,0.056,0.384,1.0,0.865,0.6,1.0,0.624,0.69,1
CUST_01812,45,Female,Mwanza,Other,Others,Primary,"200,000-500,000",Tigo Pesa,2,0.32,0.99,0.32,0.5,Samsung,South Korea,Premium,New,1471850,10.0,Physical Store,Mobile Money,0,2,0.0,0.32,1.0,0.941,1.0,1.0,0.478,0.71,1
CUST_03904,42,Male,Dar es Salaam,Muslim,Nyamwezi,Secondary,"200,000-500,000",Tigo Pesa,4,0.35,0.82,0.43,0.3,Infinix,China,Mid-Range,New,342017,6.4,Physical Store,Cash,0,2,0.299,0.275,0.9,0.578,1.0,1.0,0.493,0.72,1
CUST_04664,33,Female,Dodoma,Muslim,Others,No formal,"<200,000",Halopesa,3,0.24,0.77,0.52,0.0,Samsung,South Korea,Premium,New,2273202,8.4,Physical Store,Cash,0,2,0.0,0.437,0.9,1.094,1.0,1.0,0.622,0.45,1
CUST_04529,40,Female,Arusha,Muslim,Sukuma,Primary,"200,000-500,000",M-Pesa,4,0.3,0.8,0.43,0.3,Xiaomi,China,Mid-Range,New,475849,6.0,Physical Store,Cash,0,12,0.048,0.258,0.9,0.911,1.0,1.0,0.411,0.66,1
CUST_04010,17,Male,Dodoma,Christian,Gogo,No formal,"<200,000",Tigo Pesa,4,0.1,0.79,0.67,0.7,Nokia,Finland,Mid-Range,New,412052,7.7,Physical Store,Cash,0,2,0.186,0.516,1.0,0.584,1.0,1.0,0.649,0.78,1
CUST_03987,30,Male,Dodoma,Christian,Others,No formal,"500,001-1,000,000",Airtel Money,4,0.15,0.59,0.61,0.5,Samsung,South Korea,Premium,New,2285613,9.4,Online,Mobile Money,0,12,0.0,0.573,1.0,1.12,1.0,1.0,0.509,0.51,1
CUST_03034,18,Female,Morogoro,Christian,Others,Diploma,"200,000-500,000",Tigo Pesa,3,0.21,0.84,0.87,0.5,Vivo,China,Mid-Range,New,487369,6.4,Online,Mobile Money,1,1,0.0,0.557,1.0,0.547,1.0,1.0,0.475,0.69,0
CUST_03662,23,Male,Zanzibar,Muslim,Chagga,Master+,"200,000-500,000",Tigo Pesa,2,0.65,0.88,0.41,0.5,Vivo,China,Mid-Range,New,473714,7.5,Physical Store,Cash,0,2,0.0,0.308,0.9,0.548,1.0,1.0,0.377,0.76,1
CUST_02334,40,Male,Arusha,Muslim,Sukuma,No formal,"500,001-1,000,000",M-Pesa,3,0.33,0.59,0.81,0.5,Nokia,Finland,Mid-Range,New,527971,6.6,Physical Store,Cash,0,2,0.221,0.535,0.9,0.614,1.0,1.0,0.4,0.69,1
CUST_00887,15,Female,Arusha,Christian,Others,Diploma,"500,001-1,000,000",M-Pesa,3,0.3,0.71,0.56,0.3,Nokia,Finland,Mid-Range,New,504797,6.5,Online,Cash,0,1,0.104,0.364,1.0,0.99,1.0,1.0,0.471,0.69,1
CUST_03732,32,Female,Dodoma,Muslim,Gogo,Bachelor,"200,000-500,000",M-Pesa,3,0.11,0.7,0.73,0.0,Nokia,Finland,Mid-Range,New,327421,6.4,Physical Store,Mobile Money,0,2,0.427,0.467,0.9,0.593,1.0,1.0,0.565,0.72,1
CUST_02747,15,Female,Dodoma,Christian,Sukuma,Bachelor,"500,001-1,000,000",Tigo Pesa,2,0.34,0.61,0.67,0.7,Huawei,China,Premium,New,1075496,8.2,Online,Cash,0,1,0.453,0.549,1.0,0.739,1.0,1.0,0.387,0.68,1
CUST_02148,15,Female,Dar es Salaam,Christian,Others,Diploma,"500,001-1,000,000",M-Pesa,5,0.39,0.45,0.61,0.3,Huawei,China,Premium,New,1005643,8.1,Physical Store,Mobile Money,0,2,0.623,0.494,1.0,0.535,1.0,1.0,0.58,0.68,1
CUST_02902,15,Male,Dar es Salaam,Christian,Others,Diploma,"500,001-1,000,000",Halopesa,3,0.4,0.48,0.49,0.7,Xiaomi,China,Mid-Range,New,587862,7.6,Mobile,Cash,0,2,0.295,0.372,1.0,0.615,1.0,1.0,0.596,0.74,1
CUST_02299,28,Female,Mwanza,Christian,Others,Primary,"<200,000",Halopesa,2,0.67,0.83,0.65,1.0,Apple,USA,Premium,New,715201,9.1,Mobile,Cash,1,2,0.505,0.591,1.0,0.731,1.0,0.8,0.662,0.8,1
CUST_04738,19,Female,Dar es Salaam,Muslim,Others,Secondary,"500,001-1,000,000",Tigo Pesa,4,0.27,0.75,0.82,0.0,Tecno,China,Mid-Range,New,427084,6.3,Physical Store,Cash,0,10,0.199,0.517,0.9,0.5,1.0,1.0,0.57,0.69,0
CUST_01834,33,Female,Tanga,Christian,Others,No formal,"<200,000",M-Pesa,1,0.25,0.85,0.5,0.0,Vivo,China,Mid-Range,Used,384764,6.2,Online,Mobile Money,0,2,0.182,0.31,1.0,0.534,0.6,1.0,0.447,0.7,1
CUST_00464,15,Female,Mwanza,Christian,Others,No formal,"200,000-500,000",Tigo Pesa,2,0.16,0.98,0.4,0.3,Nokia,Finland,Mid-Range,New,458891,7.4,Physical Store,Cash,1,11,0.0,0.296,1.0,0.547,1.0,1.0,0.306,0.75,1
CUST_03430,15,Male,Arusha,Muslim,Others,No formal,"500,001-1,000,000",Tigo Pesa,4,0.46,0.61,0.52,0.0,Tecno,China,Mid-Range,Used,332708,6.7,Online,Cash,0,2,0.493,0.348,0.9,0.66,0.6,1.0,0.589,0.74,1
CUST_01406,34,Female,Tanga,Christian,Haya,Bachelor,"500,001-1,000,000",Tigo Pesa,4,0.5,0.46,0.41,0.0,Huawei,China,Premium,New,1015548,8.9,Physical Store,Card,0,1,0.611,0.365,1.0,0.69,1.0,1.0,0.563,0.73,0
CUST_01134,15,Male,Mwanza,Muslim,Chagga,Bachelor,"1,000,001-2,000,000",None,4,0.51,0.22,0.83,0.0,Apple,USA,Premium,New,2498590,9.5,Physical Store,Cash,0,2,0.542,0.788,0.9,0.693,1.0,1.0,0.765,0.47,1
CUST_02271,28,Male,Dar es Salaam,Muslim,Others,Secondary,"1,000,001-2,000,000",Tigo Pesa,3,0.15,0.39,0.32,0.0,Huawei,China,Premium,New,2499377,9.9,Physical Store,Cash,0,2,0.188,0.317,0.9,0.708,1.0,1.0,0.431,0.49,1
CUST_01222,36,Female,Morogoro,Muslim,Others,No formal,"200,000-500,000",None,3,0.36,0.72,0.37,0.0,Apple,USA,Premium,New,1811079,9.4,Online,Cash,0,2,0.0,0.348,0.9,0.629,1.0,1.0,0.448,0.6,1
CUST_02735,23,Male,Dar es Salaam,Christian,Others,Secondary,"500,001-1,000,000",Tigo Pesa,1,0.34,0.46,0.88,0.3,Infinix,China,Mid-Range,New,308977,6.8,Physical Store,Cash,1,2,0.645,0.598,1.0,0.774,1.0,1.0,0.539,0.75,1
CUST_01790,22,Male,Mbeya,Christian,Sukuma,Secondary,"200,000-500,000",M-Pesa,3,0.54,0.89,0.83,0.5,Nokia,Finland,Mid-Range,New,507628,6.7,Online,Card,0,1,0.0,0.556,1.0,0.502,1.0,1.0,0.369,0.7,1
CUST_01199,18,Female,Dar es Salaam,Christian,Nyamwezi,Primary,"500,001-1,000,000",M-Pesa,4,0.36,0.78,0.64,0.5,Samsung,South Korea,Premium,Used,1926858,8.5,Physical Store,Cash,1,2,0.0,0.544,1.0,0.681,0.6,1.0,0.617,0.52,1
CUST_03574,23,Female,Tanga,Christian,Haya,Primary,"200,000-500,000",Tigo Pesa,3,0.08,0.72,0.82,0.5,Tecno,China,Mid-Range,Used,161084,6.0,Online,Cash,0,2,0.71,0.492,1.0,0.854,0.6,1.0,0.707,0.73,1
CUST_00914,38,Female,Dodoma,Christian,Chagga,Diploma,"200,000-500,000",Airtel Money,4,0.17,0.8,0.71,0.3,Nokia,Finland,Mid-Range,New,269940,7.5,Physical Store,Mobile Money,0,12,0.46,0.532,1.0,0.807,1.0,1.0,0.741,0.8,0
CUST_00837,26,Female,Dodoma,Muslim,Sukuma,Primary,"<200,000",Tigo Pesa,3,0.57,0.72,0.71,0.5,Huawei,China,Premium,New,1594091,8.8,Physical Store,Card,0,2,0.044,0.625,0.9,0.915,1.0,1.0,0.552,0.61,1
CUST_00889,36,Female,Mwanza,Muslim,Others,Diploma,"1,000,001-2,000,000",Tigo Pesa,2,0.55,0.12,0.71,0.3,Oppo,China,Mid-Range,New,472802,7.7,Physical Store,Cash,1,1,0.858,0.547,0.9,0.978,1.0,1.0,0.838,0.77,1
CUST_01645,26,Male,Zanzibar,Christian,Haya,No formal,"500,001-1,000,000",Tigo Pesa,3,0.17,0.73,0.65,0.0,Tecno,China,Mid-Range,New,341732,6.2,Online,Cash,1,2,0.376,0.403,1.0,0.729,1.0,1.0,0.572,0.7,1
CUST_03514,24,Male,Dar es Salaam,Muslim,Nyamwezi,Primary,"200,000-500,000",Airtel Money,3,0.58,0.96,0.31,0.5,Samsung,South Korea,Premium,New,850836,9.9,Physical Store,Mobile Money,0,1,0.319,0.307,0.9,0.918,1.0,1.0,0.52,0.82,1
CUST_01539,28,Male,Arusha,Christian,Others,Secondary,"200,000-500,000",Halopesa,3,0.13,1.0,0.61,0.7,Huawei,China,Premium,New,1600662,9.6,Physical Store,Cash,1,1,0.0,0.586,1.0,0.793,1.0,1.0,0.387,0.66,1
CUST_02098,35,Female,Morogoro,Christian,Makonde,Primary,"1,000,001-2,000,000",Halopesa,2,0.6,0.47,0.86,0.0,Apple,USA,Premium,New,2288160,8.1,Physical Store,Mobile Money,0,2,0.104,0.697,1.0,0.879,1.0,1.0,0.503,0.43,1
CUST_02972,15,Female,Dar es Salaam,Christian,Chagga,Primary,"<200,000",M-Pesa,1,0.22,0.77,0.64,0.0,Infinix,China,Mid-Range,Used,144277,6.9,Physical Store,Cash,1,2,0.722,0.442,1.0,0.992,0.6,1.0,0.706,0.79,1
CUST_01115,32,Female,Mwanza,Christian,Chagga,Primary,"<200,000",Tigo Pesa,1,0.48,0.99,0.47,0.3,Tecno,China,Mid-Range,New,352814,6.0,Mobile,Card,0,2,0.127,0.282,1.0,0.559,1.0,1.0,0.363,0.69,1
CUST_01089,21,Female,Tanga,Muslim,Others,Bachelor,"<200,000",None,4,0.42,0.77,0.88,0.5,Apple,USA,Premium,New,1168797,9.0,Physical Store,Cash,0,2,0.25,0.792,0.9,0.903,1.0,1.0,0.633,0.71,1
CUST_00196,38,Male,Dar es Salaam,Christian,Others,Secondary,">2,000,000",M-Pesa,4,0.3,0.5,0.64,0.3,Nokia,Finland,Mid-Range,New,534506,6.5,Physical Store,Cash,1,2,0.332,0.416,1.0,0.629,1.0,1.0,0.49,0.68,1
CUST_02052,46,Male,Tanga,Muslim,Haya,Secondary,"<200,000",M-Pesa,3,0.32,0.79,0.71,0.3,Apple,USA,Premium,New,2178331,8.8,Online,Cash,0,2,0.0,0.625,0.9,0.662,1.0,1.0,0.584,0.49,1
CUST_04159,23,Female,Dodoma,Christian,Sukuma,No formal,"1,000,001-2,000,000",M-Pesa,4,0.13,0.16,0.75,0.0,Itel,China,Budget,New,180358,4.4,Physical Store,Mobile Money,1,2,0.808,0.33,1.0,0.684,1.0,1.0,0.695,0.63,1
CUST_01534,36,Male,Mbeya,Christian,Others,Secondary,"500,001-1,000,000",M-Pesa,3,0.43,0.61,0.75,0.0,Samsung,South Korea,Premium,Used,759040,7.9,Online,Mobile Money,0,11,0.614,0.592,1.0,0.953,0.6,1.0,0.602,0.72,1
CUST_01914,46,Female,Dodoma,Christian,Others,Secondary,"<200,000",M-Pesa,2,0.32,0.99,0.53,0.5,Oppo,China,Mid-Range,New,342469,7.7,Physical Store,Mobile Money,1,2,0.152,0.408,1.0,0.875,1.0,1.0,0.527,0.79,1
CUST_02514,20,Female,Mwanza,Christian,Others,Diploma,"<200,000",M-Pesa,3,0.39,0.75,0.48,0.3,Nokia,Finland,Mid-Range,Used,398358,6.4,Physical Store,Cash,1,2,0.253,0.307,1.0,0.861,0.6,1.0,0.549,0.7,1
CUST_00048,45,Female,Dar es Salaam,Muslim,Others,Secondary,"<200,000",Tigo Pesa,4,0.33,0.84,0.37,1.0,Xiaomi,China,Mid-Range,New,337956,7.4,Online,Mobile Money,0,2,0.29,0.274,0.9,0.549,1.0,0.8,0.488,0.78,1
CUST_00023,31,Female,Dar es Salaam,Muslim,Others,Primary,"<200,000",Airtel Money,4,0.59,0.8,0.86,0.7,Infinix,China,Mid-Range,New,550073,6.5,Physical Store,Cash,0,1,0.0,0.559,0.9,0.84,1.0,1.0,0.466,0.68,1
CUST_02061,15,Male,Zanzibar,Muslim,Others,Diploma,"200,000-500,000",Airtel Money,2,0.05,0.77,0.54,0.3,Tecno,China,Mid-Range,New,474035,7.8,Mobile,Cash,0,2,0.087,0.421,0.9,0.726,1.0,1.0,0.473,0.77,0
CUST_01543,20,Male,Dar es Salaam,Christian,Others,No formal,"200,000-500,000",M-Pesa,3,0.25,0.89,0.62,0.5,Vivo,China,Mid-Range,New,550399,7.1,Physical Store,Card,0,2,0.0,0.44,1.0,0.714,1.0,1.0,0.452,0.72,1
CUST_00612,26,Male,Morogoro,Muslim,Sukuma,Secondary,"<200,000",Tigo Pesa,1,0.14,0.96,0.52,0.0,Apple,USA,Premium,New,2307983,8.8,Online,Cash,0,2,0.0,0.458,0.9,0.819,1.0,1.0,0.496,0.47,1
CUST_04840,31,Female,Mbeya,Muslim,Others,Secondary,"200,000-500,000",Airtel Money,2,0.43,0.96,0.76,0.3,Tecno,China,Mid-Range,New,503903,6.1,Mobile,Cash,0,1,0.0,0.464,0.9,0.554,1.0,1.0,0.322,0.67,1
CUST_03048,20,Female,Morogoro,Christian,Others,Secondary,"500,001-1,000,000",Tigo Pesa,5,0.09,0.74,0.82,0.7,Tecno,China,Mid-Range,New,457113,7.7,Mobile,Cash,1,2,0.154,0.631,1.0,0.711,1.0,1.0,0.491,0.77,1
CUST_01558,15,Female,Mbeya,Christian,Others,Primary,"500,001-1,000,000",Airtel Money,3,0.29,0.59,0.56,0.7,Itel,China,Budget,New,168967,4.6,Physical Store,Cash,1,2,0.335,0.258,1.0,0.981,1.0,1.0,0.414,0.64,1
CUST_03099,28,Female,Mbeya,Christian,Others,Master+,">2,000,000",Airtel Money,3,0.08,0.41,0.38,0.3,Nokia,Finland,Mid-Range,New,397575,7.5,Physical Store,Cash,0,2,0.592,0.285,1.0,0.937,1.0,1.0,0.542,0.77,1
CUST_03947,18,Male,Zanzibar,Christian,Others,Bachelor,"200,000-500,000",Airtel Money,1,0.37,0.94,0.73,0.0,Infinix,China,Mid-Range,New,414805,7.4,Physical Store,Cash,1,1,0.025,0.54,1.0,0.697,1.0,1.0,0.609,0.76,1
CUST_00635,17,Female,Dar es Salaam,Christian,Others,Secondary,"<200,000",M-Pesa,3,0.11,0.72,0.78,0.3,Samsung,South Korea,Premium,New,1320063,9.5,Online,Cash,0,2,0.208,0.741,1.0,0.762,1.0,1.0,0.765,0.71,1
CUST_04646,23,Female,Morogoro,Christian,Chagga,Secondary,"200,000-500,000",Halopesa,3,0.31,1.0,0.52,0.5,Infinix,China,Mid-Range,New,292569,6.2,Online,Mobile Money,0,1,0.269,0.322,1.0,0.892,1.0,1.0,0.656,0.71,1
CUST_00049,29,Female,Tanga,Christian,Others,Secondary,"200,000-500,000",M-Pesa,1,0.5,0.82,0.62,0.7,Apple,USA,Premium,Used,1479946,8.7,Physical Store,Cash,1,1,0.0,0.539,1.0,1.101,0.6,1.0,0.426,0.63,1
CUST_04442,30,Female,Morogoro,Christian,Sukuma,Primary,"<200,000",Tigo Pesa,5,0.26,0.76,0.62,0.5,Huawei,China,Premium,New,2097513,9.5,Online,Mobile Money,1,1,0.0,0.589,1.0,0.635,1.0,1.0,0.581,0.55,1
CUST_01110,46,Male,Dodoma,Other,Others,Primary,"<200,000",M-Pesa,2,0.44,0.98,0.6,0.7,Infinix,China,Mid-Range,New,251509,7.0,Online,Cash,0,12,0.384,0.42,1.0,0.535,1.0,1.0,0.823,0.77,1
CUST_01131,39,Female,Zanzibar,Christian,Others,Diploma,"<200,000",Airtel Money,2,0.5,0.88,0.36,0.5,Nokia,Finland,Mid-Range,New,443599,7.4,Physical Store,Cash,1,1,0.024,0.266,1.0,0.568,1.0,1.0,0.398,0.76,1
CUST_03115,38,Female,Morogoro,Muslim,Others,No formal,"500,001-1,000,000",Tigo Pesa,5,0.43,0.67,0.41,0.5,Vivo,China,Mid-Range,New,378615,7.2,Physical Store,Cash,0,2,0.366,0.295,0.9,0.956,1.0,1.0,0.437,0.76,1
CUST_03935,45,Female,Dodoma,Christian,Haya,Secondary,"500,001-1,000,000",Airtel Money,4,0.25,0.47,0.48,0.0,Xiaomi,China,Mid-Range,New,401781,6.2,Online,Cash,0,2,0.528,0.298,1.0,0.973,1.0,1.0,0.694,0.69,1
CUST_04795,36,Male,Arusha,Christian,Others,Primary,"<200,000",Halopesa,2,0.25,0.96,0.4,0.5,Itel,China,Budget,New,183708,5.9,Online,Mobile Money,0,2,0.0,0.236,1.0,0.615,1.0,1.0,0.569,0.72,1
CUST_04032,25,Male,Morogoro,Christian,Others,Master+,"1,000,001-2,000,000",Halopesa,2,0.29,0.48,0.62,0.3,Infinix,China,Mid-Range,New,254902,7.7,Online,Cash,0,2,0.694,0.477,1.0,0.879,1.0,1.0,0.9,0.81,1
CUST_03002,15,Female,Zanzibar,Christian,Others,Primary,"200,000-500,000",M-Pesa,5,0.49,0.77,0.76,0.0,Huawei,China,Premium,New,1548715,9.3,Physical Store,Card,0,12,0.006,0.707,1.0,0.921,1.0,1.0,0.476,0.65,1
CUST_01444,39,Male,Zanzibar,Christian,Sukuma,No formal,"500,001-1,000,000",Halopesa,4,0.42,0.59,0.62,0.5,Tecno,China,Mid-Range,New,477820,6.1,Physical Store,Mobile Money,0,2,0.295,0.378,1.0,0.903,1.0,1.0,0.534,0.67,1
CUST_04363,42,Male,Mwanza,Christian,Sukuma,Diploma,"500,001-1,000,000",M-Pesa,5,0.14,0.66,0.72,0.3,Infinix,China,Mid-Range,New,591015,6.3,Online,Cash,0,2,0.025,0.454,1.0,0.631,1.0,1.0,0.566,0.66,1
CUST_02064,26,Male,Arusha,Christian,Others,Primary,">2,000,000",Airtel Money,3,0.09,0.19,0.45,0.5,Apple,USA,Premium,New,1939020,9.8,Physical Store,Card,0,2,0.693,0.441,1.0,0.992,1.0,1.0,0.667,0.6,1
CUST_01608,30,Female,Zanzibar,Christian,Haya,No formal,"200,000-500,000",Tigo Pesa,3,0.31,0.87,0.68,0.0,Tecno,China,Mid-Range,New,526351,6.8,Physical Store,Mobile Money,0,2,0.0,0.462,1.0,0.763,1.0,1.0,0.52,0.7,1
CUST_01558,15,Female,Mbeya,Christian,Others,Primary,"500,001-1,000,000",Airtel Money,3,0.29,0.59,0.56,0.7,Vivo,China,Mid-Range,New,266593,7.4,Physical Store,Cash,1,2,0.607,0.414,1.0,0.545,1.0,1.0,0.656,0.79,1
CUST_01495,32,Female,Arusha,Christian,Gogo,Secondary,"500,001-1,000,000",Tigo Pesa,2,0.59,0.56,0.36,0.3,Tecno,China,Mid-Range,New,584206,6.6,Physical Store,Mobile Money,0,1,0.182,0.238,1.0,0.873,1.0,1.0,0.607,0.68,1
CUST_00970,36,Male,Dar es Salaam,Christian,Sukuma,Diploma,"<200,000",None,3,0.03,0.78,0.81,0.3,Tecno,China,Mid-Range,New,597005,6.1,Physical Store,Cash,0,2,0.0,0.494,1.0,0.541,1.0,1.0,0.677,0.65,1
CUST_00940,24,Female,Mbeya,Muslim,Others,Diploma,"200,000-500,000",Halopesa,3,0.21,0.93,0.39,0.3,Infinix,China,Mid-Range,New,297980,7.9,Physical Store,Mobile Money,0,2,0.307,0.308,0.9,0.631,1.0,1.0,0.675,0.81,0
CUST_03053,27,Female,Dodoma,Muslim,Others,Primary,">2,000,000",Airtel Money,4,0.29,0.47,0.45,0.5,Oppo,China,Mid-Range,Used,436253,5.7,Physical Store,Cash,0,2,0.487,0.257,0.9,0.899,0.6,1.0,0.506,0.65,1
CUST_04612,23,Female,Dar es Salaam,Muslim,Chagga,Secondary,"1,000,001-2,000,000",M-Pesa,5,0.11,0.44,0.63,0.3,Vivo,China,Mid-Range,New,282032,7.8,Physical Store,Cash,0,1,0.69,0.491,0.9,0.947,1.0,1.0,0.774,0.81,1
CUST_00170,20,Female,Mbeya,Christian,Others,No formal,"200,000-500,000",M-Pesa,1,0.16,0.99,0.65,0.3,Infinix,China,Mid-Range,New,298636,6.9,Physical Store,Card,0,12,0.261,0.449,1.0,0.857,1.0,1.0,0.762,0.75,0
CUST_02915,23,Male,Mwanza,Christian,Nyamwezi,Secondary,"500,001-1,000,000",M-Pesa,5,0.52,0.58,0.64,0.0,Apple,USA,Premium,New,2319766,8.8,Online,Mobile Money,1,1,0.0,0.563,1.0,0.76,1.0,1.0,0.536,0.46,0
CUST_00620,26,Female,Morogoro,Muslim,Others,Primary,"200,000-500,000",Tigo Pesa,3,0.18,0.73,0.8,0.0,Nokia,Finland,Mid-Range,New,344970,7.3,Physical Store,Cash,0,2,0.37,0.584,0.9,0.917,1.0,1.0,0.679,0.77,1
CUST_00614,35,Male,Dodoma,Christian,Makonde,Secondary,"200,000-500,000",None,1,0.16,0.85,0.82,0.5,Samsung,South Korea,Premium,New,761398,9.6,Physical Store,Mobile Money,0,1,0.461,0.787,1.0,1.086,1.0,1.0,0.716,0.82,1
CUST_00656,16,Male,Dar es Salaam,Christian,Sukuma,Secondary,"500,001-1,000,000",Halopesa,4,0.31,0.68,0.85,0.5,Itel,China,Budget,New,179478,6.6,Online,Mobile Money,0,2,0.186,0.561,1.0,0.604,1.0,1.0,0.525,0.76,1
CUST_01852,15,Female,Arusha,Christian,Sukuma,No formal,">2,000,000",M-Pesa,4,0.5,0.37,0.55,0.5,Tecno,China,Mid-Range,New,298787,6.7,Online,Cash,0,1,0.724,0.369,1.0,0.644,1.0,1.0,0.789,0.74,1
CUST_02192,15,Male,Morogoro,Muslim,Sukuma,Diploma,"500,001-1,000,000",M-Pesa,2,0.2,0.65,0.76,0.7,Infinix,China,Mid-Range,New,449317,6.7,Physical Store,Mobile Money,0,2,0.27,0.509,0.9,0.555,1.0,1.0,0.487,0.71,1
CUST_00564,28,Male,Dodoma,Christian,Others,Secondary,"500,001-1,000,000",Halopesa,2,0.44,0.44,0.47,0.5,Itel,China,Budget,New,157044,7.0,Online,Card,1,2,0.539,0.329,1.0,0.67,1.0,1.0,0.62,0.79,1
CUST_01796,15,Male,Arusha,Muslim,Chagga,Diploma,"<200,000",M-Pesa,4,0.45,0.75,0.85,0.7,Xiaomi,China,Mid-Range,New,409963,6.7,Online,Cash,0,1,0.231,0.57,0.9,0.831,1.0,1.0,0.625,0.72,1
CUST_01093,36,Female,Dodoma,Christian,Sukuma,Primary,"500,001-1,000,000",M-Pesa,3,0.1,0.62,0.7,0.0,Apple,USA,Premium,New,1212184,8.0,Physical Store,Mobile Money,0,2,0.374,0.56,1.0,0.657,1.0,1.0,0.639,0.64,1
CUST_00146,17,Male,Dodoma,Muslim,Makonde,No formal,"200,000-500,000",M-Pesa,5,0.1,0.83,0.68,0.3,Huawei,China,Premium,New,2122021,8.4,Physical Store,Card,0,2,0.0,0.571,0.9,0.789,1.0,1.0,0.475,0.48,1
CUST_03637,15,Female,Dodoma,Christian,Chagga,No formal,"500,001-1,000,000",M-Pesa,2,0.43,0.51,0.4,0.3,Oppo,China,Mid-Range,New,371737,6.9,Physical Store,Cash,0,2,0.526,0.276,1.0,0.845,1.0,1.0,0.704,0.74,1
CUST_02956,23,Male,Morogoro,Christian,Others,No formal,"<200,000",M-Pesa,3,0.51,0.76,0.85,0.5,Tecno,China,Mid-Range,New,260370,6.1,Physical Store,Cash,0,1,0.505,0.518,1.0,0.953,1.0,1.0,0.597,0.71,0
CUST_01667,32,Male,Mwanza,Other,Gogo,No formal,"<200,000",M-Pesa,3,0.09,0.97,0.65,0.0,Infinix,China,Mid-Range,New,438055,6.5,Physical Store,Cash,0,1,0.0,0.423,1.0,0.721,1.0,1.0,0.484,0.7,1
CUST_04137,40,Male,Dodoma,Christian,Nyamwezi,Secondary,"200,000-500,000",Halopesa,3,0.34,0.9,0.88,0.3,Xiaomi,China,Mid-Range,New,520055,7.6,Physical Store,Cash,0,2,0.0,0.669,1.0,0.813,1.0,1.0,0.574,0.75,1
CUST_03500,32,Male,Arusha,Christian,Makonde,Bachelor,"1,000,001-2,000,000",M-Pesa,4,0.41,0.21,0.88,0.5,Tecno,China,Mid-Range,New,571176,6.9,Mobile,Cash,0,12,0.7,0.607,1.0,0.545,1.0,1.0,0.633,0.7,1
CUST_01146,21,Female,Tanga,Muslim,Others,Primary,"200,000-500,000",Airtel Money,5,0.24,0.92,0.84,0.3,Tecno,China,Mid-Range,New,284869,6.3,Mobile,Cash,0,2,0.345,0.529,0.9,0.635,1.0,1.0,0.549,0.72,0
CUST_04068,40,Female,Dodoma,Christian,Haya,Secondary,"500,001-1,000,000",Airtel Money,3,0.07,0.65,0.67,0.5,Tecno,China,Mid-Range,New,464065,7.1,Online,Cash,0,2,0.246,0.476,1.0,0.891,1.0,1.0,0.581,0.73,0
CUST_03664,37,Female,Zanzibar,Christian,Nyamwezi,Primary,"500,001-1,000,000",M-Pesa,2,0.55,0.6,0.44,0.5,Infinix,China,Mid-Range,New,536756,7.2,Physical Store,Cash,0,2,0.195,0.317,1.0,0.811,1.0,1.0,0.532,0.72,1
CUST_00126,36,Female,Dar es Salaam,Muslim,Others,Primary,">2,000,000",M-Pesa,2,0.18,0.28,0.67,0.0,Itel,China,Budget,New,203376,6.4,Physical Store,Mobile Money,0,2,0.62,0.429,0.9,0.824,1.0,1.0,0.78,0.74,1
CUST_02765,15,Female,Dodoma,Muslim,Others,Primary,"200,000-500,000",Airtel Money,2,0.56,0.79,0.32,0.0,Xiaomi,China,Mid-Range,New,405019,7.6,Physical Store,Cash,0,1,0.2,0.243,0.9,0.839,1.0,1.0,0.499,0.77,1
CUST_04901,22,Male,Zanzibar,Christian,Haya,Bachelor,"200,000-500,000",Halopesa,4,0.59,0.89,0.61,0.5,Itel,China,Budget,Used,134264,4.4,Physical Store,Mobile Money,0,1,0.203,0.268,1.0,0.643,0.6,1.0,0.457,0.64,0
CUST_01465,26,Female,Arusha,Christian,Gogo,No formal,"500,001-1,000,000",Halopesa,5,0.44,0.45,0.8,0.0,Nokia,Finland,Mid-Range,New,338058,6.8,Physical Store,Cash,0,12,0.62,0.544,1.0,0.544,1.0,1.0,0.635,0.74,1
CUST_04145,38,Male,Dar es Salaam,Christian,Gogo,Secondary,"<200,000",None,4,0.59,0.9,0.85,0.3,Infinix,China,Mid-Range,New,421144,7.6,Physical Store,Cash,0,2,0.052,0.646,1.0,0.834,1.0,1.0,0.439,0.77,1
CUST_02499,24,Female,Dar es Salaam,Muslim,Others,Primary,"<200,000",Airtel Money,2,0.42,0.8,0.56,0.0,Nokia,Finland,Mid-Range,New,275875,7.8,Physical Store,Card,0,1,0.448,0.437,0.9,0.893,1.0,1.0,0.534,0.81,1
CUST_04628,32,Male,Tanga,Christian,Nyamwezi,Primary,"200,000-500,000",M-Pesa,2,0.2,0.84,0.38,0.7,Nokia,Finland,Mid-Range,Used,377226,5.3,Physical Store,Mobile Money,0,10,0.208,0.201,1.0,0.726,0.6,1.0,0.401,0.64,1
CUST_03958,15,Female,Arusha,Muslim,Nyamwezi,Diploma,"200,000-500,000",M-Pesa,3,0.27,0.88,0.63,0.3,Huawei,China,Premium,New,2174273,8.1,Physical Store,Mobile Money,0,1,0.0,0.51,0.9,0.605,1.0,1.0,0.588,0.45,0
CUST_03059,28,Female,Dodoma,Christian,Nyamwezi,Bachelor,"200,000-500,000",M-Pesa,4,0.21,0.81,0.75,0.0,Apple,USA,Premium,New,887681,9.0,Physical Store,Mobile Money,0,2,0.401,0.675,1.0,1.138,1.0,1.0,0.667,0.76,1
CUST_03653,27,Male,Tanga,Christian,Others,No formal,"500,001-1,000,000",Tigo Pesa,5,0.09,0.62,0.43,0.7,Tecno,China,Mid-Range,New,298111,7.1,Online,Cash,0,12,0.538,0.305,1.0,0.553,1.0,1.0,0.504,0.77,1
CUST_04855,25,Female,Mbeya,Muslim,Haya,Primary,"500,001-1,000,000",Halopesa,5,0.27,0.76,0.36,0.3,Apple,USA,Premium,New,1877010,10.0,Physical Store,Cash,0,12,0.0,0.36,0.9,0.751,1.0,1.0,0.389,0.62,1
CUST_02015,19,Male,Dar es Salaam,Christian,Sukuma,Secondary,"500,001-1,000,000",Tigo Pesa,5,0.15,0.68,0.86,0.5,Tecno,China,Mid-Range,New,297004,6.8,Mobile,Mobile Money,0,11,0.495,0.585,1.0,0.824,1.0,1.0,0.755,0.75,1
CUST_04423,47,Male,Dar es Salaam,Christian,Others,No formal,"<200,000",Tigo Pesa,3,0.22,0.89,0.83,0.0,Nokia,Finland,Mid-Range,New,260083,7.7,Physical Store,Mobile Money,0,2,0.421,0.639,1.0,0.98,1.0,1.0,0.556,0.81,1
CUST_01203,37,Male,Dar es Salaam,Muslim,Others,Master+,"500,001-1,000,000",Tigo Pesa,3,0.2,0.7,0.66,0.5,Vivo,China,Mid-Range,Used,207477,6.4,Online,Cash,1,1,0.637,0.422,0.9,0.703,0.6,1.0,0.659,0.74,1
CUST_00482,48,Female,Morogoro,Muslim,Sukuma,Secondary,"1,000,001-2,000,000",M-Pesa,2,0.05,0.26,0.33,0.7,Infinix,China,Mid-Range,New,280943,7.4,Physical Store,Cash,0,2,0.817,0.244,0.9,0.564,1.0,1.0,0.777,0.79,1
CUST_04765,15,Female,Dar es Salaam,Christian,Others,Primary,"200,000-500,000",Airtel Money,3,0.16,0.74,0.51,0.3,Itel,China,Budget,New,88875,6.1,Mobile,Cash,0,2,0.562,0.311,1.0,0.715,1.0,1.0,0.795,0.75,1
CUST_01759,15,Male,Morogoro,Christian,Others,Primary,"<200,000",Tigo Pesa,4,0.12,0.87,0.65,0.0,Itel,China,Budget,New,108281,5.8,Online,Card,0,1,0.372,0.377,1.0,0.749,1.0,1.0,0.783,0.73,1
CUST_00897,30,Female,Tanga,Christian,Others,No formal,"200,000-500,000",Tigo Pesa,2,0.56,0.8,0.46,1.0,Oppo,China,Mid-Range,New,379930,6.5,Physical Store,Mobile Money,1,2,0.24,0.299,1.0,0.647,1.0,0.8,0.512,0.71,1
CUST_04548,28,Female,Dodoma,Christian,Nyamwezi,Secondary,"200,000-500,000",Tigo Pesa,2,0.36,0.89,0.3,0.0,Samsung,South Korea,Premium,New,1299775,8.1,Physical Store,Cash,0,12,0.036,0.243,1.0,1.176,1.0,1.0,0.517,0.63,1
CUST_03977,15,Male,Mbeya,Christian,Nyamwezi,Primary,"200,000-500,000",M-Pesa,5,0.25,0.88,0.67,0.0,Apple,USA,Premium,New,2255209,8.3,Online,Cash,0,2,0.0,0.556,1.0,1.027,1.0,1.0,0.453,0.45,0
CUST_03074,36,Female,Mbeya,Muslim,Sukuma,Secondary,"1,000,001-2,000,000",M-Pesa,2,0.3,0.38,0.48,0.0,Nokia,Finland,Mid-Range,New,517795,6.2,Online,Mobile Money,0,2,0.508,0.298,0.9,0.732,1.0,1.0,0.694,0.67,1
CUST_03541,18,Female,Dar es Salaam,Christian,Others,Bachelor,"200,000-500,000",Tigo Pesa,1,0.43,0.91,0.75,0.5,Tecno,China,Mid-Range,New,434066,6.5,Physical Store,Mobile Money,0,1,0.012,0.488,1.0,0.655,1.0,1.0,0.589,0.7,1
CUST_04072,35,Female,Mwanza,Christian,Nyamwezi,Secondary,"<200,000",M-Pesa,3,0.08,0.79,0.67,0.3,Huawei,China,Premium,New,1049172,9.5,Physical Store,Cash,1,2,0.309,0.636,1.0,0.736,1.0,1.0,0.587,0.76,1
CUST_03417,46,Female,Dar es Salaam,Muslim,Others,Secondary,"<200,000",M-Pesa,1,0.25,0.83,0.87,0.5,Nokia,Finland,Mid-Range,New,341369,6.3,Online,Mobile Money,0,1,0.292,0.548,0.9,0.774,1.0,1.0,0.566,0.71,1
CUST_01090,20,Female,Mwanza,Muslim,Others,Primary,"200,000-500,000",M-Pesa,4,0.25,0.94,0.64,1.0,Apple,USA,Premium,New,2470765,8.9,Online,Mobile Money,0,2,0.0,0.57,0.9,0.869,1.0,0.8,0.518,0.44,1
CUST_04669,41,Female,Mwanza,Muslim,Others,Bachelor,"500,001-1,000,000",Tigo Pesa,3,0.26,0.64,0.67,0.3,Infinix,China,Mid-Range,New,261970,6.8,Online,Card,0,2,0.581,0.456,0.9,0.637,1.0,1.0,0.804,0.76,1
CUST_03236,16,Male,Arusha,Christian,Others,Primary,"500,001-1,000,000",Tigo Pesa,3,0.11,0.54,0.59,0.0,Huawei,China,Premium,New,2489326,9.6,Physical Store,Cash,1,12,0.0,0.566,1.0,0.769,1.0,1.0,0.362,0.48,1
CUST_04310,15,Male,Dar es Salaam,Muslim,Nyamwezi,Primary,"500,001-1,000,000",Airtel Money,3,0.02,0.72,0.78,0.5,Nokia,Finland,Mid-Range,New,540249,7.4,Physical Store,Cash,1,2,0.028,0.577,0.9,0.815,1.0,1.0,0.421,0.74,1
CUST_01005,31,Male,Arusha,Christian,Nyamwezi,Secondary,">2,000,000",None,3,0.23,0.34,0.76,0.5,Xiaomi,China,Mid-Range,New,506631,6.9,Physical Store,Cash,0,2,0.569,0.524,1.0,0.639,1.0,1.0,0.622,0.71,1
CUST_01617,18,Female,Tanga,Christian,Others,Secondary,"500,001-1,000,000",Halopesa,1,0.36,0.78,0.86,0.7,Samsung,South Korea,Premium,New,771989,9.7,Physical Store,Card,0,1,0.498,0.834,1.0,0.812,1.0,1.0,0.937,0.83,1
CUST_04909,20,Male,Arusha,Muslim,Others,Secondary,"<200,000",M-Pesa,4,0.4,1.0,0.56,0.5,Vivo,China,Mid-Range,New,342002,7.3,Physical Store,Cash,1,1,0.145,0.409,0.9,0.597,1.0,1.0,0.474,0.77,1
CUST_00277,20,Male,Dar es Salaam,Christian,Others,Diploma,"200,000-500,000",M-Pesa,4,0.08,0.88,0.58,0.7,Nokia,Finland,Mid-Range,New,392945,6.5,Physical Store,Mobile Money,0,2,0.136,0.377,1.0,0.502,1.0,1.0,0.449,0.71,1
CUST_03311,15,Male,Tanga,Muslim,Gogo,Bachelor,"200,000-500,000",M-Pesa,3,0.31,0.8,0.61,0.0,Vivo,China,Mid-Range,New,428603,6.6,Online,Cash,0,2,0.143,0.403,0.9,0.879,1.0,1.0,0.473,0.71,0
CUST_04570,33,Female,Mwanza,Christian,Haya,No formal,"500,001-1,000,000",M-Pesa,2,0.37,0.46,0.71,0.3,Oppo,China,Mid-Range,New,572265,7.8,Physical Store,Mobile Money,0,2,0.342,0.554,1.0,0.898,1.0,1.0,0.807,0.75,0
CUST_02826,19,Female,Dar es Salaam,Christian,Others,Diploma,"200,000-500,000",M-Pesa,4,0.46,1.0,0.55,0.0,Tecno,China,Mid-Range,New,298133,6.3,Online,Cash,0,1,0.255,0.347,1.0,0.662,1.0,1.0,0.627,0.72,1
CUST_00469,38,Female,Dar es Salaam,Muslim,Sukuma,Diploma,"200,000-500,000",Tigo Pesa,4,0.65,0.84,0.63,0.7,Samsung,South Korea,Premium,New,2372109,9.9,Online,Card,0,1,0.0,0.624,0.9,0.606,1.0,1.0,0.52,0.52,1
CUST_01042,29,Female,Dar es Salaam,Christian,Others,Primary,"<200,000",Airtel Money,3,0.55,0.89,0.46,0.5,Tecno,China,Mid-Range,New,563592,7.3,Physical Store,Mobile Money,0,2,0.0,0.336,1.0,0.629,1.0,1.0,0.422,0.73,1
CUST_00247,28,Female,Dodoma,Christian,Chagga,Bachelor,"200,000-500,000",Tigo Pesa,1,0.13,0.77,0.36,0.3,Vivo,China,Mid-Range,New,463101,7.2,Physical Store,Cash,1,2,0.109,0.259,1.0,0.517,1.0,1.0,0.459,0.74,0
CUST_03189,37,Female,Zanzibar,Christian,Nyamwezi,Bachelor,"200,000-500,000",Halopesa,1,0.07,0.96,0.66,0.3,Itel,China,Budget,New,237213,4.3,Physical Store,Mobile Money,1,2,0.0,0.284,1.0,0.51,1.0,1.0,0.496,0.61,1
CUST_03636,24,Male,Mwanza,Muslim,Others,No formal,">2,000,000",Airtel Money,1,0.28,0.12,0.49,0.3,Apple,USA,Premium,New,863049,9.1,Physical Store,Card,0,1,0.914,0.446,0.9,1.014,1.0,1.0,0.958,0.77,1
CUST_03808,21,Male,Mbeya,Muslim,Others,Primary,"500,001-1,000,000",M-Pesa,2,0.41,0.5,0.41,0.5,Itel,China,Budget,New,233569,6.7,Physical Store,Cash,0,1,0.221,0.275,0.9,0.679,1.0,1.0,0.26,0.76,1
CUST_03680,31,Female,Zanzibar,Christian,Others,Primary,"200,000-500,000",Airtel Money,2,0.26,0.98,0.48,0.5,Tecno,China,Mid-Range,New,440615,6.5,Physical Store,Mobile Money,1,2,0.0,0.312,1.0,0.57,1.0,1.0,0.37,0.7,1
CUST_04231,43,Male,Arusha,Muslim,Chagga,No formal,"1,000,001-2,000,000",Tigo Pesa,2,0.26,0.23,0.36,0.5,Samsung,South Korea,Premium,New,1031545,9.7,Physical Store,Cash,0,2,0.802,0.349,0.9,1.113,1.0,1.0,0.736,0.78,1
CUST_04440,22,Female,Zanzibar,Muslim,Others,Secondary,"200,000-500,000",Airtel Money,4,0.18,0.98,0.38,0.7,Itel,China,Budget,New,215475,5.6,Physical Store,Mobile Money,0,2,0.0,0.213,0.9,0.846,1.0,1.0,0.478,0.69,1
CUST_00470,15,Male,Dar es Salaam,Muslim,Nyamwezi,Primary,"200,000-500,000",Airtel Money,3,0.11,0.78,0.83,0.5,Tecno,China,Mid-Range,New,440625,6.9,Mobile,Mobile Money,0,1,0.141,0.573,0.9,0.681,1.0,1.0,0.476,0.73,1
CUST_00692,20,Female,Mbeya,Christian,Nyamwezi,Secondary,">2,000,000",None,3,0.16,0.33,0.8,0.5,Apple,USA,Premium,New,1488996,9.4,Physical Store,Mobile Money,1,12,0.591,0.752,1.0,0.778,1.0,1.0,0.751,0.67,1
CUST_03188,30,Male,Mbeya,Muslim,Others,No formal,"200,000-500,000",Airtel Money,4,0.14,0.79,0.4,0.5,Tecno,China,Mid-Range,New,365518,6.9,Mobile,Cash,0,2,0.278,0.276,0.9,0.589,1.0,1.0,0.539,0.74,0
CUST_01985,22,Male,Morogoro,Christian,Sukuma,Primary,"1,000,001-2,000,000",Airtel Money,1,0.42,0.44,0.49,0.3,Infinix,China,Mid-Range,New,436999,6.3,Physical Store,Cash,0,2,0.519,0.309,1.0,0.77,1.0,1.0,0.383,0.69,1
CUST_03124,36,Female,Arusha,Christian,Others,Secondary,"200,000-500,000",Halopesa,3,0.11,0.92,0.57,0.3,Apple,USA,Premium,New,889074,9.0,Physical Store,Cash,0,2,0.318,0.513,1.0,0.808,1.0,1.0,0.627,0.76,1
CUST_02305,26,Female,Zanzibar,Muslim,Makonde,Primary,"200,000-500,000",Tigo Pesa,2,0.04,0.88,0.41,0.3,Huawei,China,Premium,Used,388886,7.5,Physical Store,Cash,0,2,0.715,0.308,0.9,0.602,0.6,1.0,0.418,0.77,1
CUST_04819,31,Male,Dar es Salaam,Christian,Others,Secondary,"500,001-1,000,000",Tigo Pesa,2,0.18,0.63,0.74,0.3,Tecno,China,Mid-Range,New,471567,7.8,Physical Store,Cash,1,2,0.257,0.577,1.0,0.679,1.0,1.0,0.607,0.77,1
CUST_02276,33,Male,Mwanza,Christian,Sukuma,Secondary,"200,000-500,000",M-Pesa,3,0.22,0.75,0.55,0.5,Samsung,South Korea,Premium,New,1331331,9.9,Online,Cash,0,2,0.168,0.544,1.0,0.788,1.0,1.0,0.57,0.73,0
CUST_03087,19,Female,Zanzibar,Christian,Haya,Primary,"500,001-1,000,000",Airtel Money,4,0.2,0.49,0.64,0.5,Itel,China,Budget,Used,194303,4.1,Physical Store,Mobile Money,1,2,0.365,0.262,1.0,0.518,0.6,1.0,0.363,0.61,1
CUST_00231,24,Female,Tanga,Christian,Nyamwezi,Secondary,">2,000,000",M-Pesa,5,0.33,0.31,0.71,0.3,Infinix,China,Mid-Range,New,476713,7.1,Mobile,Mobile Money,0,12,0.631,0.504,1.0,0.742,1.0,1.0,0.671,0.73,1
CUST_01757,34,Male,Dar es Salaam,Christian,Others,Bachelor,"200,000-500,000",Airtel Money,2,0.22,0.98,0.53,0.5,Infinix,China,Mid-Range,New,326836,7.0,Physical Store,Mobile Money,1,1,0.199,0.371,1.0,0.844,1.0,1.0,0.529,0.75,0
CUST_02608,24,Male,Arusha,Muslim,Others,No formal,"200,000-500,000",Tigo Pesa,3,0.27,0.8,0.49,0.5,Vivo,China,Mid-Range,New,577953,6.6,Online,Cash,0,2,0.0,0.323,0.9,0.877,1.0,1.0,0.525,0.68,1
CUST_00435,27,Male,Zanzibar,Christian,Gogo,Diploma,"<200,000",Halopesa,4,0.49,0.86,0.48,0.3,Tecno,China,Mid-Range,New,443889,7.2,Physical Store,Card,1,12,0.046,0.346,1.0,0.569,1.0,1.0,0.6,0.74,1
CUST_00103,15,Male,Mwanza,Christian,Others,Secondary,">2,000,000",M-Pesa,2,0.27,0.12,0.61,1.0,Oppo,China,Mid-Range,New,593771,8.0,Physical Store,Cash,0,2,0.822,0.488,1.0,0.63,1.0,0.8,0.711,0.76,1
CUST_01494,20,Female,Dar es Salaam,Christian,Others,Bachelor,"1,000,001-2,000,000",M-Pesa,4,0.44,0.41,0.6,0.5,Samsung,South Korea,Premium,New,921229,8.3,Physical Store,Cash,1,2,0.685,0.498,1.0,0.918,1.0,1.0,0.605,0.71,1
CUST_02694,19,Female,Dar es Salaam,Muslim,Others,Primary,">2,000,000",M-Pesa,2,0.39,0.27,0.82,0.3,Samsung,South Korea,Premium,New,1409116,8.6,Physical Store,Cash,0,2,0.683,0.705,0.9,0.729,1.0,1.0,0.65,0.63,1
CUST_04925,25,Female,Mbeya,Christian,Sukuma,Primary,"200,000-500,000",Halopesa,1,0.4,0.99,0.39,0.0,Infinix,China,Mid-Range,New,427727,6.8,Physical Store,Cash,0,2,0.0,0.265,1.0,0.805,1.0,1.0,0.402,0.72,1
CUST_04000,30,Male,Tanga,Christian,Others,Bachelor,"<200,000",M-Pesa,2,0.35,0.9,0.71,0.7,Nokia,Finland,Mid-Range,New,524120,6.2,Physical Store,Cash,1,2,0.0,0.44,1.0,0.582,1.0,1.0,0.555,0.67,1
CUST_01374,21,Female,Arusha,Christian,Gogo,Secondary,"<200,000",Tigo Pesa,3,0.07,0.77,0.84,0.3,Infinix,China,Mid-Range,New,306800,6.2,Physical Store,Mobile Money,0,2,0.409,0.521,1.0,0.714,1.0,1.0,0.682,0.71,1
CUST_00192,45,Male,Tanga,Christian,Haya,Primary,"200,000-500,000",Tigo Pesa,2,0.3,0.99,0.67,0.5,Samsung,South Korea,Premium,New,1306394,9.2,Online,Card,1,2,0.0,0.616,1.0,0.685,1.0,1.0,0.55,0.69,1
CUST_03059,28,Female,Dodoma,Christian,Nyamwezi,Bachelor,"200,000-500,000",M-Pesa,4,0.21,0.81,0.75,0.0,Tecno,China,Mid-Range,New,365990,6.3,Physical Store,Cash,0,2,0.259,0.473,1.0,0.8,1.0,1.0,0.48,0.7,1
CUST_02030,23,Male,Dar es Salaam,Muslim,Others,Secondary,"200,000-500,000",M-Pesa,3,0.28,0.82,0.53,0.3,Huawei,China,Premium,Used,1721038,8.7,Physical Store,Cash,0,10,0.0,0.461,0.9,0.746,0.6,1.0,0.486,0.58,1
CUST_03066,45,Male,Tanga,Muslim,Others,Secondary,"<200,000",Airtel Money,5,0.21,0.79,0.57,0.5,Infinix,China,Mid-Range,New,321033,7.8,Physical Store,Cash,0,2,0.366,0.445,0.9,0.537,1.0,1.0,0.535,0.8,1
CUST_02589,26,Female,Dodoma,Muslim,Makonde,Secondary,">2,000,000",None,4,0.31,0.23,0.72,1.0,Nokia,Finland,Mid-Range,Used,350984,6.5,Physical Store,Mobile Money,0,2,0.798,0.468,0.9,0.912,0.6,0.8,0.839,0.72,1
CUST_01808,26,Female,Dar es Salaam,Muslim,Others,Secondary,"500,001-1,000,000",M-Pesa,2,0.5,0.71,0.5,0.5,Apple,USA,Premium,New,2397303,8.8,Physical Store,Card,0,1,0.0,0.44,0.9,0.79,1.0,1.0,0.579,0.45,1
CUST_02086,29,Male,Morogoro,Christian,Nyamwezi,Primary,"200,000-500,000",Tigo Pesa,5,0.07,0.77,0.52,0.5,Samsung,South Korea,Premium,New,1266625,9.7,Physical Store,Cash,0,2,0.187,0.504,1.0,0.777,1.0,1.0,0.505,0.73,1
CUST_01397,28,Female,Dar es Salaam,Christian,Others,Primary,"200,000-500,000",Airtel Money,3,0.34,0.73,0.42,0.3,Tecno,China,Mid-Range,New,394389,6.5,Physical Store,Card,0,2,0.28,0.273,1.0,0.679,1.0,1.0,0.538,0.71,0
CUST_04990,15,Female,Mwanza,Christian,Others,Primary,"500,001-1,000,000",M-Pesa,1,0.65,0.59,0.67,0.5,Nokia,Finland,Mid-Range,New,290677,7.1,Physical Store,Cash,0,1,0.571,0.476,1.0,0.556,1.0,1.0,0.775,0.77,1
CUST_02028,41,Male,Morogoro,Christian,Others,No formal,"200,000-500,000",Tigo Pesa,4,0.4,0.92,0.46,0.0,Samsung,South Korea,Premium,New,1556800,9.7,Physical Store,Cash,1,1,0.0,0.446,1.0,1.104,1.0,1.0,0.475,0.67,1
CUST_03789,29,Male,Dar es Salaam,Christian,Nyamwezi,Master+,"200,000-500,000",M-Pesa,5,0.15,0.93,0.72,0.3,Itel,China,Budget,New,135609,5.7,Physical Store,Card,1,2,0.159,0.41,1.0,0.582,1.0,1.0,0.621,0.71,0
CUST_02397,40,Male,Dodoma,Muslim,Others,Bachelor,"1,000,001-2,000,000",Tigo Pesa,4,0.06,0.41,0.53,0.5,Infinix,China,Mid-Range,Used,442958,6.6,Online,Cash,1,2,0.546,0.35,0.9,0.807,0.6,1.0,0.376,0.71,1
CUST_03267,36,Female,Morogoro,Christian,Others,Diploma,"<200,000",Airtel Money,4,0.28,0.79,0.51,0.3,Xiaomi,China,Mid-Range,New,494839,7.1,Mobile,Cash,0,1,0.023,0.362,1.0,0.89,1.0,1.0,0.54,0.73,1
CUST_00727,41,Female,Dodoma,Christian,Chagga,Master+,"200,000-500,000",Airtel Money,1,0.65,0.88,0.37,0.7,Samsung,South Korea,Premium,New,1669256,9.4,Physical Store,Mobile Money,0,2,0.0,0.348,1.0,0.803,1.0,1.0,0.559,0.63,1
CUST_00998,28,Male,Dar es Salaam,Christian,Nyamwezi,Secondary,"<200,000",M-Pesa,3,0.12,0.92,0.38,0.5,Nokia,Finland,Mid-Range,New,319889,6.6,Physical Store,Cash,0,1,0.264,0.251,1.0,0.511,1.0,1.0,0.508,0.73,1
CUST_00089,15,Female,Mbeya,Christian,Haya,Primary,"200,000-500,000",M-Pesa,3,0.06,0.89,0.58,0.3,Tecno,China,Mid-Range,Used,297302,5.7,Physical Store,Cash,0,10,0.339,0.331,1.0,0.865,0.6,1.0,0.582,0.68,1
CUST_00314,24,Female,Tanga,Christian,Nyamwezi,Secondary,"<200,000",M-Pesa,3,0.28,0.84,0.73,1.0,Huawei,China,Premium,New,1505456,9.3,Physical Store,Cash,0,12,0.0,0.679,1.0,0.985,1.0,0.8,0.59,0.66,1
CUST_01964,29,Female,Mbeya,Christian,Others,Secondary,"1,000,001-2,000,000",Airtel Money,2,0.11,0.36,0.74,0.5,Vivo,China,Mid-Range,New,453495,6.1,Physical Store,Cash,0,2,0.592,0.451,1.0,0.885,1.0,1.0,0.743,0.68,1
CUST_01994,15,Male,Arusha,Christian,Others,Diploma,"<200,000",M-Pesa,5,0.38,0.9,0.6,0.7,Nokia,Finland,Mid-Range,New,372800,7.2,Physical Store,Cash,0,2,0.161,0.432,1.0,0.988,1.0,1.0,0.445,0.76,1
CUST_02856,28,Male,Tanga,Christian,Others,Secondary,"200,000-500,000",Airtel Money,4,0.03,0.89,0.52,0.5,Samsung,South Korea,Premium,New,861511,8.8,Physical Store,Mobile Money,0,1,0.361,0.458,1.0,0.654,1.0,1.0,0.665,0.76,1
CUST_01075,18,Male,Mwanza,Christian,Others,Secondary,"1,000,001-2,000,000",Halopesa,2,0.17,0.22,0.33,0.3,Xiaomi,China,Mid-Range,Used,437767,5.7,Physical Store,Cash,1,1,0.759,0.188,1.0,0.636,0.6,1.0,0.667,0.65,0
CUST_00273,29,Female,Morogoro,Christian,Sukuma,Secondary,"200,000-500,000",M-Pesa,3,0.34,0.77,0.54,0.3,Tecno,China,Mid-Range,New,385426,6.1,Mobile,Cash,0,2,0.258,0.329,1.0,0.627,1.0,1.0,0.602,0.69,1
CUST_03490,49,Female,Dar es Salaam,Christian,Nyamwezi,No formal,"200,000-500,000",Tigo Pesa,5,0.27,0.95,0.53,0.0,Vivo,China,Mid-Range,New,360550,6.9,Physical Store,Mobile Money,0,2,0.144,0.366,1.0,0.94,1.0,1.0,0.443,0.74,1
CUST_00826,23,Male,Zanzibar,Muslim,Gogo,Primary,"1,000,001-2,000,000",M-Pesa,3,0.26,0.36,0.51,0.3,Huawei,China,Premium,New,2301256,9.6,Online,Mobile Money,0,2,0.31,0.49,0.9,0.895,1.0,1.0,0.513,0.52,1
CUST_00010,25,Male,Dar es Salaam,Muslim,Others,Secondary,"200,000-500,000",Tigo Pesa,4,0.14,0.76,0.32,0.5,Infinix,China,Mid-Range,New,424251,6.7,Online,Mobile Money,0,2,0.194,0.214,0.9,0.658,1.0,1.0,0.333,0.72,0
CUST_02248,40,Male,Dar es Salaam,Christian,Sukuma,Diploma,"<200,000",M-Pesa,5,0.17,0.86,0.34,0.3,Samsung,South Korea,Premium,New,981964,8.8,Physical Store,Cash,1,1,0.296,0.299,1.0,1.1,1.0,1.0,0.637,0.73,1
CUST_02287,20,Female,Dar es Salaam,Muslim,Nyamwezi,Diploma,"500,001-1,000,000",Halopesa,3,0.23,0.61,0.31,0.3,Itel,China,Budget,Used,121811,3.8,Physical Store,Cash,0,2,0.505,0.118,0.9,0.667,0.6,1.0,0.332,0.6,1
CUST_00564,28,Male,Dodoma,Christian,Others,Secondary,"500,001-1,000,000",Halopesa,2,0.44,0.44,0.47,0.5,Nokia,Finland,Mid-Range,New,552697,6.9,Online,Mobile Money,0,2,0.392,0.324,1.0,0.664,1.0,1.0,0.662,0.7,1
CUST_03643,15,Female,Dar es Salaam,Christian,Haya,Master+,"<200,000",Airtel Money,4,0.07,0.88,0.88,0.5,Tecno,China,Mid-Range,Used,352256,7.0,Physical Store,Cash,0,11,0.225,0.616,1.0,0.64,0.6,1.0,0.551,0.75,1
CUST_03067,15,Male,Dar es Salaam,Christian,Others,No formal,"200,000-500,000",Tigo Pesa,4,0.13,0.76,0.79,0.0,Vivo,China,Mid-Range,New,579543,7.0,Physical Store,Mobile Money,1,2,0.0,0.553,1.0,0.811,1.0,1.0,0.661,0.7,0
CUST_00889,36,Female,Mwanza,Muslim,Others,Diploma,"1,000,001-2,000,000",Tigo Pesa,2,0.55,0.12,0.71,0.3,Samsung,South Korea,Premium,New,1863846,9.7,Physical Store,Mobile Money,1,2,0.814,0.689,0.9,1.172,1.0,1.0,1.079,0.61,1
CUST_03838,33,Male,Dodoma,Christian,Others,Diploma,"1,000,001-2,000,000",Airtel Money,5,0.38,0.36,0.78,0.0,Apple,USA,Premium,New,1344917,9.3,Physical Store,Mobile Money,0,2,0.597,0.725,1.0,0.678,1.0,1.0,0.845,0.69,1
CUST_00080,16,Female,Dar es Salaam,Other,Others,No formal,"<200,000",M-Pesa,3,0.26,0.8,0.52,1.0,Infinix,China,Mid-Range,New,556663,7.5,Physical Store,Mobile Money,1,2,0.0,0.39,1.0,0.691,1.0,0.8,0.536,0.74,0
CUST_02690,37,Male,Zanzibar,Christian,Sukuma,Primary,"<200,000",Tigo Pesa,4,0.44,0.8,0.31,0.5,Samsung,South Korea,Premium,New,770017,9.2,Physical Store,Mobile Money,1,1,0.487,0.285,1.0,1.086,1.0,1.0,0.726,0.8,1
CUST_01844,50,Female,Mbeya,Muslim,Others,Primary,"1,000,001-2,000,000",Tigo Pesa,4,0.1,0.3,0.46,1.0,Vivo,China,Mid-Range,New,301240,6.9,Physical Store,Cash,0,10,0.774,0.317,0.9,0.545,1.0,0.8,0.773,0.75,0
CUST_00190,33,Male,Morogoro,Muslim,Haya,Secondary,"1,000,001-2,000,000",Halopesa,2,0.71,0.44,0.71,0.7,Oppo,China,Mid-Range,New,321559,7.1,Physical Store,Card,0,11,0.646,0.504,0.9,0.778,1.0,1.0,0.576,0.76,1
CUST_00069,31,Female,Tanga,Muslim,Others,Diploma,"<200,000",Halopesa,5,0.29,0.95,0.8,0.5,Samsung,South Korea,Premium,New,1194190,9.1,Physical Store,Cash,1,1,0.055,0.728,0.9,0.773,1.0,1.0,0.792,0.71,1
CUST_01492,15,Female,Tanga,Christian,Others,Secondary,"500,001-1,000,000",M-Pesa,3,0.17,0.41,0.51,0.7,Oppo,China,Mid-Range,New,360434,6.7,Physical Store,Mobile Money,0,2,0.631,0.342,1.0,0.838,1.0,1.0,0.617,0.73,1
CUST_03727,30,Male,Dar es Salaam,Christian,Chagga,Diploma,"1,000,001-2,000,000",M-Pesa,2,0.16,0.3,0.63,0.5,Infinix,China,Mid-Range,Used,408865,5.7,Online,Cash,1,2,0.693,0.359,1.0,0.98,0.6,1.0,0.692,0.66,1
CUST_02894,28,Male,Dar es Salaam,Christian,Haya,Secondary,">2,000,000",Airtel Money,4,0.53,0.24,0.75,0.3,Xiaomi,China,Mid-Range,New,548129,6.4,Physical Store,Cash,0,2,0.671,0.48,1.0,0.727,1.0,1.0,0.465,0.67,1
CUST_04288,22,Female,Dodoma,Christian,Haya,Primary,"<200,000",Airtel Money,4,0.15,0.8,0.74,0.5,Itel,China,Budget,Used,128462,5.0,Physical Store,Mobile Money,0,1,0.315,0.37,1.0,0.592,0.6,1.0,0.479,0.67,1
CUST_03307,27,Male,Mwanza,Christian,Others,Primary,"<200,000",Airtel Money,3,0.25,0.92,0.6,0.7,Nokia,Finland,Mid-Range,Used,425310,5.9,Physical Store,Cash,0,2,0.022,0.354,1.0,0.68,0.6,1.0,0.424,0.67,1
CUST_00876,19,Male,Mwanza,Christian,Others,Secondary,"1,000,001-2,000,000",Halopesa,5,0.59,0.4,0.62,0.0,Huawei,China,Premium,New,1774436,9.9,Physical Store,Cash,0,2,0.409,0.614,1.0,0.996,1.0,1.0,0.78,0.64,1
CUST_04742,28,Female,Dar es Salaam,Muslim,Others,Bachelor,"<200,000",Airtel Money,2,0.15,0.88,0.37,0.3,Infinix,China,Mid-Range,Used,434369,5.7,Physical Store,Cash,0,1,0.044,0.211,0.9,0.677,0.6,1.0,0.636,0.66,1
CUST_04572,30,Female,Dar es Salaam,Christian,Others,Master+,"<200,000",Airtel Money,3,0.55,0.82,0.41,0.3,Infinix,China,Mid-Range,New,593804,6.5,Physical Store,Card,0,2,0.0,0.266,1.0,0.792,1.0,1.0,0.5,0.67,1
CUST_03537,38,Female,Dodoma,Christian,Others,Secondary,">2,000,000",Halopesa,3,0.05,0.4,0.38,0.5,Oppo,China,Mid-Range,Used,379612,5.1,Physical Store,Cash,0,2,0.62,0.194,1.0,0.553,0.6,1.0,0.551,0.63,1
CUST_03091,19,Male,Dodoma,Muslim,Sukuma,Primary,"<200,000",Tigo Pesa,1,0.1,0.77,0.8,0.5,Infinix,China,Mid-Range,New,557169,7.7,Physical Store,Cash,0,2,0.0,0.616,0.9,0.637,1.0,1.0,0.534,0.75,1
CUST_02438,50,Female,Dodoma,Muslim,Others,Diploma,"500,001-1,000,000",M-Pesa,2,0.02,0.47,0.84,0.0,Vivo,China,Mid-Range,New,370562,6.8,Physical Store,Cash,0,12,0.565,0.571,0.9,0.978,1.0,1.0,0.646,0.73,1
CUST_03028,15,Female,Mbeya,Christian,Others,Secondary,"200,000-500,000",None,4,0.25,0.9,0.57,0.3,Infinix,China,Mid-Range,Used,248694,6.8,Physical Store,Mobile Money,0,1,0.44,0.388,1.0,0.698,0.6,1.0,0.8,0.76,1
CUST_03559,26,Male,Arusha,Christian,Gogo,Primary,"<200,000",Tigo Pesa,4,0.31,0.84,0.43,0.7,Huawei,China,Premium,New,2101174,9.2,Online,Cash,0,2,0.0,0.396,1.0,0.866,1.0,1.0,0.426,0.53,1
CUST_02580,27,Female,Morogoro,Christian,Others,Primary,"200,000-500,000",M-Pesa,1,0.14,0.94,0.78,0.5,Samsung,South Korea,Premium,New,1850585,9.4,Physical Store,Mobile Money,0,2,0.0,0.733,1.0,0.731,1.0,1.0,0.521,0.59,1
CUST_03283,43,Female,Tanga,Christian,Nyamwezi,Primary,"200,000-500,000",M-Pesa,3,0.14,0.78,0.49,0.3,Tecno,China,Mid-Range,New,414413,7.3,Physical Store,Cash,0,2,0.192,0.358,1.0,0.747,1.0,1.0,0.622,0.76,1
CUST_00089,15,Female,Mbeya,Christian,Haya,Primary,"200,000-500,000",M-Pesa,3,0.06,0.89,0.58,0.3,Tecno,China,Mid-Range,New,272067,6.2,Physical Store,Mobile Money,0,2,0.395,0.36,1.0,0.915,1.0,1.0,0.418,0.72,1
CUST_01452,31,Female,Dar es Salaam,Muslim,Others,Primary,"500,001-1,000,000",M-Pesa,2,0.32,0.74,0.86,0.7,Tecno,China,Mid-Range,New,258516,6.3,Physical Store,Cash,0,2,0.522,0.542,0.9,0.747,1.0,1.0,0.686,0.73,0
CUST_00513,16,Female,Tanga,Christian,Others,No formal,"<200,000",None,5,0.42,0.88,0.47,0.7,Tecno,China,Mid-Range,New,518283,6.7,Physical Store,Cash,0,2,0.0,0.315,1.0,0.659,1.0,1.0,0.601,0.7,1
CUST_01442,39,Female,Arusha,Christian,Others,Primary,"200,000-500,000",Tigo Pesa,4,0.4,0.9,0.57,0.7,Infinix,China,Mid-Range,New,340301,6.3,Online,Cash,0,2,0.234,0.359,1.0,0.88,1.0,1.0,0.696,0.71,0
CUST_01670,22,Female,Dar es Salaam,Christian,Gogo,Secondary,"200,000-500,000",Tigo Pesa,1,0.3,0.79,0.62,0.5,Samsung,South Korea,Premium,New,1637394,8.6,Online,Mobile Money,1,12,0.0,0.533,1.0,1.12,1.0,1.0,0.57,0.59,1
CUST_00099,35,Female,Dodoma,Christian,Others,Secondary,"<200,000",M-Pesa,2,0.18,0.79,0.54,0.3,Infinix,China,Mid-Range,New,575229,7.7,Mobile,Mobile Money,0,1,0.0,0.416,1.0,0.817,1.0,1.0,0.645,0.75,1
CUST_03159,26,Male,Zanzibar,Christian,Others,Primary,"500,001-1,000,000",M-Pesa,4,0.12,0.8,0.52,0.0,Oppo,China,Mid-Range,Used,217618,5.6,Mobile,Cash,0,2,0.565,0.291,1.0,0.868,0.6,1.0,0.598,0.69,1
CUST_04622,15,Female,Arusha,Christian,Others,Bachelor,"200,000-500,000",M-Pesa,3,0.1,0.99,0.82,0.0,Huawei,China,Premium,Used,1157605,7.8,Physical Store,Cash,0,1,0.045,0.64,1.0,0.841,0.6,1.0,0.46,0.64,1
CUST_03548,24,Female,Dodoma,Muslim,Others,Secondary,"200,000-500,000",Tigo Pesa,5,0.22,0.93,0.73,0.7,Oppo,China,Mid-Range,New,516234,6.8,Online,Mobile Money,0,2,0.0,0.496,0.9,0.794,1.0,1.0,0.402,0.7,0
CUST_03908,18,Male,Dar es Salaam,Muslim,Nyamwezi,Secondary,"200,000-500,000",Tigo Pesa,4,0.31,0.88,0.54,0.3,Huawei,China,Premium,New,2068352,8.8,Physical Store,Mobile Money,0,1,0.0,0.475,0.9,0.706,1.0,1.0,0.334,0.51,1
CUST_04925,25,Female,Mbeya,Christian,Sukuma,Primary,"200,000-500,000",Halopesa,1,0.4,0.99,0.39,0.0,Oppo,China,Mid-Range,New,376607,7.1,Physical Store,Cash,0,2,0.068,0.277,1.0,0.69,1.0,1.0,0.346,0.75,1
CUST_03254,44,Female,Mbeya,Muslim,Others,Primary,"500,001-1,000,000",Airtel Money,4,0.68,0.51,0.71,0.5,Samsung,South Korea,Premium,New,1352543,8.1,Physical Store,Mobile Money,1,2,0.425,0.575,0.9,0.668,1.0,1.0,0.849,0.62,1
CUST_03369,22,Female,Morogoro,Muslim,Sukuma,Diploma,"200,000-500,000",Tigo Pesa,3,0.3,0.78,0.78,0.0,Apple,USA,Premium,New,1891283,9.9,Physical Store,Cash,1,12,0.0,0.772,0.9,0.972,1.0,1.0,0.6,0.62,1
CUST_01142,22,Male,Mwanza,Christian,Others,Primary,">2,000,000",Tigo Pesa,4,0.22,0.45,0.74,0.5,Nokia,Finland,Mid-Range,New,362237,7.7,Online,Mobile Money,1,2,0.592,0.57,1.0,0.941,1.0,1.0,0.491,0.79,1
CUST_01143,40,Female,Morogoro,Muslim,Others,Primary,"200,000-500,000",Tigo Pesa,3,0.28,0.78,0.74,0.5,Huawei,China,Premium,New,1446355,8.8,Online,Cash,0,1,0.06,0.651,0.9,0.697,1.0,1.0,0.51,0.64,1
CUST_02495,37,Male,Mwanza,Christian,Nyamwezi,Secondary,"500,001-1,000,000",M-Pesa,3,0.37,0.67,0.46,0.7,Apple,USA,Premium,New,1172664,9.4,Online,Mobile Money,0,2,0.345,0.432,1.0,0.996,1.0,1.0,0.504,0.73,1
CUST_04811,23,Male,Dar es Salaam,Muslim,Sukuma,Secondary,"500,001-1,000,000",Airtel Money,4,0.13,0.57,0.35,0.0,Samsung,South Korea,Premium,New,747257,9.2,Physical Store,Cash,0,1,0.645,0.322,0.9,0.841,1.0,1.0,0.549,0.8,1
CUST_00564,28,Male,Dodoma,Christian,Others,Secondary,"500,001-1,000,000",Halopesa,2,0.44,0.44,0.47,0.5,Xiaomi,China,Mid-Range,New,458594,7.9,Physical Store,Cash,0,2,0.496,0.371,1.0,0.902,1.0,1.0,0.61,0.78,1
CUST_01282,33,Male,Dar es Salaam,Muslim,Others,Secondary,"500,001-1,000,000",M-Pesa,4,0.35,0.7,0.4,0.3,Apple,USA,Premium,New,1443475,9.3,Physical Store,Card,0,2,0.158,0.372,0.9,1.057,1.0,1.0,0.513,0.67,1
CUST_00614,35,Male,Dodoma,Christian,Makonde,Secondary,"200,000-500,000",None,1,0.16,0.85,0.82,0.5,Vivo,China,Mid-Range,New,474226,7.9,Online,Mobile Money,1,1,0.0,0.648,1.0,0.591,1.0,1.0,0.492,0.78,1
CUST_00666,15,Male,Dar es Salaam,Christian,Gogo,Secondary,"500,001-1,000,000",M-Pesa,4,0.37,0.58,0.34,0.3,Nokia,Finland,Mid-Range,New,483730,6.2,Physical Store,Card,1,2,0.299,0.211,1.0,0.744,1.0,1.0,0.488,0.68,0
CUST_03735,15,Male,Dar es Salaam,Christian,Chagga,Bachelor,"<200,000",Halopesa,5,0.22,0.8,0.56,0.3,Nokia,Finland,Mid-Range,New,375145,6.8,Physical Store,Mobile Money,0,1,0.25,0.381,1.0,0.741,1.0,1.0,0.772,0.73,1
CUST_00100,30,Female,Mbeya,Christian,Others,Primary,"1,000,001-2,000,000",M-Pesa,4,0.22,0.13,0.54,0.0,Nokia,Finland,Mid-Range,New,418509,7.7,Physical Store,Mobile Money,1,2,0.864,0.416,1.0,0.957,1.0,1.0,0.697,0.78,1
CUST_03961,18,Male,Arusha,Muslim,Chagga,Secondary,"200,000-500,000",M-Pesa,3,0.32,0.71,0.58,0.5,Nokia,Finland,Mid-Range,New,394048,6.8,Physical Store,Cash,0,2,0.301,0.394,0.9,0.71,1.0,1.0,0.477,0.73,1
CUST_03269,32,Male,Dar es Salaam,Christian,Gogo,Primary,">2,000,000",M-Pesa,3,0.08,0.25,0.43,0.3,Itel,China,Budget,Used,55574,6.0,Physical Store,Mobile Money,0,12,0.907,0.258,1.0,0.623,0.6,1.0,0.515,0.75,1
CUST_04085,15,Female,Mwanza,Christian,Haya,Bachelor,"200,000-500,000",Tigo Pesa,3,0.11,0.8,0.51,0.5,Infinix,China,Mid-Range,New,289969,6.9,Physical Store,Mobile Money,1,1,0.42,0.352,1.0,0.514,1.0,1.0,0.515,0.76,1
CUST_01488,28,Male,Dar es Salaam,Muslim,Sukuma,Primary,"500,001-1,000,000",Halopesa,5,0.09,0.59,0.87,0.5,Huawei,China,Premium,New,1164420,9.8,Physical Store,Cash,0,1,0.427,0.853,0.9,0.657,1.0,1.0,0.644,0.76,0
CUST_01853,21,Male,Dar es Salaam,Muslim,Nyamwezi,No formal,"<200,000",Airtel Money,4,0.2,0.83,0.45,0.0,Nokia,Finland,Mid-Range,New,262447,6.9,Physical Store,Cash,0,2,0.455,0.311,0.9,0.707,1.0,1.0,0.498,0.76,1
CUST_02583,32,Male,Arusha,Christian,Gogo,Bachelor,">2,000,000",Halopesa,3,0.27,0.38,0.78,0.3,Oppo,China,Mid-Range,New,573173,6.4,Physical Store,Cash,0,2,0.455,0.499,1.0,0.584,1.0,1.0,0.617,0.67,0
CUST_01983,34,Male,Mwanza,Muslim,Others,Diploma,"200,000-500,000",Airtel Money,2,0.34,0.75,0.42,0.0,Tecno,China,Mid-Range,Used,152810,5.0,Physical Store,Cash,1,2,0.713,0.21,0.9,0.743,0.6,1.0,0.575,0.67,1
CUST_04707,23,Female,Dar es Salaam,Christian,Chagga,Primary,"500,001-1,000,000",M-Pesa,5,0.2,0.48,0.66,0.3,Tecno,China,Mid-Range,New,344121,7.5,Physical Store,Card,0,2,0.587,0.495,1.0,0.542,1.0,1.0,0.88,0.78,0
CUST_01085,19,Female,Morogoro,Christian,Others,Primary,"<200,000",Halopesa,3,0.14,0.79,0.52,0.7,Apple,USA,Premium,New,1306986,8.3,Mobile,Mobile Money,0,1,0.14,0.432,1.0,0.632,1.0,1.0,0.646,0.64,1
CUST_03629,22,Male,Dodoma,Christian,Makonde,Secondary,"200,000-500,000",Tigo Pesa,3,0.29,0.76,0.67,0.3,Samsung,South Korea,Premium,New,905061,8.1,Physical Store,Cash,0,2,0.427,0.543,1.0,1.145,1.0,1.0,0.634,0.7,1
CUST_02874,38,Male,Dodoma,Other,Others,No formal,"200,000-500,000",Tigo Pesa,4,0.23,0.84,0.85,0.3,Oppo,China,Mid-Range,New,434061,6.6,Online,Mobile Money,0,2,0.088,0.561,1.0,0.751,1.0,1.0,0.471,0.71,1
CUST_03529,25,Male,Mwanza,Christian,Others,No formal,"200,000-500,000",Halopesa,4,0.35,0.81,0.82,0.5,Infinix,China,Mid-Range,New,341102,6.2,Physical Store,Cash,0,2,0.309,0.508,1.0,0.816,1.0,1.0,0.682,0.7,1
CUST_04451,32,Male,Mbeya,Christian,Others,Bachelor,"200,000-500,000",M-Pesa,3,0.2,0.97,0.56,0.7,Tecno,China,Mid-Range,New,553954,7.8,Online,Cash,0,10,0.0,0.437,1.0,0.696,1.0,1.0,0.35,0.76,1
CUST_03966,32,Male,Mwanza,Christian,Others,Primary,"<200,000",Airtel Money,3,0.3,0.74,0.37,1.0,Infinix,China,Mid-Range,New,547241,7.2,Physical Store,Cash,0,2,0.0,0.266,1.0,0.841,1.0,0.8,0.545,0.72,1
CUST_04188,40,Male,Zanzibar,Muslim,Others,Primary,">2,000,000",Halopesa,2,0.21,0.37,0.61,0.7,Itel,China,Budget,Used,122267,6.0,Mobile,Mobile Money,0,1,0.698,0.366,0.9,0.956,0.6,1.0,0.658,0.74,1
CUST_02855,23,Male,Dar es Salaam,Christian,Others,Diploma,"<200,000",M-Pesa,3,0.04,0.78,0.81,0.5,Nokia,Finland,Mid-Range,New,401344,7.4,Physical Store,Cash,0,2,0.217,0.599,1.0,0.555,1.0,1.0,0.581,0.76,1
CUST_00214,38,Female,Dar es Salaam,Muslim,Nyamwezi,Secondary,"200,000-500,000",Tigo Pesa,2,0.02,0.87,0.41,0.3,Tecno,China,Mid-Range,New,486897,6.4,Physical Store,Cash,0,1,0.0,0.262,0.9,0.769,1.0,1.0,0.18,0.69,1
CUST_01022,28,Female,Dodoma,Christian,Sukuma,Secondary,"500,001-1,000,000",Airtel Money,4,0.09,0.78,0.35,0.5,Oppo,China,Mid-Range,New,385178,6.1,Physical Store,Cash,0,1,0.249,0.214,1.0,0.989,1.0,1.0,0.508,0.69,1
CUST_02428,26,Female,Dar es Salaam,Christian,Others,Primary,"1,000,001-2,000,000",M-Pesa,2,0.42,0.49,0.77,0.0,Vivo,China,Mid-Range,New,527033,7.7,Physical Store,Cash,0,2,0.354,0.593,1.0,0.512,1.0,1.0,0.803,0.76,1
CUST_01824,26,Male,Mwanza,Christian,Others,Primary,"200,000-500,000",M-Pesa,4,0.41,0.74,0.72,0.7,Huawei,China,Premium,New,1642452,9.0,Physical Store,Cash,0,2,0.0,0.648,1.0,0.61,1.0,1.0,0.442,0.61,1
CUST_00860,33,Male,Mwanza,Christian,Others,Diploma,"1,000,001-2,000,000",Halopesa,2,0.38,0.43,0.57,0.5,Samsung,South Korea,Premium,New,2322867,9.1,Physical Store,Mobile Money,0,1,0.168,0.519,1.0,1.135,1.0,1.0,0.424,0.48,1
CUST_01012,31,Female,Dar es Salaam,Muslim,Others,Bachelor,"500,001-1,000,000",Halopesa,3,0.46,0.49,0.39,0.3,Infinix,China,Mid-Range,New,553545,6.7,Physical Store,Cash,0,1,0.322,0.261,0.9,0.547,1.0,1.0,0.548,0.69,1
CUST_03215,18,Female,Mwanza,Muslim,Others,Secondary,"<200,000",M-Pesa,3,0.15,0.71,0.85,0.3,Apple,USA,Premium,New,662494,8.0,Physical Store,Cash,0,1,0.608,0.68,0.9,1.156,1.0,1.0,0.955,0.75,1
CUST_03422,26,Male,Mbeya,Muslim,Gogo,No formal,"200,000-500,000",Airtel Money,3,0.45,0.98,0.66,0.7,Itel,China,Budget,New,196296,5.2,Physical Store,Mobile Money,0,1,0.0,0.343,0.9,0.952,1.0,1.0,0.43,0.67,1
CUST_03773,38,Male,Mbeya,Christian,Nyamwezi,No formal,"200,000-500,000",Tigo Pesa,4,0.5,0.78,0.46,0.3,Vivo,China,Mid-Range,New,307710,7.6,Physical Store,Mobile Money,0,2,0.4,0.35,1.0,0.696,1.0,1.0,0.529,0.79,0
CUST_01598,25,Male,Arusha,Christian,Others,Diploma,"<200,000",Tigo Pesa,4,0.22,0.8,0.83,0.0,Huawei,China,Premium,New,1780017,8.6,Physical Store,Cash,1,1,0.0,0.714,1.0,0.928,1.0,1.0,0.621,0.56,1
CUST_02843,34,Female,Dar es Salaam,Christian,Others,Primary,"200,000-500,000",None,5,0.15,0.84,0.5,0.5,Vivo,China,Mid-Range,New,579701,6.8,Physical Store,Cash,0,2,0.0,0.34,1.0,0.874,1.0,1.0,0.485,0.69,1
CUST_02233,15,Male,Dar es Salaam,Muslim,Haya,Primary,"500,001-1,000,000",Tigo Pesa,4,0.4,0.61,0.4,0.3,Samsung,South Korea,Premium,New,2359847,8.2,Physical Store,Cash,0,2,0.0,0.328,0.9,1.173,1.0,1.0,0.53,0.42,1
CUST_00601,40,Male,Morogoro,Muslim,Others,Primary,"200,000-500,000",M-Pesa,2,0.19,0.73,0.67,0.0,Apple,USA,Premium,New,1927062,8.0,Physical Store,Mobile Money,1,2,0.0,0.536,0.9,0.748,1.0,1.0,0.605,0.49,1
CUST_01911,21,Female,Mbeya,Muslim,Others,Primary,"500,001-1,000,000",Halopesa,4,0.16,0.4,0.79,0.5,Infinix,China,Mid-Range,New,571703,7.3,Physical Store,Cash,1,2,0.428,0.577,0.9,0.521,1.0,1.0,0.625,0.72,1
CUST_00964,36,Male,Zanzibar,Muslim,Sukuma,Primary,"<200,000",M-Pesa,1,0.11,0.88,0.41,0.5,Apple,USA,Premium,New,1867453,8.8,Online,Cash,0,1,0.0,0.361,0.9,1.019,1.0,1.0,0.615,0.55,1
CUST_00451,36,Female,Dodoma,Christian,Others,No formal,"500,001-1,000,000",M-Pesa,3,0.1,0.47,0.65,0.5,Vivo,China,Mid-Range,New,360659,6.6,Physical Store,Cash,0,2,0.576,0.429,1.0,0.593,1.0,1.0,0.685,0.72,0
CUST_03322,33,Female,Morogoro,Muslim,Haya,Diploma,"200,000-500,000",Tigo Pesa,4,0.24,0.96,0.82,0.5,Apple,USA,Premium,New,1177842,10.0,Physical Store,Mobile Money,0,11,0.058,0.82,0.9,0.982,1.0,1.0,0.543,0.76,1
CUST_00490,30,Female,Arusha,Christian,Haya,Primary,"200,000-500,000",Airtel Money,3,0.07,0.89,0.39,0.5,Xiaomi,China,Mid-Range,New,250962,6.6,Physical Store,Mobile Money,0,12,0.442,0.257,1.0,0.776,1.0,1.0,0.634,0.75,1
CUST_03870,15,Female,Dodoma,Muslim,Others,Secondary,"1,000,001-2,000,000",M-Pesa,3,0.19,0.39,0.32,0.7,Apple,USA,Premium,New,1653667,8.9,Physical Store,Card,0,2,0.463,0.285,0.9,0.942,1.0,1.0,0.744,0.6,1
CUST_00078,46,Female,Dar es Salaam,Christian,Others,Secondary,"500,001-1,000,000",M-Pesa,4,0.31,0.58,0.69,0.5,Tecno,China,Mid-Range,New,599315,7.2,Physical Store,Mobile Money,0,1,0.131,0.497,1.0,0.756,1.0,1.0,0.494,0.71,1
CUST_01832,38,Female,Dar es Salaam,Muslim,Sukuma,Secondary,"<200,000",Airtel Money,3,0.5,0.86,0.76,0.5,Itel,China,Budget,New,200897,5.7,Physical Store,Mobile Money,0,2,0.0,0.433,0.9,0.796,1.0,1.0,0.415,0.7,1
CUST_00366,31,Male,Morogoro,Christian,Others,No formal,"<200,000",M-Pesa,4,0.14,0.79,0.45,0.3,Infinix,China,Mid-Range,New,400035,7.5,Physical Store,Mobile Money,1,1,0.21,0.338,1.0,0.947,1.0,1.0,0.482,0.77,1
CUST_01299,27,Female,Tanga,Christian,Others,Primary,"200,000-500,000",M-Pesa,4,0.29,0.7,0.86,0.5,Infinix,China,Mid-Range,New,419256,6.8,Mobile,Mobile Money,1,2,0.266,0.585,1.0,0.81,1.0,1.0,0.688,0.72,1
CUST_04046,30,Male,Arusha,Christian,Chagga,Secondary,"200,000-500,000",Tigo Pesa,3,0.04,0.76,0.84,0.0,Tecno,China,Mid-Range,New,444006,7.0,Online,Cash,0,2,0.156,0.588,1.0,0.795,1.0,1.0,0.68,0.73,0
CUST_00563,24,Male,Dodoma,Christian,Chagga,Secondary,"<200,000",M-Pesa,5,0.29,0.8,0.71,0.0,Samsung,South Korea,Premium,New,2016591,9.6,Physical Store,Cash,0,2,0.0,0.682,1.0,1.135,1.0,1.0,0.569,0.57,1
CUST_00077,23,Male,Dodoma,Christian,Sukuma,Secondary,"<200,000",M-Pesa,1,0.31,0.91,0.78,0.3,Apple,USA,Premium,New,995539,8.8,Physical Store,Cash,0,2,0.245,0.686,1.0,0.837,1.0,1.0,0.701,0.73,0
CUST_00155,35,Male,Mbeya,Christian,Others,Secondary,"200,000-500,000",M-Pesa,4,0.17,0.72,0.8,0.0,Infinix,China,Mid-Range,New,553915,6.0,Physical Store,Card,0,2,0.003,0.48,1.0,0.775,1.0,1.0,0.572,0.65,1
CUST_01031,15,Female,Dodoma,Muslim,Nyamwezi,Secondary,"200,000-500,000",Airtel Money,2,0.31,0.81,0.68,0.0,Itel,China,Budget,New,143170,6.6,Mobile,Card,0,12,0.227,0.449,0.9,0.616,1.0,1.0,0.397,0.77,1
CUST_03542,15,Male,Dodoma,Christian,Others,Primary,"<200,000",Halopesa,2,0.19,0.78,0.63,0.5,Vivo,China,Mid-Range,New,276289,6.2,Physical Store,Mobile Money,0,1,0.461,0.391,1.0,0.735,1.0,1.0,0.524,0.72,1
CUST_02350,30,Female,Dodoma,Christian,Others,Primary,"500,001-1,000,000",M-Pesa,2,0.31,0.42,0.45,0.3,Nokia,Finland,Mid-Range,New,548474,7.9,Mobile,Mobile Money,0,1,0.424,0.356,1.0,0.666,1.0,1.0,0.608,0.76,1
CUST_00501,46,Male,Mwanza,Christian,Others,Secondary,"<200,000",M-Pesa,4,0.44,0.78,0.44,0.0,Xiaomi,China,Mid-Range,New,477315,7.9,Physical Store,Cash,1,1,0.069,0.348,1.0,0.844,1.0,1.0,0.521,0.78,1
CUST_04771,35,Female,Dar es Salaam,Muslim,Haya,Diploma,"<200,000",Airtel Money,2,0.15,0.75,0.81,0.3,Tecno,China,Mid-Range,New,439760,7.3,Physical Store,Mobile Money,0,2,0.175,0.591,0.9,0.724,1.0,1.0,0.39,0.75,1
CUST_01619,24,Female,Zanzibar,Christian,Others,No formal,"200,000-500,000",Halopesa,5,0.28,0.85,0.78,0.5,Apple,USA,Premium,New,1913035,8.2,Physical Store,Cash,0,2,0.0,0.64,1.0,1.098,1.0,1.0,0.678,0.51,1
CUST_00115,31,Female,Dar es Salaam,Muslim,Haya,No formal,"200,000-500,000",Tigo Pesa,4,0.36,0.88,0.71,0.7,Infinix,China,Mid-Range,New,523523,7.2,Mobile,Card,0,1,0.0,0.511,0.9,0.75,1.0,1.0,0.444,0.73,1
CUST_03534,31,Male,Zanzibar,Christian,Others,Master+,"<200,000",M-Pesa,5,0.01,0.79,0.87,0.3,Huawei,China,Premium,New,2371665,8.8,Physical Store,Cash,0,1,0.0,0.766,1.0,0.938,1.0,1.0,0.567,0.45,1
CUST_00446,20,Female,Mwanza,Christian,Gogo,Secondary,"500,001-1,000,000",M-Pesa,3,0.41,0.43,0.81,0.3,Huawei,China,Premium,New,2208552,8.3,Online,Mobile Money,0,2,0.209,0.672,1.0,0.621,1.0,1.0,0.464,0.46,1
CUST_00252,18,Female,Arusha,Christian,Others,Primary,"500,001-1,000,000",M-Pesa,4,0.1,0.55,0.34,0.3,Tecno,China,Mid-Range,New,514641,6.2,Mobile,Card,1,2,0.292,0.211,1.0,0.928,1.0,1.0,0.592,0.67,1
CUST_04889,15,Female,Dar es Salaam,Muslim,Nyamwezi,Secondary,"200,000-500,000",Airtel Money,2,0.2,0.89,0.5,0.5,Tecno,China,Mid-Range,New,315258,6.2,Physical Store,Mobile Money,0,1,0.299,0.31,0.9,0.757,1.0,1.0,0.654,0.71,1
CUST_04729,15,Male,Zanzibar,Other,Sukuma,No formal,"1,000,001-2,000,000",Tigo Pesa,5,0.09,0.41,0.61,0.5,Infinix,China,Mid-Range,Used,248644,5.2,Physical Store,Cash,0,1,0.745,0.317,1.0,0.558,0.6,1.0,0.68,0.66,1
CUST_02283,23,Male,Dar es Salaam,Muslim,Others,Secondary,"200,000-500,000",M-Pesa,2,0.27,0.79,0.82,0.5,Oppo,China,Mid-Range,Used,385082,5.6,Physical Store,Mobile Money,0,1,0.239,0.459,0.9,0.802,0.6,1.0,0.492,0.66,1
CUST_04830,33,Female,Tanga,Christian,Makonde,Primary,"<200,000",Tigo Pesa,3,0.13,0.72,0.83,0.5,Tecno,China,Mid-Range,New,414394,6.9,Physical Store,Cash,0,2,0.254,0.573,1.0,0.802,1.0,1.0,0.803,0.73,0
CUST_04119,18,Female,Dodoma,Christian,Others,Diploma,"200,000-500,000",Halopesa,1,0.36,0.8,0.38,0.7,Tecno,China,Mid-Range,New,313448,7.5,Physical Store,Cash,0,1,0.373,0.285,1.0,0.914,1.0,1.0,0.552,0.79,1
CUST_02978,36,Female,Zanzibar,Muslim,Sukuma,Diploma,"200,000-500,000",Tigo Pesa,3,0.33,0.87,0.8,0.3,Infinix,China,Mid-Range,New,535846,7.1,Physical Store,Mobile Money,0,1,0.0,0.568,0.9,0.826,1.0,1.0,0.831,0.72,1
CUST_02832,31,Female,Mbeya,Other,Gogo,Master+,"200,000-500,000",M-Pesa,3,0.37,0.85,0.58,0.0,Huawei,China,Premium,New,832143,9.7,Online,Mobile Money,0,1,0.411,0.563,1.0,0.578,1.0,1.0,0.678,0.82,1
CUST_02826,19,Female,Dar es Salaam,Christian,Others,Diploma,"200,000-500,000",M-Pesa,4,0.46,1.0,0.55,0.0,Huawei,China,Premium,New,2233719,8.3,Physical Store,Cash,1,1,0.0,0.457,1.0,0.95,1.0,1.0,0.325,0.45,1
CUST_00173,32,Male,Dar es Salaam,Christian,Others,Primary,"200,000-500,000",M-Pesa,5,0.24,0.7,0.74,1.0,Vivo,China,Mid-Range,New,304784,7.3,Mobile,Mobile Money,1,1,0.467,0.54,1.0,0.669,1.0,0.8,0.478,0.78,1
CUST_02355,20,Male,Dodoma,Muslim,Others,Primary,"200,000-500,000",Halopesa,3,0.2,1.0,0.41,0.5,Tecno,China,Mid-Range,Used,333482,5.7,Physical Store,Card,0,11,0.166,0.234,0.9,0.986,0.6,1.0,0.456,0.68,1
CUST_00166,32,Male,Dar es Salaam,Christian,Makonde,Bachelor,"<200,000",None,5,0.31,0.83,0.66,0.0,Huawei,China,Premium,New,2049034,9.5,Physical Store,Cash,0,2,0.0,0.627,1.0,0.985,1.0,1.0,0.518,0.56,0
CUST_00650,23,Male,Mwanza,Christian,Others,Primary,"1,000,001-2,000,000",M-Pesa,1,0.29,0.23,0.5,0.5,Itel,China,Budget,New,209771,4.4,Mobile,Mobile Money,0,1,0.678,0.22,1.0,0.506,1.0,1.0,0.693,0.62,1
CUST_01491,45,Female,Tanga,Muslim,Nyamwezi,No formal,"200,000-500,000",M-Pesa,1,0.68,0.94,0.58,0.5,Infinix,China,Mid-Range,Used,270419,5.7,Physical Store,Card,0,2,0.365,0.331,0.9,0.581,0.6,1.0,0.656,0.69,1
CUST_03757,16,Male,Dar es Salaam,Christian,Sukuma,Secondary,"200,000-500,000",Halopesa,4,0.55,0.7,0.57,0.5,Nokia,Finland,Mid-Range,New,500161,6.2,Physical Store,Mobile Money,0,2,0.125,0.353,1.0,0.511,1.0,1.0,0.513,0.67,1
CUST_02552,41,Female,Arusha,Christian,Nyamwezi,Secondary,"<200,000",Tigo Pesa,2,0.28,0.87,0.31,0.5,Oppo,China,Mid-Range,New,561051,7.2,Physical Store,Cash,0,2,0.0,0.223,1.0,0.574,1.0,1.0,0.263,0.72,1
CUST_04156,15,Female,Tanga,Christian,Chagga,Bachelor,"<200,000",Halopesa,4,0.49,0.97,0.8,0.0,Itel,China,Budget,New,93542,6.2,Physical Store,Cash,1,2,0.395,0.496,1.0,0.758,1.0,1.0,0.71,0.75,1
CUST_01612,22,Male,Dar es Salaam,Muslim,Others,Secondary,"1,000,001-2,000,000",M-Pesa,3,0.21,0.42,0.4,0.7,Tecno,China,Mid-Range,New,424013,6.5,Mobile,Cash,0,2,0.555,0.26,0.9,0.507,1.0,1.0,0.604,0.71,1
CUST_03513,19,Female,Zanzibar,Christian,Gogo,Primary,"500,001-1,000,000",Halopesa,4,0.19,0.72,0.68,0.3,Tecno,China,Mid-Range,New,433860,6.4,Physical Store,Mobile Money,0,8,0.219,0.435,1.0,0.923,1.0,1.0,0.81,0.7,1
CUST_03357,36,Male,Mbeya,Muslim,Others,No formal,"500,001-1,000,000",Airtel Money,4,0.08,0.6,0.86,0.3,Xiaomi,China,Mid-Range,New,451999,6.7,Physical Store,Cash,0,2,0.322,0.576,0.9,0.801,1.0,1.0,0.601,0.71,1
CUST_02885,15,Female,Dar es Salaam,Christian,Sukuma,Master+,"500,001-1,000,000",Airtel Money,3,0.35,0.68,0.84,0.3,Xiaomi,China,Mid-Range,New,294647,7.5,Physical Store,Cash,0,2,0.499,0.63,1.0,0.594,1.0,1.0,0.667,0.79,1
CUST_00720,31,Male,Arusha,Christian,Sukuma,Primary,"500,001-1,000,000",Tigo Pesa,2,0.22,0.47,0.58,0.5,Nokia,Finland,Mid-Range,New,406484,6.7,Physical Store,Cash,0,1,0.522,0.389,1.0,0.99,1.0,1.0,0.716,0.72,1
CUST_01139,40,Male,Arusha,Muslim,Sukuma,Master+,"500,001-1,000,000",None,2,0.41,0.69,0.52,0.0,Samsung,South Korea,Premium,New,1953050,9.6,Physical Store,Cash,0,1,0.0,0.499,0.9,0.964,1.0,1.0,0.598,0.59,1
CUST_02000,27,Female,Morogoro,Christian,Haya,No formal,"<200,000",M-Pesa,3,0.21,0.71,0.31,0.7,Apple,USA,Premium,New,1142748,8.6,Physical Store,Cash,0,2,0.324,0.267,1.0,1.093,1.0,1.0,0.812,0.69,0
CUST_03070,45,Male,Dar es Salaam,Christian,Sukuma,No formal,"200,000-500,000",M-Pesa,4,0.18,0.83,0.63,0.3,Samsung,South Korea,Premium,New,1344243,8.5,Physical Store,Cash,0,2,0.07,0.536,1.0,0.729,1.0,1.0,0.571,0.64,1
CUST_04156,15,Female,Tanga,Christian,Chagga,Bachelor,"<200,000",Halopesa,4,0.49,0.97,0.8,0.0,Oppo,China,Mid-Range,New,292365,6.3,Physical Store,Cash,0,2,0.291,0.504,1.0,0.904,1.0,1.0,0.91,0.72,1
CUST_01642,38,Male,Zanzibar,Muslim,Sukuma,Diploma,"<200,000",M-Pesa,2,0.1,0.94,0.34,0.3,Samsung,South Korea,Premium,New,1325071,9.2,Online,Mobile Money,0,2,0.0,0.313,0.9,0.91,1.0,1.0,0.608,0.69,1
CUST_03191,18,Male,Dodoma,Other,Makonde,Secondary,"500,001-1,000,000",Airtel Money,1,0.17,0.58,0.42,0.3,Samsung,South Korea,Premium,New,935141,8.7,Physical Store,Card,0,2,0.548,0.365,1.0,0.908,1.0,1.0,0.675,0.73,1
CUST_04317,55,Male,Dodoma,Christian,Haya,Secondary,"200,000-500,000",Airtel Money,4,0.08,0.8,0.74,0.0,Huawei,China,Premium,Used,968104,7.5,Physical Store,Cash,0,1,0.355,0.555,1.0,0.557,0.6,1.0,0.377,0.66,1
CUST_00788,45,Female,Dar es Salaam,Christian,Others,Primary,"200,000-500,000",M-Pesa,3,0.39,0.77,0.88,0.5,Vivo,China,Mid-Range,New,337746,7.6,Physical Store,Cash,0,2,0.35,0.669,1.0,0.575,1.0,1.0,0.559,0.79,1
CUST_04976,35,Male,Tanga,Christian,Gogo,Secondary,"<200,000",Tigo Pesa,5,0.53,0.97,0.41,0.3,Vivo,China,Mid-Range,New,284575,6.8,Online,Cash,0,2,0.31,0.279,1.0,0.977,1.0,1.0,0.583,0.75,1
CUST_01880,28,Female,Dar es Salaam,Christian,Nyamwezi,No formal,"200,000-500,000",M-Pesa,3,0.18,0.83,0.48,0.0,Nokia,Finland,Mid-Range,New,276747,6.6,Physical Store,Card,0,2,0.426,0.317,1.0,0.776,1.0,1.0,0.552,0.74,0
CUST_00509,37,Male,Mwanza,Muslim,Haya,No formal,"1,000,001-2,000,000",M-Pesa,4,0.12,0.34,0.76,0.7,Tecno,China,Mid-Range,New,423614,6.2,Physical Store,Cash,1,2,0.64,0.471,0.9,0.608,1.0,1.0,0.744,0.69,0
CUST_00839,30,Male,Tanga,Christian,Sukuma,Secondary,"200,000-500,000",M-Pesa,5,0.12,0.9,0.79,0.7,Huawei,China,Premium,New,717429,8.6,Online,Cash,0,2,0.462,0.679,1.0,0.917,1.0,1.0,0.81,0.77,1
CUST_00120,24,Female,Tanga,Christian,Chagga,No formal,"200,000-500,000",M-Pesa,1,0.49,0.8,0.84,0.0,Xiaomi,China,Mid-Range,New,295232,7.8,Physical Store,Mobile Money,0,2,0.41,0.655,1.0,0.569,1.0,1.0,0.605,0.81,0
CUST_04254,27,Female,Arusha,Christian,Sukuma,Diploma,"200,000-500,000",Tigo Pesa,5,0.29,0.85,0.57,0.5,Tecno,China,Mid-Range,New,289431,7.8,Mobile,Cash,1,2,0.385,0.445,1.0,0.72,1.0,1.0,0.629,0.81,1
CUST_01269,35,Female,Arusha,Christian,Others,Secondary,"200,000-500,000",M-Pesa,2,0.3,0.84,0.34,0.5,Xiaomi,China,Mid-Range,New,323287,7.0,Physical Store,Mobile Money,0,2,0.321,0.238,1.0,0.802,1.0,1.0,0.545,0.76,0
CUST_03712,41,Female,Dar es Salaam,Other,Sukuma,No formal,"1,000,001-2,000,000",None,3,0.15,0.22,0.68,0.5,Nokia,Finland,Mid-Range,New,308372,7.7,Physical Store,Cash,0,2,0.83,0.524,1.0,0.56,1.0,1.0,0.73,0.8,1
CUST_00960,32,Female,Mwanza,Christian,Sukuma,Bachelor,"200,000-500,000",M-Pesa,2,0.07,0.89,0.64,0.0,Itel,China,Budget,New,149255,5.9,Online,Mobile Money,0,2,0.114,0.378,1.0,0.795,1.0,1.0,0.382,0.72,1
CUST_04860,22,Female,Morogoro,Muslim,Others,Diploma,">2,000,000",Halopesa,3,0.27,0.25,0.42,0.7,Infinix,China,Mid-Range,New,515352,7.2,Physical Store,Cash,1,1,0.678,0.302,0.9,0.879,1.0,1.0,0.683,0.73,1
CUST_02102,37,Male,Arusha,Christian,Others,Secondary,"200,000-500,000",Tigo Pesa,3,0.45,0.79,0.51,0.3,Huawei,China,Premium,New,1185474,9.6,Physical Store,Cash,1,2,0.22,0.49,1.0,0.773,1.0,1.0,0.429,0.74,1
CUST_00524,17,Male,Mwanza,Christian,Sukuma,Diploma,"200,000-500,000",Tigo Pesa,5,0.29,0.71,0.37,0.3,Tecno,China,Mid-Range,New,506410,6.6,Physical Store,Cash,0,2,0.101,0.244,1.0,0.684,1.0,1.0,0.576,0.69,1
CUST_00125,20,Female,Zanzibar,Muslim,Gogo,Bachelor,"<200,000",Tigo Pesa,2,0.21,0.82,0.85,0.5,Apple,USA,Premium,New,717392,8.4,Physical Store,Mobile Money,0,1,0.51,0.714,0.9,0.736,1.0,1.0,0.473,0.76,0
CUST_04702,35,Male,Arusha,Christian,Nyamwezi,No formal,"500,001-1,000,000",M-Pesa,2,0.29,0.59,0.78,1.0,Nokia,Finland,Mid-Range,New,462928,7.2,Physical Store,Cash,1,2,0.317,0.562,1.0,0.999,1.0,0.8,0.585,0.74,1
CUST_01945,48,Female,Dar es Salaam,Christian,Sukuma,Diploma,"200,000-500,000",M-Pesa,2,0.46,0.85,0.42,0.7,Huawei,China,Premium,New,1004687,8.4,Physical Store,Mobile Money,1,2,0.288,0.353,1.0,0.978,1.0,1.0,0.47,0.7,1
CUST_04170,32,Female,Dar es Salaam,Christian,Others,Primary,"<200,000",None,4,0.37,0.86,0.31,0.5,Vivo,China,Mid-Range,New,263160,6.7,Physical Store,Cash,0,2,0.434,0.208,1.0,0.562,1.0,1.0,0.599,0.75,1
CUST_02790,49,Female,Dar es Salaam,Muslim,Others,No formal,"200,000-500,000",M-Pesa,4,0.21,0.8,0.89,1.0,Oppo,China,Mid-Range,New,294541,7.0,Physical Store,Cash,0,1,0.411,0.623,0.9,0.81,1.0,0.8,0.589,0.76,1
CUST_02204,42,Female,Dar es Salaam,Christian,Gogo,Primary,"<200,000",Tigo Pesa,5,0.32,0.92,0.6,0.5,Nokia,Finland,Mid-Range,Used,430807,5.5,Physical Store,Cash,0,1,0.009,0.33,1.0,0.574,0.6,1.0,0.487,0.64,1
CUST_01217,41,Female,Dodoma,Muslim,Sukuma,Bachelor,"200,000-500,000",Tigo Pesa,1,0.02,0.91,0.36,0.0,Nokia,Finland,Mid-Range,New,333769,6.7,Physical Store,Cash,1,1,0.241,0.241,0.9,0.516,1.0,1.0,0.5,0.74,1
CUST_04257,40,Male,Arusha,Christian,Sukuma,Primary,"200,000-500,000",M-Pesa,3,0.51,0.71,0.84,0.5,Xiaomi,China,Mid-Range,New,317397,7.2,Physical Store,Card,1,2,0.437,0.605,1.0,0.741,1.0,1.0,0.666,0.77,1
CUST_02177,30,Male,Dar es Salaam,Christian,Others,Secondary,"<200,000",M-Pesa,3,0.08,0.78,0.6,0.7,Apple,USA,Premium,New,809995,9.2,Physical Store,Cash,1,2,0.474,0.552,1.0,0.851,1.0,1.0,0.791,0.79,1
CUST_03795,33,Female,Morogoro,Christian,Others,Diploma,"200,000-500,000",Airtel Money,3,0.22,0.86,0.4,0.3,Huawei,China,Premium,New,2123796,10.0,Physical Store,Mobile Money,0,2,0.0,0.4,1.0,0.527,1.0,1.0,0.401,0.58,1
CUST_04628,32,Male,Tanga,Christian,Nyamwezi,Primary,"200,000-500,000",M-Pesa,2,0.2,0.84,0.38,0.7,Xiaomi,China,Mid-Range,Used,339984,6.2,Physical Store,Cash,1,2,0.286,0.236,1.0,0.95,0.6,1.0,0.531,0.7,1
CUST_03251,27,Male,Mwanza,Christian,Sukuma,No formal,"200,000-500,000",Halopesa,3,0.22,0.71,0.57,0.7,Tecno,China,Mid-Range,New,446152,6.1,Physical Store,Cash,1,2,0.208,0.348,1.0,0.79,1.0,1.0,0.367,0.68,1
CUST_04702,35,Male,Arusha,Christian,Nyamwezi,No formal,"500,001-1,000,000",M-Pesa,2,0.29,0.59,0.78,1.0,Itel,China,Budget,New,88035,4.2,Physical Store,Cash,0,8,0.654,0.328,1.0,0.654,1.0,0.8,0.766,0.63,1
CUST_04154,20,Female,Arusha,Christian,Others,Primary,"500,001-1,000,000",M-Pesa,5,0.44,0.73,0.52,0.3,Huawei,China,Premium,New,1111014,9.5,Physical Store,Mobile Money,0,11,0.324,0.494,1.0,0.975,1.0,1.0,0.682,0.75,1
CUST_00999,23,Female,Zanzibar,Christian,Others,Diploma,"500,001-1,000,000",Airtel Money,4,0.36,0.55,0.84,0.0,Huawei,China,Premium,New,2468025,10.0,Physical Store,Mobile Money,1,2,0.0,0.84,1.0,0.938,1.0,1.0,0.563,0.51,0
CUST_02389,35,Male,Zanzibar,Muslim,Others,No formal,"200,000-500,000",Tigo Pesa,1,0.18,0.88,0.87,0.5,Vivo,China,Mid-Range,New,297687,7.9,Online,Cash,0,2,0.345,0.687,0.9,0.815,1.0,1.0,0.422,0.81,1
CUST_01206,26,Male,Arusha,Other,Sukuma,No formal,"200,000-500,000",Airtel Money,3,0.13,0.79,0.79,0.5,Infinix,China,Mid-Range,Used,414478,5.8,Physical Store,Mobile Money,1,2,0.181,0.458,1.0,0.836,0.6,1.0,0.544,0.67,0
CUST_00545,45,Male,Mwanza,Christian,Gogo,Secondary,"200,000-500,000",Tigo Pesa,2,0.1,0.88,0.7,0.3,Infinix,China,Mid-Range,Used,222429,6.8,Physical Store,Card,1,2,0.511,0.476,1.0,0.793,0.6,1.0,0.595,0.76,1
CUST_04765,15,Female,Dar es Salaam,Christian,Others,Primary,"200,000-500,000",Airtel Money,3,0.16,0.74,0.51,0.3,Oppo,China,Mid-Range,New,355110,6.7,Online,Mobile Money,0,2,0.343,0.342,1.0,0.832,1.0,1.0,0.605,0.73,1
CUST_00169,19,Female,Arusha,Christian,Others,No formal,"500,001-1,000,000",M-Pesa,3,0.29,0.54,0.77,0.3,Itel,China,Budget,New,95564,5.0,Physical Store,Mobile Money,0,2,0.656,0.385,1.0,0.847,1.0,1.0,0.647,0.68,1
CUST_04689,18,Male,Arusha,Christian,Nyamwezi,No formal,"<200,000",Airtel Money,3,0.45,0.74,0.65,0.7,Huawei,China,Premium,New,1768454,8.7,Physical Store,Cash,0,2,0.0,0.565,1.0,0.774,1.0,1.0,0.4,0.57,1
CUST_01583,38,Female,Arusha,Christian,Makonde,Secondary,"200,000-500,000",M-Pesa,4,0.83,0.98,0.87,0.0,Samsung,South Korea,Premium,New,1400201,9.2,Physical Store,Mobile Money,0,2,0.0,0.8,1.0,0.943,1.0,1.0,0.77,0.67,1
CUST_01239,25,Male,Dar es Salaam,Christian,Others,No formal,"200,000-500,000",Tigo Pesa,3,0.44,0.72,0.68,0.7,Samsung,South Korea,Premium,Used,547986,7.1,Physical Store,Cash,0,2,0.671,0.483,1.0,1.009,0.6,1.0,0.786,0.72,1
CUST_03175,29,Male,Dar es Salaam,Muslim,Others,Secondary,"200,000-500,000",M-Pesa,3,0.49,0.83,0.66,0.5,Itel,China,Budget,New,94939,5.6,Physical Store,Cash,0,2,0.475,0.37,0.9,0.994,1.0,1.0,0.686,0.72,1
CUST_02129,31,Female,Tanga,Christian,Sukuma,Primary,"<200,000",Tigo Pesa,4,0.38,0.87,0.36,0.3,Huawei,China,Premium,New,2495170,8.5,Physical Store,Mobile Money,1,2,0.0,0.306,1.0,0.503,1.0,1.0,0.484,0.41,1
CUST_00228,22,Female,Mwanza,Christian,Others,Diploma,"200,000-500,000",Tigo Pesa,3,0.08,0.84,0.54,0.0,Nokia,Finland,Mid-Range,Used,205750,6.9,Physical Store,Cash,0,2,0.568,0.373,1.0,0.697,0.6,1.0,0.482,0.77,1
CUST_00948,31,Male,Tanga,Christian,Others,Primary,"500,001-1,000,000",Halopesa,5,0.23,0.64,0.54,1.0,Itel,China,Budget,New,128142,6.1,Mobile,Cash,0,2,0.453,0.329,1.0,0.926,1.0,0.8,0.505,0.74,1
CUST_03703,24,Male,Mwanza,Christian,Sukuma,Primary,"500,001-1,000,000",M-Pesa,1,0.36,0.72,0.34,0.3,Samsung,South Korea,Premium,New,1004059,8.5,Physical Store,Cash,1,12,0.398,0.289,1.0,0.717,1.0,1.0,0.61,0.71,1
CUST_04796,24,Male,Mbeya,Christian,Others,No formal,"200,000-500,000",M-Pesa,2,0.26,0.75,0.67,0.3,Samsung,South Korea,Premium,New,1498819,8.1,Physical Store,Card,1,1,0.063,0.543,1.0,0.941,1.0,1.0,0.627,0.59,1
CUST_03200,35,Male,Dodoma,Christian,Nyamwezi,Master+,"<200,000",Airtel Money,5,0.37,0.78,0.68,0.7,Tecno,China,Mid-Range,New,368620,7.2,Physical Store,Cash,0,2,0.281,0.49,1.0,0.834,1.0,1.0,0.593,0.76,0
CUST_00069,31,Female,Tanga,Muslim,Others,Diploma,"<200,000",Halopesa,5,0.29,0.95,0.8,0.5,Samsung,South Korea,Premium,New,1657952,8.9,Online,Cash,0,1,0.0,0.712,0.9,0.609,1.0,1.0,0.582,0.6,1
CUST_02174,20,Male,Morogoro,Christian,Others,Secondary,"200,000-500,000",M-Pesa,2,0.34,0.82,0.36,1.0,Xiaomi,China,Mid-Range,New,299794,7.8,Online,Cash,0,10,0.385,0.281,1.0,0.712,1.0,0.8,0.394,0.81,1
CUST_03331,20,Male,Dar es Salaam,Muslim,Others,Primary,"500,001-1,000,000",M-Pesa,5,0.31,0.52,0.51,0.0,Infinix,China,Mid-Range,New,313186,6.2,Physical Store,Mobile Money,1,2,0.593,0.316,0.9,0.884,1.0,1.0,0.592,0.71,1
CUST_03011,22,Male,Mbeya,Christian,Nyamwezi,Primary,">2,000,000",Tigo Pesa,4,0.1,0.36,0.86,0.0,Samsung,South Korea,Premium,New,1958535,8.4,Online,Cash,0,2,0.412,0.722,1.0,0.685,1.0,1.0,0.625,0.51,1
CUST_02989,25,Male,Mwanza,Muslim,Others,Master+,">2,000,000",Airtel Money,4,0.37,0.24,0.67,0.0,Apple,USA,Premium,New,2007816,9.7,Mobile,Mobile Money,0,2,0.598,0.65,0.9,0.949,1.0,1.0,0.872,0.58,1
CUST_04275,33,Female,Arusha,Christian,Others,Primary,"200,000-500,000",Airtel Money,5,0.35,0.88,0.67,0.3,Vivo,China,Mid-Range,New,255206,7.9,Physical Store,Mobile Money,0,2,0.439,0.529,1.0,0.795,1.0,1.0,0.8,0.82,1
CUST_04885,42,Male,Dodoma,Christian,Others,No formal,"200,000-500,000",M-Pesa,5,0.04,0.81,0.83,0.0,Huawei,China,Premium,New,1672136,8.9,Physical Store,Cash,0,2,0.0,0.739,1.0,0.629,1.0,1.0,0.371,0.6,1
CUST_03409,31,Male,Mbeya,Christian,Makonde,Diploma,"200,000-500,000",M-Pesa,3,0.1,0.76,0.32,0.3,Samsung,South Korea,Premium,New,1977092,8.6,Physical Store,Card,0,1,0.0,0.275,1.0,0.675,1.0,1.0,0.415,0.52,1
CUST_01881,36,Male,Dar es Salaam,Christian,Others,Secondary,"200,000-500,000",Halopesa,3,0.45,0.99,0.81,0.7,Tecno,China,Mid-Range,New,278230,8.0,Physical Store,Mobile Money,0,1,0.311,0.648,1.0,0.885,1.0,1.0,0.543,0.82,1
CUST_01538,44,Female,Dodoma,Muslim,Others,Primary,"200,000-500,000",M-Pesa,2,0.15,0.95,0.83,0.3,Samsung,South Korea,Premium,New,1191269,9.2,Online,Cash,1,1,0.057,0.764,0.9,0.769,1.0,1.0,0.535,0.71,1
CUST_00104,32,Male,Dodoma,Muslim,Chagga,No formal,"1,000,001-2,000,000",Tigo Pesa,2,0.46,0.41,0.31,0.3,Samsung,South Korea,Premium,New,1873077,9.8,Physical Store,Card,0,2,0.36,0.304,0.9,1.109,1.0,1.0,0.52,0.61,1
CUST_00412,21,Male,Mwanza,Other,Nyamwezi,Primary,"1,000,001-2,000,000",Tigo Pesa,3,0.06,0.26,0.69,0.5,Tecno,China,Mid-Range,Used,246426,6.4,Mobile,Mobile Money,0,11,0.84,0.442,1.0,0.845,0.6,1.0,0.655,0.73,1
CUST_00604,34,Female,Dar es Salaam,Christian,Sukuma,Primary,"<200,000",M-Pesa,5,0.2,0.82,0.85,0.0,Tecno,China,Mid-Range,Used,465535,6.3,Physical Store,Mobile Money,0,10,0.046,0.536,1.0,0.702,0.6,1.0,0.494,0.68,1
CUST_02492,15,Male,Dar es Salaam,Christian,Others,No formal,"200,000-500,000",M-Pesa,3,0.4,0.74,0.45,0.3,Xiaomi,China,Mid-Range,Used,171853,5.3,Physical Store,Mobile Money,0,2,0.682,0.239,1.0,0.77,0.6,1.0,0.705,0.68,1
CUST_01822,34,Male,Mbeya,Christian,Gogo,Secondary,"<200,000",M-Pesa,3,0.33,0.94,0.7,0.5,Oppo,China,Mid-Range,New,359202,7.4,Physical Store,Mobile Money,1,1,0.156,0.518,1.0,0.835,1.0,1.0,0.426,0.77,1
CUST_03266,20,Female,Dar es Salaam,Christian,Others,No formal,"200,000-500,000",Tigo Pesa,5,0.41,0.82,0.52,0.5,Tecno,China,Mid-Range,New,260902,6.8,Mobile,Cash,0,12,0.465,0.354,1.0,0.732,1.0,1.0,0.641,0.76,0
CUST_03633,34,Female,Dar es Salaam,Muslim,Nyamwezi,No formal,"500,001-1,000,000",M-Pesa,5,0.34,0.54,0.41,0.5,Tecno,China,Mid-Range,New,290034,7.6,Physical Store,Mobile Money,0,11,0.608,0.312,0.9,0.912,1.0,1.0,0.609,0.8,1
CUST_03517,39,Male,Dar es Salaam,Christian,Nyamwezi,Primary,"<200,000",Tigo Pesa,1,0.36,0.79,0.77,0.3,Tecno,China,Mid-Range,New,458017,7.1,Physical Store,Cash,1,2,0.095,0.547,1.0,0.935,1.0,1.0,0.434,0.73,1
CUST_03210,34,Male,Arusha,Muslim,Sukuma,Primary,"500,001-1,000,000",Airtel Money,4,0.41,0.47,0.84,0.5,Huawei,China,Premium,New,2459750,9.8,Physical Store,Mobile Money,1,2,0.037,0.823,0.9,0.529,1.0,1.0,0.474,0.5,1
CUST_01031,15,Female,Dodoma,Muslim,Nyamwezi,Secondary,"200,000-500,000",Airtel Money,2,0.31,0.81,0.68,0.0,Tecno,China,Mid-Range,New,257371,7.7,Physical Store,Cash,0,2,0.479,0.524,0.9,0.913,1.0,1.0,0.695,0.81,1
CUST_00908,19,Male,Zanzibar,Christian,Others,Primary,"500,001-1,000,000",M-Pesa,2,0.22,0.42,0.84,0.3,Tecno,China,Mid-Range,New,590779,6.9,Physical Store,Cash,0,2,0.38,0.58,1.0,0.771,1.0,1.0,0.586,0.7,1
CUST_04030,15,Male,Zanzibar,Christian,Others,Master+,"200,000-500,000",M-Pesa,3,0.11,0.98,0.55,0.5,Tecno,China,Mid-Range,New,253851,7.3,Physical Store,Mobile Money,0,2,0.378,0.402,1.0,0.797,1.0,1.0,0.535,0.79,1
CUST_03750,27,Male,Dar es Salaam,Muslim,Chagga,Primary,"200,000-500,000",M-Pesa,5,0.12,0.84,0.47,0.5,Xiaomi,China,Mid-Range,New,515623,7.3,Physical Store,Mobile Money,0,1,0.0,0.343,0.9,0.831,1.0,1.0,0.432,0.73,1
CUST_01843,27,Male,Dodoma,Other,Haya,Primary,"200,000-500,000",Airtel Money,4,0.67,0.94,0.59,0.7,Xiaomi,China,Mid-Range,New,300443,6.8,Physical Store,Mobile Money,1,1,0.294,0.401,1.0,0.737,1.0,1.0,0.595,0.75,0
CUST_04430,25,Female,Dar es Salaam,Christian,Sukuma,Diploma,"500,001-1,000,000",M-Pesa,2,0.31,0.56,0.69,0.3,Infinix,China,Mid-Range,New,406095,6.7,Mobile,Cash,0,2,0.431,0.462,1.0,0.968,1.0,1.0,0.696,0.72,1
CUST_01332,35,Female,Dodoma,Muslim,Others,Primary,"500,001-1,000,000",Halopesa,5,0.28,0.5,0.83,0.3,Tecno,China,Mid-Range,New,311638,7.4,Mobile,Mobile Money,1,2,0.61,0.614,0.9,0.944,1.0,1.0,0.687,0.78,1
CUST_03747,45,Male,Tanga,Christian,Sukuma,No formal,"1,000,001-2,000,000",Airtel Money,2,0.06,0.41,0.44,0.3,Nokia,Finland,Mid-Range,New,399657,7.9,Mobile,Mobile Money,0,1,0.59,0.348,1.0,0.898,1.0,1.0,0.472,0.79,1
CUST_00781,29,Female,Dar es Salaam,Christian,Nyamwezi,Secondary,"<200,000",M-Pesa,1,0.1,0.86,0.56,0.3,Tecno,China,Mid-Range,New,359899,7.6,Mobile,Mobile Money,0,2,0.226,0.426,1.0,0.695,1.0,1.0,0.35,0.78,0
CUST_04663,26,Female,Dar es Salaam,Christian,Others,Diploma,"200,000-500,000",Airtel Money,3,0.34,0.98,0.41,0.5,Apple,USA,Premium,Used,1479408,7.4,Physical Store,Mobile Money,0,2,0.0,0.303,1.0,1.139,0.6,1.0,0.472,0.55,1
CUST_03254,44,Female,Mbeya,Muslim,Others,Primary,"500,001-1,000,000",Airtel Money,4,0.68,0.51,0.71,0.5,Huawei,China,Premium,New,1026021,9.7,Physical Store,Mobile Money,0,1,0.564,0.689,0.9,0.834,1.0,1.0,0.633,0.78,1
CUST_00475,24,Female,Dar es Salaam,Christian,Others,Secondary,"<200,000",Halopesa,3,0.3,0.76,0.71,0.3,Samsung,South Korea,Premium,New,914035,8.6,Physical Store,Mobile Money,1,2,0.421,0.611,1.0,0.85,1.0,1.0,0.613,0.73,1
CUST_04946,16,Female,Mbeya,Christian,Others,Secondary,"200,000-500,000",M-Pesa,2,0.48,0.93,0.71,0.3,Xiaomi,China,Mid-Range,New,500876,6.0,Physical Store,Cash,0,2,0.0,0.426,1.0,0.734,1.0,1.0,0.563,0.66,1
CUST_02565,30,Male,Morogoro,Christian,Sukuma,No formal,"200,000-500,000",M-Pesa,3,0.38,0.8,0.5,0.3,Nokia,Finland,Mid-Range,New,498045,6.6,Physical Store,Cash,0,1,0.004,0.33,1.0,0.613,1.0,1.0,0.523,0.7,0
CUST_03030,27,Male,Arusha,Christian,Makonde,No formal,"<200,000",Tigo Pesa,4,0.38,0.9,0.71,0.5,Samsung,South Korea,Premium,New,669685,9.8,Online,Mobile Money,1,2,0.498,0.696,1.0,1.193,1.0,1.0,0.915,0.85,0
CUST_03204,15,Male,Mwanza,Christian,Others,Secondary,"500,001-1,000,000",Tigo Pesa,4,0.25,0.77,0.45,0.5,Oppo,China,Mid-Range,New,350780,6.6,Physical Store,Cash,0,2,0.325,0.297,1.0,0.906,1.0,1.0,0.584,0.73,1
CUST_04342,29,Male,Arusha,Muslim,Makonde,Secondary,"1,000,001-2,000,000",M-Pesa,3,0.23,0.27,0.85,1.0,Apple,USA,Premium,New,1665757,9.2,Physical Store,Cash,0,2,0.625,0.782,0.9,0.676,1.0,0.8,0.626,0.62,1
CUST_04340,33,Female,Dodoma,Christian,Others,Primary,"500,001-1,000,000",Halopesa,2,0.31,0.74,0.43,0.3,Nokia,Finland,Mid-Range,Used,306639,6.4,Physical Store,Cash,0,2,0.433,0.275,1.0,0.57,0.6,1.0,0.436,0.72,1
CUST_03967,22,Male,Dodoma,Christian,Haya,No formal,"500,001-1,000,000",Halopesa,2,0.59,0.43,0.57,0.3,Infinix,China,Mid-Range,New,259001,7.5,Mobile,Cash,0,2,0.722,0.428,1.0,0.777,1.0,1.0,0.77,0.8,0
CUST_01558,15,Female,Mbeya,Christian,Others,Primary,"500,001-1,000,000",Airtel Money,3,0.29,0.59,0.56,0.7,Apple,USA,Premium,New,1049047,9.4,Online,Card,0,2,0.484,0.526,1.0,0.726,1.0,1.0,0.748,0.75,1
CUST_01779,15,Male,Morogoro,Muslim,Sukuma,Primary,"500,001-1,000,000",Tigo Pesa,5,0.5,0.56,0.71,0.3,Tecno,China,Mid-Range,New,544653,6.1,Physical Store,Card,0,1,0.237,0.433,0.9,0.644,1.0,1.0,0.4,0.66,1
CUST_01349,25,Female,Arusha,Muslim,Others,Primary,"500,001-1,000,000",Airtel Money,3,0.26,0.5,0.68,1.0,Vivo,China,Mid-Range,New,437526,7.2,Online,Cash,1,2,0.453,0.49,0.9,0.54,1.0,0.8,0.392,0.74,1
CUST_04440,22,Female,Zanzibar,Muslim,Others,Secondary,"200,000-500,000",Airtel Money,4,0.18,0.98,0.38,0.7,Xiaomi,China,Mid-Range,New,336703,8.0,Physical Store,Mobile Money,0,2,0.175,0.304,0.9,0.695,1.0,1.0,0.564,0.81,1
CUST_02609,20,Male,Mwanza,Muslim,Gogo,Primary,"<200,000",M-Pesa,4,0.13,0.85,0.89,0.5,Samsung,South Korea,Premium,New,1218740,9.1,Online,Mobile Money,0,2,0.137,0.81,0.9,0.704,1.0,1.0,0.659,0.7,1
CUST_03650,57,Female,Arusha,Christian,Nyamwezi,Primary,"200,000-500,000",None,2,0.26,0.99,0.4,0.5,Apple,USA,Premium,New,2261979,8.9,Physical Store,Card,0,1,0.0,0.356,1.0,0.782,1.0,1.0,0.403,0.48,1
CUST_03232,31,Male,Mwanza,Christian,Others,Secondary,"200,000-500,000",Airtel Money,2,0.15,0.72,0.41,0.3,Tecno,China,Mid-Range,Used,461260,6.6,Physical Store,Mobile Money,0,1,0.17,0.271,1.0,0.81,0.6,1.0,0.525,0.7,1
CUST_00789,29,Female,Arusha,Christian,Others,Secondary,"500,001-1,000,000",Tigo Pesa,5,0.2,0.47,0.68,0.5,Tecno,China,Mid-Range,New,372810,6.9,Physical Store,Cash,0,1,0.562,0.469,1.0,0.725,1.0,1.0,0.656,0.74,1
CUST_04451,32,Male,Mbeya,Christian,Others,Bachelor,"200,000-500,000",M-Pesa,3,0.2,0.97,0.56,0.7,Tecno,China,Mid-Range,New,467285,6.7,Physical Store,Cash,0,2,0.0,0.375,1.0,0.599,1.0,1.0,0.532,0.71,1
CUST_01180,19,Female,Morogoro,Christian,Others,Diploma,"<200,000",Airtel Money,4,0.35,0.83,0.62,0.3,Tecno,China,Mid-Range,New,456668,7.8,Mobile,Card,0,1,0.052,0.484,1.0,0.826,1.0,1.0,0.658,0.78,1
CUST_04758,18,Male,Dodoma,Christian,Sukuma,Secondary,"<200,000",Airtel Money,4,0.71,0.87,0.63,0.3,Huawei,China,Premium,New,1794961,8.1,Physical Store,Cash,1,2,0.0,0.51,1.0,0.947,1.0,1.0,0.586,0.53,1
CUST_00921,45,Male,Mbeya,Christian,Others,Diploma,"200,000-500,000",M-Pesa,4,0.17,0.9,0.85,0.0,Infinix,China,Mid-Range,New,267967,7.2,Physical Store,Card,0,2,0.397,0.612,1.0,0.96,1.0,1.0,0.635,0.78,0
CUST_03500,32,Male,Arusha,Christian,Makonde,Bachelor,"1,000,001-2,000,000",M-Pesa,4,0.41,0.21,0.88,0.5,Apple,USA,Premium,New,724755,8.2,Physical Store,Mobile Money,0,1,0.873,0.722,1.0,1.119,1.0,1.0,0.762,0.75,1
CUST_04080,39,Male,Arusha,Christian,Others,Bachelor,"<200,000",Tigo Pesa,2,0.19,0.82,0.61,0.0,Samsung,South Korea,Premium,New,2438675,9.9,Physical Store,Card,1,1,0.0,0.604,1.0,0.676,1.0,1.0,0.737,0.51,1
CUST_04313,15,Male,Mwanza,Christian,Others,Primary,"<200,000",Tigo Pesa,4,0.36,1.0,0.71,0.5,Nokia,Finland,Mid-Range,New,450295,6.5,Physical Store,Mobile Money,0,2,0.0,0.461,1.0,0.527,1.0,1.0,0.285,0.7,1
CUST_04853,16,Male,Morogoro,Christian,Others,Primary,"500,001-1,000,000",M-Pesa,3,0.6,0.66,0.68,0.5,Infinix,China,Mid-Range,New,350431,7.5,Physical Store,Mobile Money,1,1,0.422,0.51,1.0,0.594,1.0,1.0,0.5,0.78,1
CUST_03001,34,Male,Arusha,Muslim,Nyamwezi,No formal,"500,001-1,000,000",None,3,0.1,0.75,0.85,0.7,Oppo,China,Mid-Range,New,422195,7.9,Physical Store,Cash,0,2,0.208,0.672,0.9,0.98,1.0,1.0,0.635,0.79,1
CUST_00105,24,Female,Mwanza,Christian,Chagga,No formal,"200,000-500,000",M-Pesa,1,0.13,0.95,0.36,0.3,Infinix,China,Mid-Range,New,399191,6.8,Physical Store,Mobile Money,0,2,0.052,0.245,1.0,0.82,1.0,1.0,0.683,0.73,1
CUST_04175,25,Female,Arusha,Christian,Others,Primary,"200,000-500,000",Tigo Pesa,5,0.47,0.88,0.71,0.7,Tecno,China,Mid-Range,New,572696,7.3,Physical Store,Cash,0,2,0.0,0.518,1.0,0.932,1.0,1.0,0.652,0.72,1
CUST_01991,45,Female,Tanga,Christian,Others,Primary,"200,000-500,000",M-Pesa,3,0.15,0.79,0.87,0.5,Samsung,South Korea,Premium,New,1830512,9.6,Physical Store,Cash,0,2,0.0,0.835,1.0,0.829,1.0,1.0,0.544,0.61,1
CUST_00615,15,Male,Mbeya,Christian,Others,Diploma,"200,000-500,000",Tigo Pesa,3,0.11,0.83,0.59,0.7,Huawei,China,Premium,New,1558026,9.3,Physical Store,Cash,0,1,0.0,0.549,1.0,0.832,1.0,1.0,0.767,0.65,1
CUST_01469,34,Male,Mwanza,Christian,Others,Primary,"200,000-500,000",M-Pesa,4,0.56,1.0,0.7,0.7,Oppo,China,Mid-Range,New,329957,6.0,Online,Mobile Money,0,1,0.175,0.42,1.0,0.539,1.0,1.0,0.535,0.69,0
CUST_04656,27,Female,Dar es Salaam,Muslim,Gogo,Primary,"200,000-500,000",M-Pesa,5,0.17,0.88,0.61,0.0,Itel,China,Budget,Used,123163,5.2,Physical Store,Mobile Money,0,2,0.277,0.317,0.9,0.664,0.6,1.0,0.491,0.69,1
CUST_04392,21,Male,Morogoro,Muslim,Others,Diploma,"<200,000",M-Pesa,5,0.17,0.73,0.84,0.3,Tecno,China,Mid-Range,New,263279,6.3,Mobile,Card,1,1,0.52,0.529,0.9,0.85,1.0,1.0,0.859,0.73,1
CUST_04606,15,Female,Zanzibar,Muslim,Chagga,Secondary,"200,000-500,000",M-Pesa,5,0.41,0.75,0.44,0.3,Samsung,South Korea,Premium,New,1240455,8.8,Online,Mobile Money,0,1,0.225,0.387,0.9,1.098,1.0,1.0,0.454,0.68,1
CUST_03902,33,Female,Mbeya,Christian,Haya,No formal,"<200,000",M-Pesa,2,0.35,0.84,0.73,0.5,Nokia,Finland,Mid-Range,New,294155,7.9,Physical Store,Cash,1,2,0.382,0.577,1.0,0.702,1.0,1.0,0.719,0.82,1
CUST_04692,31,Female,Dar es Salaam,Muslim,Others,Primary,"<200,000",M-Pesa,4,0.43,0.92,0.57,0.5,Vivo,China,Mid-Range,New,370028,6.4,Physical Store,Cash,0,10,0.149,0.365,0.9,0.939,1.0,1.0,0.436,0.71,1
CUST_00235,23,Male,Dar es Salaam,Muslim,Others,Primary,"<200,000",Airtel Money,5,0.25,0.83,0.33,0.0,Huawei,China,Premium,New,1055055,9.5,Physical Store,Card,0,2,0.27,0.314,0.9,0.986,1.0,1.0,0.408,0.76,1
CUST_04584,15,Male,Tanga,Christian,Others,Secondary,"200,000-500,000",M-Pesa,2,0.22,0.89,0.49,0.5,Itel,China,Budget,New,187983,6.5,Physical Store,Mobile Money,0,2,0.0,0.318,1.0,0.985,1.0,1.0,0.566,0.75,1
CUST_03059,28,Female,Dodoma,Christian,Nyamwezi,Bachelor,"200,000-500,000",M-Pesa,4,0.21,0.81,0.75,0.0,Nokia,Finland,Mid-Range,New,565161,6.7,Mobile,Mobile Money,0,11,0.0,0.503,1.0,0.575,1.0,1.0,0.47,0.69,1
CUST_04182,31,Male,Dar es Salaam,Christian,Others,Secondary,"500,001-1,000,000",Halopesa,4,0.18,0.46,0.39,0.0,Apple,USA,Premium,New,803191,9.5,Physical Store,Cash,1,12,0.692,0.37,1.0,0.795,1.0,1.0,0.674,0.81,1
CUST_01459,41,Male,Mwanza,Christian,Others,Bachelor,"<200,000",M-Pesa,3,0.27,0.73,0.48,0.3,Huawei,China,Premium,New,1539661,9.2,Physical Store,Cash,0,1,0.063,0.442,1.0,0.502,1.0,1.0,0.451,0.64,1
CUST_02140,32,Male,Tanga,Christian,Sukuma,Bachelor,"200,000-500,000",Tigo Pesa,3,0.09,0.83,0.63,0.5,Itel,China,Budget,New,208416,4.1,Physical Store,Cash,0,2,0.0,0.258,1.0,0.839,1.0,1.0,0.351,0.6,1
CUST_01493,17,Female,Dodoma,Christian,Makonde,Primary,"200,000-500,000",M-Pesa,3,0.6,0.7,0.45,0.5,Samsung,South Korea,Premium,New,1923844,9.8,Online,Mobile Money,0,1,0.0,0.441,1.0,0.751,1.0,1.0,0.536,0.6,1
CUST_01024,35,Male,Dar es Salaam,Christian,Others,Primary,"200,000-500,000",Halopesa,3,0.13,0.92,0.37,0.3,Tecno,China,Mid-Range,New,527780,8.0,Online,Mobile Money,1,12,0.0,0.296,1.0,0.973,1.0,1.0,0.464,0.77,1
CUST_01256,30,Male,Dodoma,Christian,Sukuma,Secondary,"500,001-1,000,000",Airtel Money,4,0.39,0.75,0.48,0.5,Tecno,China,Mid-Range,New,381009,7.3,Online,Mobile Money,0,2,0.286,0.35,1.0,0.595,1.0,1.0,0.661,0.76,1
CUST_02530,43,Female,Mbeya,Christian,Makonde,Primary,"<200,000",Tigo Pesa,4,0.25,0.78,0.42,0.3,Nokia,Finland,Mid-Range,Used,195807,6.6,Online,Cash,0,2,0.618,0.277,1.0,0.545,0.6,1.0,0.56,0.76,0
CUST_02177,30,Male,Dar es Salaam,Christian,Others,Secondary,"<200,000",M-Pesa,3,0.08,0.78,0.6,0.7,Infinix,China,Mid-Range,New,486785,7.7,Online,Mobile Money,0,2,0.051,0.462,1.0,0.889,1.0,1.0,0.441,0.76,1
CUST_01551,21,Male,Morogoro,Christian,Gogo,Primary,"500,001-1,000,000",Tigo Pesa,4,0.21,0.65,0.66,0.5,Samsung,South Korea,Premium,New,2265640,9.5,Mobile,Card,0,2,0.0,0.627,1.0,0.657,1.0,1.0,0.63,0.52,1
CUST_02511,15,Female,Dodoma,Muslim,Others,Secondary,"<200,000",Halopesa,1,0.3,0.98,0.64,0.5,Huawei,China,Premium,New,965931,8.1,Physical Store,Mobile Money,0,1,0.211,0.518,0.9,0.602,1.0,1.0,0.523,0.69,1
CUST_04523,39,Male,Mwanza,Christian,Others,Secondary,"1,000,001-2,000,000",M-Pesa,4,0.34,0.36,0.61,0.7,Apple,USA,Premium,Used,1151972,7.9,Physical Store,Mobile Money,1,2,0.654,0.482,1.0,0.921,0.6,1.0,0.676,0.64,1
CUST_02598,15,Male,Morogoro,Christian,Others,Primary,"500,001-1,000,000",M-Pesa,3,0.4,0.54,0.86,0.5,Infinix,China,Mid-Range,Used,353216,6.2,Physical Store,Card,0,2,0.523,0.533,1.0,0.644,0.6,1.0,0.581,0.7,1
CUST_03758,15,Female,Tanga,Muslim,Makonde,No formal,"200,000-500,000",M-Pesa,2,0.01,0.91,0.74,0.5,Nokia,Finland,Mid-Range,New,526327,6.4,Physical Store,Cash,0,1,0.0,0.474,0.9,0.656,1.0,1.0,0.333,0.68,1
CUST_04507,22,Female,Tanga,Muslim,Gogo,Primary,"<200,000",M-Pesa,2,0.57,0.93,0.71,0.3,Tecno,China,Mid-Range,New,401372,6.2,Physical Store,Card,0,2,0.067,0.44,0.9,0.696,1.0,1.0,0.321,0.69,0
CUST_00645,28,Male,Dar es Salaam,Muslim,Others,Secondary,"500,001-1,000,000",M-Pesa,3,0.15,0.78,0.5,0.0,Nokia,Finland,Mid-Range,Used,230063,5.6,Physical Store,Mobile Money,1,2,0.551,0.28,0.9,0.85,0.6,1.0,0.444,0.69,1
CUST_04611,15,Female,Dar es Salaam,Muslim,Others,Diploma,"<200,000",Airtel Money,3,0.07,0.85,0.39,1.0,Tecno,China,Mid-Range,Used,208522,5.6,Mobile,Mobile Money,0,1,0.557,0.218,0.9,0.971,0.6,0.8,0.545,0.69,1
CUST_02274,28,Male,Dar es Salaam,Christian,Others,Secondary,"200,000-500,000",Airtel Money,4,0.11,0.8,0.51,0.7,Infinix,China,Mid-Range,New,435094,7.5,Physical Store,Cash,0,2,0.13,0.382,1.0,0.769,1.0,1.0,0.431,0.76,1
CUST_02076,36,Male,Mwanza,Muslim,Others,Secondary,"200,000-500,000",M-Pesa,5,0.11,0.74,0.64,0.5,Apple,USA,Premium,New,2005497,9.8,Online,Cash,1,1,0.0,0.627,0.9,0.915,1.0,1.0,0.647,0.59,1
CUST_00717,36,Female,Dar es Salaam,Christian,Sukuma,Secondary,"200,000-500,000",M-Pesa,2,0.07,0.75,0.82,0.5,Xiaomi,China,Mid-Range,New,493200,7.5,Mobile,Card,0,1,0.075,0.615,1.0,0.552,1.0,1.0,0.364,0.75,1
CUST_02317,27,Male,Mwanza,Christian,Others,Secondary,"500,001-1,000,000",M-Pesa,5,0.47,0.46,0.6,0.0,Infinix,China,Mid-Range,New,291052,7.7,Physical Store,Cash,0,2,0.665,0.462,1.0,0.595,1.0,1.0,0.702,0.8,1
CUST_04335,26,Male,Dodoma,Christian,Sukuma,Secondary,"200,000-500,000",None,2,0.36,0.94,0.58,0.5,Huawei,China,Premium,New,963718,9.5,Physical Store,Card,0,11,0.245,0.551,1.0,0.712,1.0,1.0,0.526,0.78,1
CUST_04168,15,Male,Mwanza,Christian,Chagga,Secondary,"200,000-500,000",Tigo Pesa,4,0.22,0.71,0.7,0.5,Huawei,China,Premium,New,1500738,9.8,Physical Store,Mobile Money,0,2,0.112,0.686,1.0,0.584,1.0,1.0,0.589,0.69,0
CUST_01803,20,Female,Tanga,Christian,Others,Diploma,"500,001-1,000,000",Tigo Pesa,4,0.52,0.48,0.76,0.7,Nokia,Finland,Mid-Range,Used,185926,6.7,Mobile,Mobile Money,0,2,0.777,0.509,1.0,0.728,0.6,1.0,0.81,0.76,0
CUST_00989,34,Male,Mbeya,Christian,Others,Secondary,"200,000-500,000",M-Pesa,3,0.56,0.78,0.45,0.3,Oppo,China,Mid-Range,New,390612,7.9,Mobile,Mobile Money,0,12,0.238,0.356,1.0,0.803,1.0,1.0,0.446,0.8,1
CUST_02118,31,Male,Mbeya,Christian,Others,Primary,"200,000-500,000",Airtel Money,2,0.22,0.77,0.65,0.5,Itel,China,Budget,Used,171641,4.5,Mobile,Mobile Money,0,2,0.119,0.293,1.0,0.615,0.6,1.0,0.522,0.64,1
CUST_03855,17,Male,Dodoma,Other,Others,Secondary,"200,000-500,000",M-Pesa,3,0.26,0.82,0.53,0.5,Nokia,Finland,Mid-Range,Used,357666,6.3,Mobile,Mobile Money,0,2,0.267,0.334,1.0,0.571,0.6,1.0,0.588,0.71,1
CUST_00755,30,Female,Mbeya,Christian,Others,Diploma,"500,001-1,000,000",Tigo Pesa,3,0.25,0.5,0.58,0.3,Tecno,China,Mid-Range,New,465503,6.7,Physical Store,Mobile Money,0,1,0.418,0.389,1.0,0.952,1.0,1.0,0.585,0.71,1
CUST_03457,34,Female,Dar es Salaam,Muslim,Makonde,Bachelor,"500,001-1,000,000",M-Pesa,1,0.24,0.42,0.41,0.5,Tecno,China,Mid-Range,New,594499,7.0,Physical Store,Cash,0,2,0.376,0.287,0.9,0.835,1.0,1.0,0.715,0.7,1
CUST_02469,19,Male,Morogoro,Christian,Chagga,Primary,"200,000-500,000",Tigo Pesa,3,0.17,0.84,0.39,0.0,Xiaomi,China,Mid-Range,New,399934,7.4,Physical Store,Mobile Money,0,2,0.16,0.289,1.0,0.991,1.0,1.0,0.423,0.76,1
CUST_01547,34,Male,Arusha,Muslim,Others,No formal,"200,000-500,000",Tigo Pesa,4,0.04,0.72,0.33,0.0,Tecno,China,Mid-Range,New,566722,7.5,Physical Store,Mobile Money,0,2,0.0,0.248,0.9,0.598,1.0,1.0,0.286,0.74,1
CUST_01615,28,Male,Dar es Salaam,Muslim,Nyamwezi,Primary,"<200,000",Airtel Money,4,0.17,0.79,0.32,0.3,Xiaomi,China,Mid-Range,Used,401883,5.8,Physical Store,Mobile Money,0,1,0.206,0.186,0.9,0.669,0.6,1.0,0.556,0.67,0
CUST_04201,15,Female,Dar es Salaam,Muslim,Chagga,Primary,"200,000-500,000",Tigo Pesa,4,0.24,0.86,0.88,0.5,Apple,USA,Premium,New,1036130,9.5,Physical Store,Mobile Money,0,2,0.257,0.836,0.9,0.768,1.0,1.0,0.89,0.76,1
CUST_00046,43,Female,Dar es Salaam,Muslim,Sukuma,Primary,"500,001-1,000,000",M-Pesa,4,0.22,0.49,0.73,0.5,Huawei,China,Premium,New,2142355,8.8,Physical Store,Cash,0,2,0.125,0.642,0.9,0.701,1.0,1.0,0.433,0.5,0
CUST_04026,40,Female,Tanga,Christian,Others,Secondary,"1,000,001-2,000,000",M-Pesa,4,0.39,0.39,0.76,0.0,Tecno,China,Mid-Range,Used,215112,6.2,Mobile,Cash,1,1,0.79,0.471,1.0,0.5,0.6,1.0,0.74,0.73,1
CUST_03124,36,Female,Arusha,Christian,Others,Secondary,"200,000-500,000",Halopesa,3,0.11,0.92,0.57,0.3,Infinix,China,Mid-Range,New,577641,7.7,Physical Store,Mobile Money,0,12,0.0,0.439,1.0,0.564,1.0,1.0,0.33,0.75,1
CUST_00155,35,Male,Mbeya,Christian,Others,Secondary,"200,000-500,000",M-Pesa,4,0.17,0.72,0.8,0.0,Vivo,China,Mid-Range,New,388677,7.0,Physical Store,Mobile Money,0,11,0.3,0.56,1.0,0.674,1.0,1.0,0.543,0.74,1
CUST_01989,32,Female,Mwanza,Christian,Others,Secondary,"200,000-500,000",M-Pesa,4,0.02,0.85,0.5,0.5,Huawei,China,Premium,New,1613969,9.0,Physical Store,Card,0,12,0.0,0.45,1.0,0.73,1.0,1.0,0.557,0.62,1
CUST_03234,27,Female,Morogoro,Other,Chagga,Secondary,"500,001-1,000,000",Airtel Money,5,0.39,0.56,0.41,0.7,Xiaomi,China,Mid-Range,New,431725,7.7,Physical Store,Mobile Money,0,1,0.396,0.316,1.0,0.585,1.0,1.0,0.382,0.78,1
CUST_01091,23,Female,Mbeya,Christian,Sukuma,Diploma,"200,000-500,000",Tigo Pesa,3,0.24,0.99,0.64,0.0,Nokia,Finland,Mid-Range,Used,150508,6.0,Online,Cash,0,12,0.627,0.384,1.0,0.706,0.6,1.0,0.66,0.73,1
CUST_00499,15,Female,Dar es Salaam,Christian,Gogo,Primary,"500,001-1,000,000",Halopesa,2,0.33,0.44,0.66,0.0,Apple,USA,Premium,New,1088647,9.5,Physical Store,Cash,0,12,0.601,0.627,1.0,0.776,1.0,1.0,0.81,0.75,1
CUST_01361,37,Female,Dodoma,Other,Others,Secondary,"500,001-1,000,000",Halopesa,1,0.16,0.56,0.79,0.0,Itel,China,Budget,Used,170233,4.5,Online,Cash,0,2,0.364,0.356,1.0,0.67,0.6,1.0,0.537,0.64,1
CUST_01198,37,Female,Mbeya,Other,Others,Primary,"<200,000",M-Pesa,5,0.28,0.98,0.77,0.5,Nokia,Finland,Mid-Range,New,406448,6.5,Physical Store,Cash,0,2,0.004,0.501,1.0,0.59,1.0,1.0,0.696,0.71,1
CUST_03025,15,Male,Morogoro,Christian,Sukuma,Bachelor,"500,001-1,000,000",Halopesa,3,0.46,0.68,0.47,0.0,Infinix,China,Mid-Range,New,473543,7.7,Physical Store,Mobile Money,0,1,0.195,0.362,1.0,0.733,1.0,1.0,0.373,0.77,1
CUST_00578,30,Male,Dar es Salaam,Muslim,Others,Primary,"<200,000",Tigo Pesa,3,0.08,0.77,0.59,0.3,Nokia,Finland,Mid-Range,New,394165,6.7,Physical Store,Mobile Money,1,2,0.241,0.395,0.9,0.873,1.0,1.0,0.567,0.72,1
CUST_03313,15,Female,Zanzibar,Christian,Others,Bachelor,"1,000,001-2,000,000",M-Pesa,3,0.09,0.24,0.76,0.0,Nokia,Finland,Mid-Range,Used,323016,5.3,Physical Store,Cash,0,2,0.806,0.403,1.0,0.627,0.6,1.0,0.681,0.65,0
CUST_00277,20,Male,Dar es Salaam,Christian,Others,Diploma,"200,000-500,000",M-Pesa,4,0.08,0.88,0.58,0.7,Samsung,South Korea,Premium,New,1306279,8.6,Online,Cash,0,12,0.042,0.499,1.0,0.937,1.0,1.0,0.409,0.65,1
CUST_03134,32,Female,Morogoro,Christian,Nyamwezi,No formal,"<200,000",Tigo Pesa,4,0.08,0.88,0.51,0.0,Xiaomi,China,Mid-Range,New,574884,6.1,Physical Store,Mobile Money,1,1,0.0,0.311,1.0,0.787,1.0,1.0,0.357,0.65,0
CUST_04970,32,Female,Mwanza,Muslim,Gogo,Diploma,"1,000,001-2,000,000",M-Pesa,3,0.6,0.49,0.66,0.0,Oppo,China,Mid-Range,New,578352,6.9,Physical Store,Mobile Money,0,1,0.292,0.455,0.9,0.716,1.0,1.0,0.608,0.7,1
CUST_00329,31,Male,Zanzibar,Christian,Gogo,Secondary,"500,001-1,000,000",M-Pesa,2,0.05,0.44,0.69,0.7,Huawei,China,Premium,New,2135331,9.4,Physical Store,Mobile Money,0,1,0.217,0.649,1.0,0.928,1.0,1.0,0.655,0.54,1
CUST_03717,21,Female,Dar es Salaam,Muslim,Others,Secondary,"500,001-1,000,000",Airtel Money,3,0.23,0.74,0.36,1.0,Infinix,China,Mid-Range,New,537092,6.1,Physical Store,Mobile Money,0,1,0.006,0.22,0.9,0.788,1.0,0.8,0.489,0.66,1
CUST_01932,16,Male,Tanga,Other,Others,Secondary,"500,001-1,000,000",Tigo Pesa,2,0.31,0.55,0.62,1.0,Tecno,China,Mid-Range,Used,435427,5.2,Mobile,Cash,0,2,0.401,0.322,1.0,0.506,0.6,0.8,0.583,0.62,1
CUST_02877,30,Male,Arusha,Christian,Gogo,Diploma,"<200,000",Airtel Money,3,0.31,0.74,0.53,0.0,Itel,China,Budget,Used,108644,4.7,Physical Store,Cash,0,1,0.464,0.249,1.0,0.791,0.6,1.0,0.792,0.66,0
CUST_01941,15,Female,Mwanza,Christian,Others,Primary,"1,000,001-2,000,000",M-Pesa,4,0.17,0.47,0.67,0.7,Tecno,China,Mid-Range,New,452533,6.0,Online,Card,0,2,0.468,0.402,1.0,0.714,1.0,1.0,0.573,0.67,1
CUST_03359,20,Male,Zanzibar,Christian,Makonde,Primary,">2,000,000",Halopesa,4,0.27,0.19,0.71,0.0,Vivo,China,Mid-Range,New,563215,6.9,Mobile,Cash,0,2,0.732,0.49,1.0,0.833,1.0,1.0,0.737,0.7,1
CUST_01086,23,Female,Mwanza,Christian,Others,Diploma,"<200,000",M-Pesa,3,0.12,0.81,0.56,0.3,Apple,USA,Premium,New,2398394,9.0,Physical Store,Cash,0,2,0.0,0.504,1.0,1.001,1.0,1.0,0.619,0.46,1
CUST_02626,28,Male,Mbeya,Muslim,Others,No formal,"200,000-500,000",Tigo Pesa,4,0.08,0.83,0.51,0.5,Tecno,China,Mid-Range,New,372564,6.3,Mobile,Cash,0,2,0.227,0.321,0.9,0.542,1.0,1.0,0.462,0.7,1
CUST_02234,28,Male,Dar es Salaam,Christian,Others,Bachelor,"<200,000",Airtel Money,3,0.24,0.88,0.36,0.0,Vivo,China,Mid-Range,Used,167570,7.0,Physical Store,Card,0,2,0.631,0.252,1.0,0.658,0.6,1.0,0.467,0.79,1
CUST_02486,25,Male,Dodoma,Muslim,Chagga,No formal,"<200,000",M-Pesa,5,0.11,0.84,0.66,0.3,Infinix,China,Mid-Range,New,403466,6.8,Physical Store,Mobile Money,0,2,0.153,0.449,0.9,0.824,1.0,1.0,0.492,0.73,1
CUST_02121,38,Female,Dodoma,Christian,Sukuma,Primary,"<200,000",Halopesa,2,0.36,0.99,0.32,0.3,Infinix,China,Mid-Range,New,436425,6.4,Physical Store,Cash,1,2,0.0,0.205,1.0,0.723,1.0,1.0,0.47,0.7,1
CUST_01266,39,Male,Dar es Salaam,Christian,Others,Secondary,"500,001-1,000,000",Halopesa,2,0.21,0.56,0.81,0.0,Xiaomi,China,Mid-Range,New,401727,7.5,Physical Store,Cash,0,1,0.438,0.608,1.0,0.601,1.0,1.0,0.535,0.77,1
CUST_02301,24,Female,Morogoro,Christian,Others,Primary,"200,000-500,000",Tigo Pesa,4,0.01,0.74,0.56,0.7,Nokia,Finland,Mid-Range,New,458275,6.1,Physical Store,Cash,0,2,0.152,0.342,1.0,0.993,1.0,1.0,0.595,0.67,1
CUST_04809,22,Male,Tanga,Christian,Others,Primary,"500,001-1,000,000",M-Pesa,4,0.46,0.53,0.85,0.3,Huawei,China,Premium,New,1831932,9.2,Physical Store,Mobile Money,0,10,0.191,0.782,1.0,0.792,1.0,1.0,0.707,0.59,1
CUST_02373,15,Male,Tanga,Christian,Others,No formal,"500,001-1,000,000",M-Pesa,5,0.08,0.5,0.45,0.7,Nokia,Finland,Mid-Range,New,271495,7.4,Physical Store,Cash,0,1,0.661,0.333,1.0,0.801,1.0,1.0,0.704,0.79,1
CUST_02638,23,Male,Dar es Salaam,Christian,Nyamwezi,Diploma,"<200,000",Tigo Pesa,4,0.4,0.93,0.45,0.0,Tecno,China,Mid-Range,New,589117,6.3,Online,Cash,1,2,0.0,0.284,1.0,0.9,1.0,1.0,0.6,0.66,1
CUST_04052,36,Male,Dar es Salaam,Christian,Others,Diploma,"200,000-500,000",Airtel Money,3,0.17,0.89,0.48,0.5,Itel,China,Budget,New,159813,4.7,Physical Store,Cash,0,2,0.052,0.226,1.0,0.775,1.0,1.0,0.272,0.65,1
CUST_04303,33,Female,Mwanza,Muslim,Others,Diploma,"500,001-1,000,000",M-Pesa,3,0.36,0.5,0.58,0.3,Tecno,China,Mid-Range,New,383852,7.4,Physical Store,Cash,0,2,0.52,0.429,0.9,0.825,1.0,1.0,0.6,0.77,1
CUST_03153,36,Male,Arusha,Muslim,Others,Secondary,"500,001-1,000,000",Airtel Money,3,0.18,0.64,0.33,0.7,Infinix,China,Mid-Range,New,268501,6.7,Physical Store,Mobile Money,0,2,0.57,0.221,0.9,0.946,1.0,1.0,0.611,0.75,1
CUST_02597,15,Female,Arusha,Christian,Nyamwezi,Diploma,">2,000,000",Tigo Pesa,3,0.11,0.32,0.35,0.5,Infinix,China,Mid-Range,New,390298,7.4,Physical Store,Mobile Money,0,2,0.688,0.259,1.0,0.627,1.0,1.0,0.579,0.77,1
CUST_00734,19,Male,Arusha,Muslim,Others,Secondary,"200,000-500,000",Halopesa,3,0.11,0.76,0.75,0.3,Samsung,South Korea,Premium,New,2226009,8.6,Physical Store,Mobile Money,0,1,0.0,0.645,0.9,1.086,1.0,1.0,0.581,0.47,1
CUST_04727,43,Male,Mwanza,Christian,Gogo,Secondary,"200,000-500,000",Tigo Pesa,1,0.2,0.92,0.88,0.0,Infinix,China,Mid-Range,New,443353,6.6,Mobile,Cash,0,2,0.0,0.581,1.0,0.813,1.0,1.0,0.388,0.71,1
CUST_02831,15,Female,Mbeya,Christian,Gogo,Secondary,"500,001-1,000,000",M-Pesa,4,0.28,0.64,0.83,0.5,Apple,USA,Premium,New,1121034,9.8,Physical Store,Cash,0,2,0.402,0.813,1.0,0.647,1.0,1.0,0.782,0.76,0
CUST_04896,34,Female,Zanzibar,Christian,Others,Primary,"<200,000",None,2,0.33,0.76,0.41,0.3,Samsung,South Korea,Premium,New,2144137,8.3,Physical Store,Card,0,2,0.0,0.34,1.0,0.687,1.0,1.0,0.471,0.47,1
CUST_02978,36,Female,Zanzibar,Muslim,Sukuma,Diploma,"200,000-500,000",Tigo Pesa,3,0.33,0.87,0.8,0.3,Samsung,South Korea,Premium,New,1216062,8.0,Physical Store,Mobile Money,0,2,0.118,0.64,0.9,0.765,1.0,1.0,0.758,0.64,1
CUST_00292,17,Male,Dar es Salaam,Muslim,Sukuma,Bachelor,"<200,000",None,2,0.18,0.86,0.42,0.0,Infinix,China,Mid-Range,New,470963,6.0,Physical Store,Cash,0,12,0.0,0.252,0.9,0.934,1.0,1.0,0.493,0.67,1
CUST_04362,20,Male,Mwanza,Muslim,Nyamwezi,Primary,"500,001-1,000,000",M-Pesa,3,0.54,0.74,0.43,1.0,Tecno,China,Mid-Range,New,413463,7.4,Physical Store,Mobile Money,0,1,0.235,0.318,0.9,0.56,1.0,0.8,0.575,0.76,0
CUST_00737,15,Female,Zanzibar,Muslim,Makonde,Master+,"<200,000",Halopesa,3,0.36,0.75,0.45,0.7,Nokia,Finland,Mid-Range,New,488776,7.5,Online,Card,0,2,0.084,0.338,0.9,0.791,1.0,1.0,0.575,0.75,1
CUST_01740,29,Female,Mbeya,Muslim,Nyamwezi,Primary,"200,000-500,000",M-Pesa,5,0.27,0.97,0.46,0.5,Infinix,China,Mid-Range,New,447737,6.2,Physical Store,Mobile Money,0,1,0.0,0.285,0.9,0.876,1.0,1.0,0.429,0.68,1
CUST_03911,37,Female,Zanzibar,Christian,Others,Primary,">2,000,000",M-Pesa,1,0.12,0.28,0.77,0.0,Nokia,Finland,Mid-Range,Used,290968,5.5,Physical Store,Cash,0,12,0.796,0.424,1.0,0.768,0.6,1.0,0.681,0.67,1
CUST_02461,37,Female,Mbeya,Christian,Others,Secondary,"<200,000",M-Pesa,4,0.44,0.88,0.57,0.3,Nokia,Finland,Mid-Range,New,492132,7.6,Physical Store,Cash,0,1,0.0,0.433,1.0,1.0,1.0,1.0,0.673,0.76,1
CUST_04910,30,Female,Mbeya,Christian,Others,No formal,"500,001-1,000,000",Airtel Money,4,0.16,0.66,0.68,0.5,Nokia,Finland,Mid-Range,New,578005,7.4,Physical Store,Cash,0,2,0.046,0.503,1.0,0.915,1.0,1.0,0.693,0.73,1
CUST_00558,60,Female,Mwanza,Christian,Chagga,Diploma,"200,000-500,000",Airtel Money,2,0.27,0.96,0.48,0.0,Nokia,Finland,Mid-Range,New,400426,7.4,Online,Mobile Money,0,2,0.039,0.355,1.0,0.934,1.0,1.0,0.522,0.76,1
CUST_01187,38,Male,Dar es Salaam,Christian,Others,Diploma,"200,000-500,000",Tigo Pesa,4,0.08,0.93,0.85,0.3,Samsung,South Korea,Premium,New,1503112,9.1,Physical Store,Mobile Money,0,2,0.0,0.774,1.0,0.979,1.0,1.0,0.759,0.65,1
CUST_04610,31,Female,Dar es Salaam,Muslim,Others,Primary,"<200,000",Airtel Money,5,0.07,0.78,0.39,0.7,Infinix,China,Mid-Range,New,271372,8.0,Physical Store,Mobile Money,0,12,0.471,0.312,0.9,0.614,1.0,1.0,0.588,0.83,1
CUST_04876,15,Male,Dodoma,Christian,Others,Primary,"<200,000",M-Pesa,3,0.11,0.87,0.55,0.0,Apple,USA,Premium,New,1741196,8.8,Physical Store,Mobile Money,0,2,0.0,0.484,1.0,0.717,1.0,1.0,0.63,0.58,1
CUST_00356,16,Female,Dar es Salaam,Christian,Sukuma,Bachelor,"500,001-1,000,000",Airtel Money,1,0.02,0.67,0.6,0.5,Samsung,South Korea,Premium,New,1238515,9.3,Physical Store,Mobile Money,1,1,0.308,0.558,1.0,1.063,1.0,1.0,0.644,0.71,1
CUST_00109,20,Female,Morogoro,Christian,Others,Primary,"<200,000",M-Pesa,4,0.25,0.99,0.78,0.3,Infinix,China,Mid-Range,New,308541,7.5,Physical Store,Mobile Money,0,2,0.236,0.585,1.0,0.877,1.0,1.0,0.501,0.79,1
CUST_01015,20,Male,Mwanza,Muslim,Others,Secondary,"200,000-500,000",M-Pesa,3,0.24,0.74,0.49,0.3,Apple,USA,Premium,New,2267914,8.8,Physical Store,Cash,1,2,0.0,0.431,0.9,0.66,1.0,1.0,0.45,0.47,0
CUST_02029,18,Male,Arusha,Christian,Others,Diploma,"200,000-500,000",Airtel Money,4,0.35,0.95,0.56,0.3,Nokia,Finland,Mid-Range,New,440366,7.9,Physical Store,Cash,1,1,0.0,0.442,1.0,0.632,1.0,1.0,0.537,0.79,1
CUST_03340,35,Female,Morogoro,Christian,Chagga,Bachelor,"<200,000",M-Pesa,5,0.46,0.75,0.66,0.0,Oppo,China,Mid-Range,Used,125479,6.2,Online,Cash,0,2,0.765,0.409,1.0,0.779,0.6,1.0,0.678,0.75,1
CUST_00773,28,Female,Tanga,Christian,Gogo,Bachelor,"500,001-1,000,000",Tigo Pesa,1,0.38,0.52,0.52,0.3,Itel,China,Budget,New,109445,6.3,Online,Cash,1,2,0.621,0.328,1.0,0.971,1.0,1.0,0.61,0.76,1
CUST_01210,19,Female,Dar es Salaam,Christian,Others,Secondary,"500,001-1,000,000",M-Pesa,4,0.03,0.49,0.71,0.0,Tecno,China,Mid-Range,New,327479,7.6,Online,Mobile Money,0,2,0.599,0.54,1.0,0.5,1.0,1.0,0.735,0.79,0
CUST_04819,31,Male,Dar es Salaam,Christian,Others,Secondary,"500,001-1,000,000",Tigo Pesa,2,0.18,0.63,0.74,0.3,Samsung,South Korea,Premium,New,727229,9.8,Physical Store,Cash,0,12,0.618,0.725,1.0,0.983,1.0,1.0,0.768,0.84,1
CUST_03166,33,Female,Zanzibar,Muslim,Gogo,Master+,">2,000,000",Tigo Pesa,1,0.08,0.39,0.52,0.7,Apple,USA,Premium,Used,1549743,8.0,Physical Store,Mobile Money,0,2,0.496,0.416,0.9,0.798,0.6,1.0,0.504,0.57,1
CUST_01568,34,Male,Zanzibar,Christian,Haya,Secondary,"200,000-500,000",M-Pesa,5,0.14,1.0,0.48,0.3,Infinix,China,Mid-Range,New,260766,7.0,Mobile,Cash,0,12,0.348,0.336,1.0,0.598,1.0,1.0,0.652,0.77,1
CUST_04629,24,Female,Dodoma,Christian,Chagga,Primary,"1,000,001-2,000,000",Airtel Money,1,0.19,0.1,0.5,0.0,Xiaomi,China,Mid-Range,New,425981,6.7,Mobile,Mobile Money,0,1,0.894,0.335,1.0,0.584,1.0,1.0,0.695,0.72,1
CUST_01534,36,Male,Mbeya,Christian,Others,Secondary,"500,001-1,000,000",M-Pesa,3,0.43,0.61,0.75,0.0,Huawei,China,Premium,New,603385,9.2,Online,Cash,0,2,0.693,0.69,1.0,0.635,1.0,1.0,0.631,0.83,1
CUST_02803,30,Male,Arusha,Christian,Nyamwezi,Secondary,"1,000,001-2,000,000",M-Pesa,2,0.15,0.28,0.36,1.0,Apple,USA,Premium,New,1407271,9.8,Physical Store,Cash,0,1,0.672,0.353,1.0,0.628,1.0,0.8,0.592,0.71,1
CUST_02569,20,Female,Tanga,Muslim,Others,Secondary,"200,000-500,000",Tigo Pesa,4,0.49,0.86,0.65,0.0,Itel,China,Budget,New,87986,5.4,Physical Store,Mobile Money,1,2,0.496,0.351,0.9,0.522,1.0,1.0,0.455,0.71,0
CUST_01409,16,Female,Mbeya,Muslim,Nyamwezi,Secondary,"<200,000",None,4,0.11,0.83,0.55,0.5,Nokia,Finland,Mid-Range,New,383800,6.0,Physical Store,Mobile Money,0,2,0.204,0.33,0.9,0.562,1.0,1.0,0.547,0.68,1
CUST_04832,43,Female,Mwanza,Christian,Others,Diploma,"500,001-1,000,000",M-Pesa,2,0.27,0.5,0.6,0.0,Tecno,China,Mid-Range,New,318208,6.2,Online,Mobile Money,0,1,0.602,0.372,1.0,0.738,1.0,1.0,0.52,0.71,1
CUST_02726,29,Female,Arusha,Christian,Others,Diploma,"200,000-500,000",Tigo Pesa,5,0.62,0.78,0.37,0.7,Infinix,China,Mid-Range,New,294755,6.1,Physical Store,Card,0,2,0.425,0.226,1.0,0.993,1.0,1.0,0.604,0.71,0
CUST_02255,15,Female,Zanzibar,Christian,Others,Primary,"<200,000",Tigo Pesa,4,0.17,0.83,0.52,0.5,Itel,China,Budget,Used,74172,4.8,Online,Cash,0,2,0.59,0.25,1.0,0.63,0.6,1.0,0.618,0.67,1
CUST_01940,52,Male,Mwanza,Christian,Others,No formal,"<200,000",Airtel Money,3,0.3,0.8,0.8,0.3,Samsung,South Korea,Premium,New,1697238,9.7,Online,Cash,0,2,0.0,0.776,1.0,1.059,1.0,1.0,0.579,0.64,1
CUST_04127,21,Female,Dar es Salaam,Christian,Others,Diploma,"<200,000",Airtel Money,5,0.5,1.0,0.47,0.7,Huawei,China,Premium,New,2263584,9.7,Online,Mobile Money,0,2,0.0,0.456,1.0,0.576,1.0,1.0,0.576,0.53,1
CUST_01240,20,Female,Dodoma,Muslim,Others,Primary,">2,000,000",M-Pesa,2,0.16,0.48,0.49,0.3,Apple,USA,Premium,New,2128812,8.8,Physical Store,Cash,0,11,0.148,0.431,0.9,1.145,1.0,1.0,0.575,0.5,1
CUST_02886,39,Female,Morogoro,Christian,Sukuma,Secondary,"200,000-500,000",Tigo Pesa,2,0.32,0.95,0.4,0.5,Infinix,China,Mid-Range,New,347459,7.9,Physical Store,Cash,0,1,0.175,0.316,1.0,0.639,1.0,1.0,0.406,0.8,1
CUST_01360,33,Male,Arusha,Christian,Chagga,Bachelor,"200,000-500,000",Airtel Money,1,0.09,0.95,0.34,0.5,Vivo,China,Mid-Range,New,397110,7.8,Online,Mobile Money,0,2,0.057,0.265,1.0,0.919,1.0,1.0,0.306,0.79,1
CUST_04401,34,Female,Tanga,Christian,Haya,Bachelor,"500,001-1,000,000",Airtel Money,3,0.15,0.71,0.52,0.0,Apple,USA,Premium,New,2373546,9.7,Online,Mobile Money,0,2,0.0,0.504,1.0,0.84,1.0,1.0,0.468,0.51,1
CUST_03973,36,Female,Mwanza,Muslim,Others,Secondary,"500,001-1,000,000",None,4,0.35,0.54,0.84,0.7,Itel,China,Budget,Used,156753,4.2,Physical Store,Mobile Money,0,1,0.436,0.353,0.9,0.732,0.6,1.0,0.597,0.62,1
CUST_02357,37,Female,Mbeya,Christian,Sukuma,Primary,"<200,000",Tigo Pesa,5,0.84,0.88,0.62,0.5,Tecno,China,Mid-Range,New,452927,7.6,Physical Store,Card,0,2,0.004,0.471,1.0,0.505,1.0,1.0,0.59,0.77,1
CUST_02127,18,Male,Morogoro,Christian,Others,Secondary,">2,000,000",Tigo Pesa,5,0.05,0.49,0.74,0.3,Infinix,China,Mid-Range,New,554119,6.6,Physical Store,Cash,0,1,0.321,0.488,1.0,0.545,1.0,1.0,0.501,0.69,0
CUST_01184,22,Female,Mwanza,Christian,Others,Secondary,"500,001-1,000,000",None,2,0.14,0.45,0.49,0.3,Tecno,China,Mid-Range,New,379009,6.6,Physical Store,Cash,1,2,0.574,0.323,1.0,0.665,1.0,1.0,0.579,0.72,1
CUST_03416,33,Male,Arusha,Muslim,Others,Diploma,"200,000-500,000",Tigo Pesa,3,0.36,0.93,0.73,0.3,Apple,USA,Premium,New,872589,8.3,Online,Cash,0,2,0.324,0.606,0.9,0.722,1.0,1.0,0.714,0.72,1
CUST_04639,35,Female,Tanga,Christian,Sukuma,Secondary,"200,000-500,000",Halopesa,2,0.18,0.85,0.9,0.7,Nokia,Finland,Mid-Range,Used,293623,6.7,Physical Store,Mobile Money,0,12,0.376,0.603,1.0,0.91,0.6,1.0,0.824,0.74,1
CUST_03469,26,Male,Tanga,Christian,Haya,No formal,"<200,000",Tigo Pesa,3,0.26,0.89,0.72,0.3,Vivo,China,Mid-Range,New,310152,7.4,Physical Store,Mobile Money,0,1,0.31,0.533,1.0,0.865,1.0,1.0,0.465,0.78,1
CUST_02650,25,Male,Mwanza,Muslim,Haya,Diploma,">2,000,000",Airtel Money,4,0.35,0.4,0.43,0.7,Tecno,China,Mid-Range,New,260492,7.7,Physical Store,Cash,0,2,0.74,0.331,0.9,0.847,1.0,1.0,0.756,0.81,1
CUST_01967,34,Male,Mwanza,Christian,Others,Diploma,"<200,000",M-Pesa,2,0.16,0.87,0.43,0.3,Vivo,China,Mid-Range,Used,425723,5.2,Mobile,Cash,0,1,0.074,0.224,1.0,0.505,0.6,1.0,0.459,0.63,1
CUST_01436,31,Female,Mwanza,Other,Others,Secondary,"200,000-500,000",Tigo Pesa,2,0.12,0.81,0.73,0.5,Apple,USA,Premium,New,906488,9.0,Physical Store,Mobile Money,0,2,0.388,0.657,1.0,1.029,1.0,1.0,0.751,0.76,1
CUST_03732,32,Female,Dodoma,Muslim,Gogo,Bachelor,"200,000-500,000",M-Pesa,3,0.11,0.7,0.73,0.0,Samsung,South Korea,Premium,New,1778807,8.5,Physical Store,Mobile Money,1,2,0.0,0.62,0.9,0.655,1.0,1.0,0.506,0.55,1
CUST_03598,30,Female,Dar es Salaam,Christian,Others,Secondary,"<200,000",M-Pesa,4,0.59,0.9,0.69,0.0,Nokia,Finland,Mid-Range,New,589975,6.3,Physical Store,Card,0,1,0.0,0.435,1.0,0.585,1.0,1.0,0.482,0.66,1
CUST_01224,50,Male,Dodoma,Christian,Nyamwezi,No formal,"200,000-500,000",Tigo Pesa,2,0.19,0.82,0.32,0.3,Apple,USA,Premium,New,736898,8.9,Physical Store,Cash,1,2,0.496,0.285,1.0,0.95,1.0,1.0,0.674,0.79,1
CUST_00866,31,Female,Mwanza,Muslim,Others,Primary,"200,000-500,000",Airtel Money,3,0.69,0.84,0.61,0.3,Tecno,China,Mid-Range,New,270733,6.6,Online,Mobile Money,0,10,0.431,0.403,0.9,0.635,1.0,1.0,0.528,0.74,1
CUST_02057,27,Male,Arusha,Christian,Nyamwezi,No formal,"<200,000",M-Pesa,3,0.29,0.89,0.78,1.0,Huawei,China,Premium,New,940889,8.1,Physical Store,Cash,0,2,0.302,0.632,1.0,0.777,1.0,0.8,0.678,0.7,1
CUST_03147,24,Male,Dar es Salaam,Muslim,Nyamwezi,Diploma,"<200,000",M-Pesa,5,0.5,0.88,0.37,0.7,Itel,China,Budget,Used,63142,3.6,Physical Store,Card,1,2,0.63,0.133,0.9,0.951,0.6,1.0,0.632,0.6,1
CUST_04619,44,Male,Zanzibar,Muslim,Makonde,Diploma,"200,000-500,000",Tigo Pesa,1,0.12,0.85,0.31,1.0,Tecno,China,Mid-Range,New,425395,8.0,Physical Store,Mobile Money,0,2,0.096,0.248,0.9,0.839,1.0,0.8,0.586,0.79,1
CUST_02644,37,Male,Arusha,Christian,Gogo,Primary,"1,000,001-2,000,000",M-Pesa,1,0.45,0.38,0.42,0.0,Vivo,China,Mid-Range,New,491783,6.3,Physical Store,Mobile Money,0,2,0.533,0.265,1.0,0.613,1.0,1.0,0.566,0.68,1
CUST_04368,41,Male,Dar es Salaam,Muslim,Sukuma,Primary,"<200,000",M-Pesa,1,0.49,0.97,0.64,0.0,Apple,USA,Premium,New,1031756,9.0,Online,Cash,0,2,0.166,0.576,0.9,0.997,1.0,1.0,0.712,0.73,1
CUST_04187,34,Female,Zanzibar,Christian,Others,No formal,"200,000-500,000",M-Pesa,2,0.43,0.76,0.45,0.3,Xiaomi,China,Mid-Range,Used,435252,6.3,Physical Store,Cash,0,2,0.173,0.284,1.0,0.966,0.6,1.0,0.582,0.69,1
CUST_04061,15,Male,Mbeya,Christian,Makonde,Secondary,"200,000-500,000",Airtel Money,2,0.39,0.81,0.58,0.0,Tecno,China,Mid-Range,New,338308,6.5,Physical Store,Cash,0,1,0.315,0.377,1.0,0.913,1.0,1.0,0.636,0.72,1
CUST_03274,40,Female,Dar es Salaam,Christian,Others,Secondary,"200,000-500,000",M-Pesa,2,0.07,0.96,0.9,0.5,Apple,USA,Premium,New,1552347,9.5,Physical Store,Cash,0,2,0.0,0.855,1.0,0.798,1.0,1.0,0.495,0.66,1
CUST_02914,36,Male,Dar es Salaam,Christian,Others,Secondary,"1,000,001-2,000,000",Tigo Pesa,2,0.29,0.32,0.54,0.3,Huawei,China,Premium,New,2126522,9.5,Physical Store,Cash,0,2,0.433,0.513,1.0,0.652,1.0,1.0,0.661,0.54,1
CUST_02620,26,Male,Morogoro,Muslim,Others,Secondary,"200,000-500,000",M-Pesa,3,0.05,0.77,0.65,1.0,Oppo,China,Mid-Range,New,567016,7.0,Online,Mobile Money,0,2,0.0,0.455,0.9,0.928,1.0,0.8,0.448,0.71,0
CUST_03865,48,Female,Dar es Salaam,Muslim,Others,Master+,"200,000-500,000",Airtel Money,3,0.34,0.73,0.59,0.3,Xiaomi,China,Mid-Range,New,374986,6.5,Physical Store,Cash,1,1,0.316,0.384,0.9,0.7,1.0,1.0,0.504,0.72,0
CUST_03770,28,Female,Mbeya,Christian,Others,No formal,"200,000-500,000",None,5,0.42,0.98,0.59,1.0,Samsung,South Korea,Premium,New,969492,10.0,Physical Store,Mobile Money,1,1,0.208,0.59,1.0,0.663,1.0,0.8,0.509,0.81,0
CUST_01055,15,Female,Dar es Salaam,Christian,Others,Bachelor,"<200,000",Tigo Pesa,4,0.29,0.79,0.46,0.7,Apple,USA,Premium,New,1972105,8.7,Online,Cash,1,2,0.0,0.4,1.0,0.93,1.0,1.0,0.47,0.53,1
CUST_04246,17,Female,Dodoma,Christian,Others,Diploma,"<200,000",Airtel Money,1,0.48,0.72,0.54,0.5,Itel,China,Budget,New,157731,6.4,Online,Cash,0,2,0.243,0.346,1.0,0.933,1.0,1.0,0.455,0.75,1
CUST_00333,39,Female,Arusha,Christian,Haya,Primary,"200,000-500,000",M-Pesa,4,0.35,0.83,0.58,0.0,Samsung,South Korea,Premium,New,972083,9.8,Online,Cash,0,1,0.328,0.568,1.0,1.11,1.0,1.0,0.79,0.79,1
CUST_02430,25,Female,Dar es Salaam,Christian,Haya,Diploma,"<200,000",Tigo Pesa,2,0.13,0.84,0.42,0.5,Oppo,China,Mid-Range,Used,437139,5.9,Physical Store,Cash,1,1,0.082,0.248,1.0,0.816,0.6,1.0,0.446,0.67,0
CUST_03741,23,Male,Mwanza,Other,Gogo,Secondary,"500,001-1,000,000",None,2,0.6,0.53,0.82,0.0,Infinix,China,Mid-Range,New,355136,6.4,Physical Store,Cash,0,2,0.529,0.525,1.0,0.895,1.0,1.0,0.695,0.71,1
CUST_01650,37,Male,Dar es Salaam,Christian,Others,Secondary,"500,001-1,000,000",None,5,0.4,0.47,0.79,0.7,Tecno,China,Mid-Range,New,533585,6.3,Physical Store,Card,1,2,0.373,0.498,1.0,0.953,1.0,1.0,0.666,0.67,1
CUST_03489,15,Female,Zanzibar,Muslim,Others,Secondary,"1,000,001-2,000,000",Airtel Money,5,0.62,0.26,0.87,0.3,Huawei,China,Premium,New,2192499,8.9,Online,Mobile Money,0,2,0.525,0.774,0.9,0.917,1.0,1.0,0.99,0.5,1
CUST_02739,30,Male,Mwanza,Christian,Chagga,No formal,"500,001-1,000,000",M-Pesa,3,0.14,0.75,0.83,0.5,Nokia,Finland,Mid-Range,New,474319,6.5,Physical Store,Cash,0,10,0.111,0.54,1.0,0.645,1.0,1.0,0.511,0.7,1
CUST_02451,29,Female,Zanzibar,Other,Others,Secondary,"500,001-1,000,000",M-Pesa,5,0.39,0.44,0.64,0.5,Itel,China,Budget,New,164103,4.6,Physical Store,Cash,1,1,0.519,0.294,1.0,0.692,1.0,1.0,0.692,0.64,1
CUST_00059,15,Female,Dodoma,Christian,Sukuma,Secondary,"500,001-1,000,000",Tigo Pesa,2,0.29,0.64,0.52,0.0,Tecno,China,Mid-Range,New,491701,6.1,Physical Store,Cash,0,1,0.213,0.317,1.0,0.562,1.0,1.0,0.552,0.67,1
CUST_00874,18,Male,Tanga,Christian,Others,Secondary,"200,000-500,000",M-Pesa,5,0.23,0.83,0.76,0.5,Infinix,China,Mid-Range,New,445164,6.3,Physical Store,Mobile Money,0,2,0.076,0.479,1.0,0.983,1.0,1.0,0.568,0.69,1
CUST_00216,19,Male,Dar es Salaam,Christian,Others,Primary,"<200,000",Halopesa,4,0.39,0.81,0.36,0.3,Itel,China,Budget,New,208456,4.2,Online,Cash,1,10,0.0,0.151,1.0,0.52,1.0,1.0,0.259,0.61,1
CUST_04167,15,Male,Mbeya,Christian,Nyamwezi,Secondary,"500,001-1,000,000",Tigo Pesa,4,0.3,0.75,0.59,0.3,Vivo,China,Mid-Range,Used,424549,6.1,Mobile,Cash,0,2,0.204,0.36,1.0,0.818,0.6,1.0,0.636,0.68,1
CUST_00196,38,Male,Dar es Salaam,Christian,Others,Secondary,">2,000,000",M-Pesa,4,0.3,0.5,0.64,0.3,Samsung,South Korea,Premium,New,2283269,8.6,Online,Cash,0,12,0.049,0.55,1.0,0.812,1.0,1.0,0.541,0.46,1
CUST_03161,22,Male,Arusha,Other,Others,Diploma,"1,000,001-2,000,000",M-Pesa,4,0.33,0.14,0.41,0.0,Apple,USA,Premium,New,2484777,8.0,Physical Store,Mobile Money,0,2,0.71,0.328,1.0,0.62,1.0,1.0,0.667,0.38,1
CUST_04730,15,Female,Zanzibar,Christian,Others,Secondary,">2,000,000",Halopesa,2,0.08,0.35,0.81,1.0,Nokia,Finland,Mid-Range,New,409173,6.8,Online,Cash,0,1,0.642,0.551,1.0,0.819,1.0,0.8,0.646,0.73,1
CUST_01514,25,Male,Arusha,Christian,Others,Secondary,"500,001-1,000,000",Airtel Money,1,0.62,0.51,0.57,0.3,Huawei,China,Premium,New,1158125,9.3,Physical Store,Mobile Money,0,1,0.508,0.53,1.0,0.688,1.0,1.0,0.678,0.73,1
CUST_04876,15,Male,Dodoma,Christian,Others,Primary,"<200,000",M-Pesa,3,0.11,0.87,0.55,0.0,Xiaomi,China,Mid-Range,Used,411869,5.6,Physical Store,Mobile Money,1,10,0.104,0.308,1.0,0.607,0.6,1.0,0.473,0.65,1
CUST_04296,41,Female,Dodoma,Muslim,Others,No formal,"500,001-1,000,000",M-Pesa,4,0.6,0.41,0.75,0.0,Vivo,China,Mid-Range,New,412973,7.0,Online,Mobile Money,0,1,0.577,0.525,0.9,0.867,1.0,1.0,0.639,0.74,1
CUST_02283,23,Male,Dar es Salaam,Muslim,Others,Secondary,"200,000-500,000",M-Pesa,2,0.27,0.79,0.82,0.5,Tecno,China,Mid-Range,New,396497,7.2,Physical Store,Mobile Money,0,2,0.217,0.59,0.9,0.553,1.0,1.0,0.513,0.75,1
CUST_03080,18,Female,Dar es Salaam,Christian,Others,Diploma,"500,001-1,000,000",M-Pesa,4,0.83,0.67,0.52,0.3,Infinix,China,Mid-Range,New,398935,7.4,Mobile,Card,0,11,0.332,0.385,1.0,0.804,1.0,1.0,0.573,0.76,1
CUST_03139,30,Male,Zanzibar,Christian,Sukuma,Primary,"500,001-1,000,000",None,2,0.33,0.63,0.83,0.7,Tecno,China,Mid-Range,New,398204,7.9,Physical Store,Cash,0,1,0.373,0.656,1.0,0.999,1.0,1.0,0.702,0.79,1
CUST_00786,37,Male,Mwanza,Muslim,Makonde,Primary,"<200,000",M-Pesa,1,0.23,0.8,0.7,0.5,Samsung,South Korea,Premium,New,920693,9.3,Physical Store,Mobile Money,1,1,0.386,0.651,0.9,0.859,1.0,1.0,0.566,0.77,1
CUST_00554,40,Female,Morogoro,Christian,Chagga,Secondary,"<200,000",M-Pesa,4,0.41,0.91,0.52,0.5,Infinix,China,Mid-Range,New,414906,7.1,Physical Store,Cash,0,2,0.056,0.369,1.0,0.512,1.0,1.0,0.424,0.74,0
CUST_00661,41,Female,Tanga,Muslim,Others,Primary,"500,001-1,000,000",M-Pesa,3,0.33,0.74,0.77,0.3,Apple,USA,Premium,New,1025559,8.3,Physical Store,Cash,0,2,0.368,0.639,0.9,0.939,1.0,1.0,0.709,0.69,1
CUST_03962,18,Male,Dar es Salaam,Christian,Sukuma,Secondary,"200,000-500,000",Tigo Pesa,3,0.24,0.93,0.38,0.7,Apple,USA,Premium,New,1790213,8.2,Online,Cash,0,2,0.0,0.312,1.0,0.718,1.0,1.0,0.365,0.53,1
CUST_04108,28,Male,Mwanza,Christian,Others,Secondary,"<200,000",Halopesa,3,0.27,0.96,0.62,0.3,Tecno,China,Mid-Range,New,343156,7.9,Physical Store,Cash,0,1,0.176,0.49,1.0,0.776,1.0,1.0,0.559,0.81,1
CUST_00545,45,Male,Mwanza,Christian,Gogo,Secondary,"200,000-500,000",Tigo Pesa,2,0.1,0.88,0.7,0.3,Tecno,China,Mid-Range,Used,426904,6.3,Physical Store,Mobile Money,0,1,0.061,0.441,1.0,0.988,0.6,1.0,0.496,0.69,1
CUST_00487,26,Female,Dodoma,Christian,Chagga,Primary,"<200,000",Airtel Money,1,0.25,0.81,0.82,0.3,Xiaomi,China,Mid-Range,New,455887,6.1,Physical Store,Mobile Money,1,2,0.077,0.5,1.0,0.803,1.0,1.0,0.511,0.67,1
CUST_02239,18,Female,Mbeya,Muslim,Gogo,Secondary,"500,001-1,000,000",M-Pesa,4,0.43,0.46,0.41,0.3,Apple,USA,Premium,New,910290,8.1,Online,Mobile Money,0,1,0.651,0.332,0.9,1.017,1.0,1.0,0.704,0.7,1
CUST_01437,50,Female,Morogoro,Christian,Others,Secondary,"500,001-1,000,000",M-Pesa,5,0.39,0.64,0.85,0.3,Apple,USA,Premium,New,931632,9.4,Online,Mobile Money,1,1,0.503,0.799,1.0,0.696,1.0,1.0,0.621,0.78,1
CUST_03827,26,Male,Mbeya,Christian,Others,Secondary,"200,000-500,000",M-Pesa,4,0.37,0.86,0.43,0.5,Xiaomi,China,Mid-Range,New,594449,6.2,Physical Store,Mobile Money,1,2,0.0,0.267,1.0,0.541,1.0,1.0,0.386,0.65,1
CUST_00712,26,Male,Dodoma,Christian,Others,Diploma,"200,000-500,000",None,5,0.42,0.89,0.34,0.7,Samsung,South Korea,Premium,New,1438036,9.4,Physical Store,Mobile Money,0,2,0.0,0.32,1.0,0.719,1.0,1.0,0.434,0.68,0
CUST_00151,39,Male,Arusha,Christian,Others,Master+,"500,001-1,000,000",Airtel Money,2,0.28,0.71,0.7,0.5,Apple,USA,Premium,New,1644144,9.8,Physical Store,Cash,0,2,0.027,0.686,1.0,0.943,1.0,1.0,0.505,0.66,1
CUST_04889,15,Female,Dar es Salaam,Muslim,Nyamwezi,Secondary,"200,000-500,000",Airtel Money,2,0.2,0.89,0.5,0.5,Apple,USA,Premium,New,2217003,8.4,Physical Store,Cash,0,2,0.0,0.42,0.9,0.686,1.0,1.0,0.596,0.46,1
CUST_01549,43,Male,Dar es Salaam,Christian,Others,Primary,"<200,000",Airtel Money,5,0.4,0.8,0.62,1.0,Nokia,Finland,Mid-Range,New,515631,7.8,Physical Store,Cash,0,2,0.0,0.484,1.0,0.721,1.0,0.8,0.639,0.76,1
CUST_03065,20,Female,Morogoro,Christian,Others,Primary,"<200,000",Tigo Pesa,5,0.22,0.99,0.55,0.5,Nokia,Finland,Mid-Range,Used,428606,5.5,Online,Cash,0,12,0.0,0.303,1.0,0.93,0.6,1.0,0.458,0.64,1
CUST_03726,15,Male,Tanga,Christian,Sukuma,Secondary,"200,000-500,000",M-Pesa,2,0.31,0.98,0.56,0.0,Infinix,China,Mid-Range,New,287621,6.5,Online,Cash,1,2,0.295,0.364,1.0,0.739,1.0,1.0,0.606,0.73,1
CUST_01195,17,Female,Dar es Salaam,Muslim,Others,Bachelor,"200,000-500,000",M-Pesa,2,0.49,0.88,0.69,0.5,Itel,China,Budget,Used,73635,4.8,Physical Store,Mobile Money,1,1,0.568,0.331,0.9,0.843,0.6,1.0,0.665,0.67,1
CUST_02064,26,Male,Arusha,Christian,Others,Primary,">2,000,000",Airtel Money,3,0.09,0.19,0.45,0.5,Apple,USA,Premium,New,2480059,10.0,Physical Store,Mobile Money,0,2,0.607,0.45,1.0,1.12,1.0,1.0,0.641,0.5,1
CUST_01745,33,Female,Mwanza,Christian,Others,Primary,"1,000,001-2,000,000",Halopesa,1,0.28,0.2,0.71,0.5,Samsung,South Korea,Premium,New,701806,10.0,Physical Store,Mobile Money,0,2,0.883,0.71,1.0,0.977,1.0,1.0,0.83,0.86,1
CUST_03376,32,Female,Tanga,Christian,Nyamwezi,Primary,"<200,000",M-Pesa,3,0.13,0.82,0.38,0.7,Huawei,China,Premium,New,1053313,8.7,Physical Store,Mobile Money,0,1,0.28,0.331,1.0,0.92,1.0,1.0,0.563,0.71,1
CUST_01570,31,Female,Mwanza,Christian,Others,Primary,"<200,000",Tigo Pesa,5,0.07,0.98,0.53,0.5,Infinix,China,Mid-Range,New,290621,6.4,Mobile,Cash,0,2,0.288,0.339,1.0,0.936,1.0,1.0,0.591,0.73,1
CUST_00376,15,Female,Arusha,Christian,Others,Secondary,"500,001-1,000,000",M-Pesa,4,0.6,0.48,0.87,0.3,Huawei,China,Premium,Used,1874043,8.1,Physical Store,Mobile Money,0,2,0.25,0.705,1.0,0.988,0.6,1.0,0.527,0.51,1
CUST_04248,34,Male,Tanga,Christian,Others,Secondary,"200,000-500,000",Airtel Money,4,0.39,0.74,0.82,1.0,Tecno,China,Mid-Range,New,474779,6.3,Online,Cash,0,2,0.122,0.517,1.0,0.51,1.0,0.8,0.504,0.68,1
CUST_00276,26,Female,Dodoma,Muslim,Sukuma,Diploma,"500,001-1,000,000",Halopesa,3,0.28,0.67,0.45,0.7,Nokia,Finland,Mid-Range,New,534257,6.7,Physical Store,Mobile Money,1,2,0.105,0.302,0.9,0.986,1.0,1.0,0.345,0.7,1
CUST_01677,25,Male,Arusha,Christian,Others,Secondary,"500,001-1,000,000",M-Pesa,3,0.27,0.67,0.61,0.3,Tecno,China,Mid-Range,New,518725,6.0,Physical Store,Cash,0,2,0.131,0.366,1.0,0.983,1.0,1.0,0.72,0.66,1
CUST_03927,29,Female,Tanga,Muslim,Sukuma,Secondary,"200,000-500,000",M-Pesa,5,0.69,0.96,0.43,0.3,Tecno,China,Mid-Range,New,367005,7.7,Physical Store,Cash,0,2,0.119,0.331,0.9,0.896,1.0,1.0,0.605,0.79,1
CUST_02423,46,Female,Dar es Salaam,Muslim,Gogo,Secondary,"<200,000",Airtel Money,2,0.03,0.93,0.69,0.0,Infinix,China,Mid-Range,New,405562,6.4,Mobile,Cash,1,2,0.057,0.442,0.9,0.747,1.0,1.0,0.37,0.7,1
CUST_02861,35,Female,Mwanza,Christian,Chagga,Secondary,"200,000-500,000",Tigo Pesa,3,0.15,1.0,0.52,0.3,Nokia,Finland,Mid-Range,New,500023,7.1,Physical Store,Mobile Money,0,2,0.0,0.369,1.0,0.752,1.0,1.0,0.305,0.73,1
CUST_00800,35,Male,Morogoro,Christian,Others,Primary,"1,000,001-2,000,000",M-Pesa,2,0.58,0.14,0.52,0.5,Nokia,Finland,Mid-Range,New,582171,7.2,Physical Store,Cash,0,2,0.796,0.374,1.0,0.85,1.0,1.0,0.504,0.72,1
CUST_00697,31,Female,Mwanza,Christian,Others,Secondary,"500,001-1,000,000",M-Pesa,3,0.17,0.69,0.43,0.3,Apple,USA,Premium,New,1109675,9.4,Physical Store,Mobile Money,0,2,0.362,0.404,1.0,1.003,1.0,1.0,0.634,0.74,0
CUST_03907,34,Male,Dodoma,Christian,Nyamwezi,No formal,"500,001-1,000,000",Tigo Pesa,1,0.24,0.41,0.68,0.5,Nokia,Finland,Mid-Range,New,534386,6.9,Physical Store,Cash,0,1,0.452,0.469,1.0,0.604,1.0,1.0,0.741,0.71,0
CUST_03835,24,Female,Arusha,Christian,Sukuma,Secondary,"200,000-500,000",None,4,0.34,0.99,0.84,0.0,Apple,USA,Premium,New,760882,8.0,Online,Cash,1,12,0.372,0.672,1.0,0.659,1.0,1.0,0.888,0.73,1
CUST_04736,29,Female,Mbeya,Christian,Others,Diploma,"200,000-500,000",M-Pesa,3,0.44,0.86,0.52,0.3,Samsung,South Korea,Premium,New,746736,8.1,Physical Store,Cash,0,11,0.465,0.421,1.0,0.774,1.0,1.0,0.687,0.74,1
CUST_00994,28,Female,Zanzibar,Muslim,Gogo,No formal,"1,000,001-2,000,000",M-Pesa,3,0.39,0.4,0.64,0.7,Infinix,China,Mid-Range,New,308437,7.1,Online,Cash,0,2,0.692,0.454,0.9,0.865,1.0,1.0,0.587,0.76,0
CUST_00052,41,Male,Mbeya,Christian,Others,Primary,"200,000-500,000",M-Pesa,2,0.2,0.82,0.32,0.0,Tecno,China,Mid-Range,New,328356,6.5,Physical Store,Card,0,1,0.327,0.208,1.0,0.853,1.0,1.0,0.387,0.72,1
CUST_02232,18,Male,Dodoma,Christian,Others,Diploma,"200,000-500,000",None,1,0.13,0.92,0.83,0.3,Tecno,China,Mid-Range,Used,348008,5.8,Mobile,Cash,0,2,0.2,0.481,1.0,0.522,0.6,1.0,0.497,0.68,1
CUST_04860,22,Female,Morogoro,Muslim,Others,Diploma,">2,000,000",Halopesa,3,0.27,0.25,0.42,0.7,Nokia,Finland,Mid-Range,New,311972,6.2,Physical Store,Cash,0,2,0.805,0.26,0.9,0.572,1.0,1.0,0.613,0.71,1
CUST_01196,29,Female,Mwanza,Muslim,Others,No formal,"200,000-500,000",Tigo Pesa,2,0.17,0.88,0.42,0.3,Apple,USA,Premium,New,1035715,9.8,Physical Store,Cash,1,2,0.24,0.412,0.9,0.764,1.0,1.0,0.8,0.78,1
CUST_03442,23,Male,Zanzibar,Muslim,Nyamwezi,Primary,"<200,000",M-Pesa,1,0.54,0.88,0.44,0.0,Xiaomi,China,Mid-Range,New,321971,7.3,Physical Store,Mobile Money,0,2,0.292,0.321,0.9,0.618,1.0,1.0,0.471,0.77,1
CUST_01707,15,Male,Zanzibar,Christian,Sukuma,Diploma,"500,001-1,000,000",Halopesa,3,0.1,0.51,0.68,0.3,Samsung,South Korea,Premium,New,1891129,8.6,Physical Store,Cash,0,2,0.196,0.585,1.0,1.188,1.0,1.0,0.495,0.54,1
CUST_04125,33,Female,Dodoma,Muslim,Others,Diploma,"500,001-1,000,000",M-Pesa,4,0.33,0.57,0.6,0.3,Apple,USA,Premium,Used,361534,7.3,Online,Mobile Money,0,2,0.828,0.438,0.9,0.647,0.6,1.0,0.714,0.77,1
CUST_01128,35,Male,Dar es Salaam,Christian,Others,Primary,"200,000-500,000",Airtel Money,3,0.39,0.85,0.38,0.3,Vivo,China,Mid-Range,New,406276,6.4,Physical Store,Mobile Money,1,2,0.137,0.243,1.0,0.744,1.0,1.0,0.591,0.7,1
CUST_02976,30,Male,Dar es Salaam,Christian,Others,Diploma,">2,000,000",M-Pesa,4,0.52,0.39,0.39,0.7,Apple,USA,Premium,New,1669942,9.2,Physical Store,Cash,0,12,0.457,0.359,1.0,1.099,1.0,1.0,0.7,0.62,1
CUST_04102,51,Male,Zanzibar,Muslim,Others,No formal,"200,000-500,000",Tigo Pesa,1,0.22,0.99,0.32,0.5,Vivo,China,Mid-Range,New,449871,7.6,Mobile,Card,1,1,0.0,0.243,0.9,0.812,1.0,1.0,0.129,0.77,0
CUST_04908,23,Male,Morogoro,Christian,Others,Primary,">2,000,000",Halopesa,1,0.18,0.19,0.6,0.5,Vivo,China,Mid-Range,Used,479639,5.8,Physical Store,Mobile Money,1,2,0.772,0.348,1.0,0.921,0.6,1.0,0.615,0.65,1
CUST_03862,27,Male,Mbeya,Christian,Sukuma,Primary,"1,000,001-2,000,000",Airtel Money,3,0.29,0.4,0.33,0.3,Xiaomi,China,Mid-Range,New,585526,7.2,Physical Store,Card,0,1,0.414,0.238,1.0,0.716,1.0,1.0,0.623,0.71,0
CUST_04888,16,Male,Dodoma,Christian,Makonde,Master+,"200,000-500,000",M-Pesa,1,0.19,0.85,0.33,0.3,Nokia,Finland,Mid-Range,New,544141,6.1,Online,Cash,0,2,0.0,0.201,1.0,0.698,1.0,1.0,0.395,0.66,1
CUST_02551,26,Male,Dar es Salaam,Christian,Sukuma,Secondary,"<200,000",Tigo Pesa,2,0.21,0.76,0.79,0.5,Tecno,China,Mid-Range,New,385737,7.9,Online,Mobile Money,1,2,0.267,0.624,1.0,0.746,1.0,1.0,0.57,0.8,1
CUST_01151,30,Male,Mwanza,Christian,Makonde,Secondary,"1,000,001-2,000,000",M-Pesa,3,0.17,0.11,0.73,0.7,Nokia,Finland,Mid-Range,New,591184,6.3,Physical Store,Mobile Money,0,2,0.837,0.46,1.0,0.651,1.0,1.0,0.589,0.66,0
CUST_02319,37,Male,Dar es Salaam,Christian,Sukuma,Secondary,"1,000,001-2,000,000",Airtel Money,1,0.32,0.48,0.36,0.5,Itel,China,Budget,New,92002,6.9,Physical Store,Mobile Money,0,2,0.706,0.248,1.0,0.634,1.0,1.0,0.595,0.8,1
CUST_02976,30,Male,Dar es Salaam,Christian,Others,Diploma,">2,000,000",M-Pesa,4,0.52,0.39,0.39,0.7,Apple,USA,Premium,New,1668137,8.1,Online,Mobile Money,0,11,0.458,0.316,1.0,1.056,1.0,1.0,0.757,0.55,1
CUST_00680,30,Male,Mwanza,Christian,Others,Secondary,"<200,000",M-Pesa,5,0.33,0.96,0.44,0.0,Samsung,South Korea,Premium,New,2490733,9.7,Online,Cash,0,10,0.0,0.427,1.0,1.13,1.0,1.0,0.49,0.48,1
CUST_03629,22,Male,Dodoma,Christian,Makonde,Secondary,"200,000-500,000",Tigo Pesa,3,0.29,0.76,0.67,0.3,Infinix,China,Mid-Range,New,262601,7.0,Online,Mobile Money,0,2,0.501,0.469,1.0,0.846,1.0,1.0,0.66,0.77,1
CUST_02307,42,Male,Tanga,Muslim,Others,No formal,"<200,000",Halopesa,1,0.26,0.71,0.62,1.0,Huawei,China,Premium,New,1374357,8.7,Physical Store,Cash,0,11,0.187,0.539,0.9,0.904,1.0,0.8,0.536,0.65,1
CUST_02257,23,Male,Dar es Salaam,Muslim,Others,Secondary,"1,000,001-2,000,000",Halopesa,4,0.32,0.19,0.61,0.7,Infinix,China,Mid-Range,New,303407,6.2,Physical Store,Card,0,2,0.856,0.378,0.9,0.748,1.0,1.0,0.783,0.71,1
CUST_02849,18,Female,Zanzibar,Christian,Haya,No formal,"1,000,001-2,000,000",M-Pesa,4,0.3,0.13,0.78,0.3,Nokia,Finland,Mid-Range,New,376612,7.0,Mobile,Card,1,12,0.878,0.546,1.0,0.51,1.0,1.0,0.739,0.74,1
CUST_01259,28,Female,Dar es Salaam,Christian,Haya,No formal,"200,000-500,000",Halopesa,5,0.07,0.99,0.62,0.3,Huawei,China,Premium,New,1270631,8.4,Physical Store,Mobile Money,0,1,0.0,0.521,1.0,0.832,1.0,1.0,0.566,0.65,1
CUST_04965,15,Female,Arusha,Muslim,Sukuma,Diploma,"<200,000",Tigo Pesa,2,0.4,0.7,0.78,0.5,Infinix,China,Mid-Range,New,560012,6.8,Physical Store,Cash,0,1,0.02,0.53,0.9,0.956,1.0,1.0,0.466,0.7,1
CUST_01737,18,Female,Mbeya,Christian,Others,Primary,"200,000-500,000",Tigo Pesa,3,0.64,0.86,0.31,0.5,Vivo,China,Mid-Range,New,321889,6.8,Online,Mobile Money,0,2,0.308,0.211,1.0,0.724,1.0,1.0,0.64,0.74,1
CUST_02984,30,Male,Dar es Salaam,Other,Nyamwezi,Bachelor,"200,000-500,000",Airtel Money,3,0.23,0.85,0.54,0.5,Nokia,Finland,Mid-Range,New,482646,7.2,Physical Store,Card,0,2,0.0,0.389,1.0,0.65,1.0,1.0,0.386,0.74,1
CUST_02389,35,Male,Zanzibar,Muslim,Others,No formal,"200,000-500,000",Tigo Pesa,1,0.18,0.88,0.87,0.5,Samsung,South Korea,Premium,New,1772901,9.1,Physical Store,Mobile Money,0,2,0.0,0.792,0.9,0.835,1.0,1.0,0.52,0.59,1
CUST_01277,25,Male,Mbeya,Christian,Makonde,Secondary,"<200,000",None,4,0.17,0.98,0.68,0.0,Tecno,China,Mid-Range,New,541268,6.6,Physical Store,Cash,0,1,0.0,0.449,1.0,0.92,1.0,1.0,0.485,0.69,1
CUST_00254,52,Female,Dodoma,Muslim,Others,Primary,"200,000-500,000",M-Pesa,3,0.26,0.87,0.66,0.7,Samsung,South Korea,Premium,New,1315830,9.3,Online,Mobile Money,0,2,0.046,0.614,0.9,0.995,1.0,1.0,0.692,0.69,1
CUST_02667,24,Female,Mwanza,Christian,Others,Primary,"500,001-1,000,000",None,4,0.15,0.45,0.85,0.0,Huawei,China,Premium,New,1450632,8.7,Mobile,Mobile Money,0,2,0.456,0.739,1.0,0.508,1.0,1.0,0.663,0.63,0
CUST_00874,18,Male,Tanga,Christian,Others,Secondary,"200,000-500,000",M-Pesa,5,0.23,0.83,0.76,0.5,Nokia,Finland,Mid-Range,New,535534,6.1,Physical Store,Mobile Money,1,1,0.0,0.464,1.0,0.577,1.0,1.0,0.591,0.66,1
CUST_01309,30,Male,Mbeya,Muslim,Nyamwezi,Bachelor,"200,000-500,000",Airtel Money,5,0.29,0.7,0.87,0.5,Samsung,South Korea,Premium,New,1557492,8.1,Online,Cash,0,2,0.091,0.705,0.9,0.824,1.0,1.0,0.429,0.57,1
CUST_00317,20,Male,Arusha,Christian,Gogo,Primary,"200,000-500,000",M-Pesa,3,0.3,0.97,0.3,0.7,Tecno,China,Mid-Range,New,396904,7.3,Physical Store,Mobile Money,0,11,0.038,0.219,1.0,0.657,1.0,1.0,0.53,0.76,1
CUST_03858,39,Male,Mbeya,Christian,Others,Primary,"200,000-500,000",Airtel Money,4,0.19,0.74,0.34,0.3,Apple,USA,Premium,New,1400956,8.3,Physical Store,Cash,0,2,0.136,0.282,1.0,0.754,1.0,1.0,0.629,0.62,1
CUST_03931,18,Female,Morogoro,Christian,Haya,Diploma,"1,000,001-2,000,000",Airtel Money,1,0.16,0.39,0.41,0.3,Samsung,South Korea,Premium,New,1619904,8.1,Mobile,Card,1,2,0.474,0.332,1.0,0.955,1.0,1.0,0.619,0.56,1
CUST_03210,34,Male,Arusha,Muslim,Sukuma,Primary,"500,001-1,000,000",Airtel Money,4,0.41,0.47,0.84,0.5,Itel,China,Budget,New,119527,5.1,Online,Cash,1,2,0.625,0.428,0.9,0.838,1.0,1.0,0.657,0.68,1
CUST_03518,20,Male,Mwanza,Muslim,Chagga,Primary,"200,000-500,000",Airtel Money,3,0.37,0.97,0.31,0.5,Xiaomi,China,Mid-Range,New,571836,7.1,Online,Mobile Money,1,2,0.0,0.22,0.9,0.574,1.0,1.0,0.39,0.71,1
CUST_02039,39,Male,Dar es Salaam,Christian,Sukuma,Diploma,"200,000-500,000",M-Pesa,2,0.11,0.91,0.83,0.0,Huawei,China,Premium,New,987774,9.1,Physical Store,Mobile Money,0,1,0.251,0.755,1.0,0.782,1.0,1.0,0.779,0.75,1
CUST_00644,20,Male,Mbeya,Christian,Sukuma,Primary,"200,000-500,000",None,3,0.24,0.84,0.82,0.3,Huawei,China,Premium,New,2273050,10.0,Physical Store,Cash,0,2,0.0,0.82,1.0,0.79,1.0,1.0,0.454,0.55,0
CUST_01263,32,Female,Dar es Salaam,Christian,Haya,Secondary,"1,000,001-2,000,000",Tigo Pesa,2,0.27,0.37,0.31,0.0,Tecno,China,Mid-Range,New,288660,6.5,Mobile,Mobile Money,1,1,0.733,0.202,1.0,0.692,1.0,1.0,0.517,0.73,1
CUST_03015,15,Male,Tanga,Christian,Others,Primary,"<200,000",Airtel Money,2,0.32,0.71,0.52,0.3,Vivo,China,Mid-Range,New,526081,6.5,Physical Store,Cash,0,12,0.066,0.338,1.0,0.791,1.0,1.0,0.39,0.68,1
CUST_03231,36,Female,Dar es Salaam,Christian,Others,No formal,"200,000-500,000",Airtel Money,4,0.59,0.92,0.43,0.5,Itel,China,Budget,New,125520,4.5,Online,Cash,0,2,0.23,0.194,1.0,0.761,1.0,1.0,0.396,0.64,0
CUST_03652,35,Male,Mbeya,Other,Chagga,Bachelor,"1,000,001-2,000,000",M-Pesa,3,0.27,0.2,0.35,0.3,Samsung,South Korea,Premium,New,2292550,8.5,Physical Store,Cash,1,2,0.618,0.298,1.0,0.685,1.0,1.0,0.504,0.45,1
CUST_00353,36,Male,Dar es Salaam,Christian,Nyamwezi,Primary,"200,000-500,000",Tigo Pesa,2,0.6,0.9,0.8,0.0,Apple,USA,Premium,New,1473827,8.7,Online,Mobile Money,0,2,0.0,0.696,1.0,0.867,1.0,1.0,0.746,0.63,1
CUST_02883,34,Male,Mbeya,Christian,Sukuma,Primary,"200,000-500,000",None,5,0.61,1.0,0.56,0.5,Tecno,China,Mid-Range,Used,479759,5.3,Physical Store,Cash,0,2,0.0,0.297,1.0,0.973,0.6,1.0,0.566,0.62,1
CUST_01215,41,Female,Zanzibar,Other,Others,Primary,"200,000-500,000",Halopesa,5,0.05,0.93,0.79,0.0,Huawei,China,Premium,New,1885010,8.9,Physical Store,Cash,0,2,0.0,0.703,1.0,0.867,1.0,1.0,0.494,0.56,1
CUST_03731,26,Male,Tanga,Other,Haya,Secondary,"200,000-500,000",M-Pesa,2,0.6,0.97,0.46,0.3,Tecno,China,Mid-Range,New,335789,7.3,Physical Store,Mobile Money,0,2,0.186,0.336,1.0,0.822,1.0,1.0,0.817,0.77,1
CUST_03544,34,Female,Mwanza,Muslim,Others,Diploma,"<200,000",M-Pesa,3,0.17,0.71,0.76,0.5,Huawei,China,Premium,New,2450008,9.1,Online,Cash,0,2,0.0,0.692,0.9,0.624,1.0,1.0,0.609,0.46,1
CUST_03492,15,Female,Morogoro,Christian,Sukuma,Secondary,"200,000-500,000",Halopesa,2,0.25,0.86,0.59,1.0,Tecno,China,Mid-Range,New,386916,6.7,Physical Store,Cash,0,2,0.168,0.395,1.0,0.946,1.0,0.8,0.438,0.72,1
CUST_04641,40,Female,Zanzibar,Muslim,Others,Secondary,">2,000,000",M-Pesa,4,0.24,0.47,0.71,0.5,Vivo,China,Mid-Range,New,358010,6.4,Physical Store,Card,1,1,0.579,0.454,0.9,0.886,1.0,1.0,0.766,0.71,1
CUST_03731,26,Male,Tanga,Other,Haya,Secondary,"200,000-500,000",M-Pesa,2,0.6,0.97,0.46,0.3,Tecno,China,Mid-Range,Used,465166,6.2,Online,Mobile Money,0,2,0.0,0.285,1.0,0.641,0.6,1.0,0.335,0.68,1
CUST_03638,28,Male,Dar es Salaam,Christian,Others,No formal,"500,001-1,000,000",Airtel Money,3,0.35,0.61,0.88,0.3,Infinix,China,Mid-Range,New,292472,7.9,Physical Store,Cash,0,12,0.554,0.695,1.0,0.613,1.0,1.0,0.796,0.82,1
CUST_04671,28,Female,Mwanza,Muslim,Nyamwezi,Primary,"200,000-500,000",Airtel Money,4,0.21,0.84,0.55,0.7,Xiaomi,China,Mid-Range,New,303116,6.8,Physical Store,Mobile Money,1,2,0.363,0.374,0.9,0.816,1.0,1.0,0.658,0.75,1
CUST_04651,42,Female,Dar es Salaam,Muslim,Nyamwezi,Secondary,"200,000-500,000",Tigo Pesa,3,0.41,0.92,0.5,0.5,Huawei,China,Premium,Used,705336,8.2,Physical Store,Mobile Money,0,2,0.459,0.41,0.9,0.766,0.6,1.0,0.627,0.75,1
CUST_02814,38,Male,Mbeya,Christian,Others,Primary,"500,001-1,000,000",Tigo Pesa,3,0.46,0.44,0.44,0.5,Apple,USA,Premium,New,1121755,8.3,Physical Store,Cash,0,2,0.589,0.365,1.0,1.059,1.0,1.0,0.685,0.67,1
CUST_01559,20,Female,Dar es Salaam,Christian,Sukuma,Master+,"200,000-500,000",Airtel Money,5,0.22,0.75,0.57,0.3,Tecno,China,Mid-Range,Used,126326,5.3,Physical Store,Mobile Money,0,12,0.763,0.302,1.0,0.605,0.6,1.0,0.575,0.69,1
CUST_03918,15,Male,Dar es Salaam,Christian,Makonde,Primary,"200,000-500,000",None,3,0.29,0.81,0.76,0.5,Nokia,Finland,Mid-Range,Used,299238,5.1,Physical Store,Cash,0,2,0.394,0.388,1.0,0.744,0.6,1.0,0.589,0.65,1
CUST_00750,31,Female,Dodoma,Christian,Others,Master+,"200,000-500,000",Tigo Pesa,2,0.48,0.75,0.47,0.3,Apple,USA,Premium,New,2318196,8.2,Physical Store,Mobile Money,1,1,0.0,0.385,1.0,0.931,1.0,1.0,0.632,0.43,1
CUST_03420,32,Female,Morogoro,Muslim,Others,Primary,"200,000-500,000",Tigo Pesa,3,0.5,0.86,0.48,0.7,Apple,USA,Premium,New,1488159,9.5,Physical Store,Mobile Money,0,2,0.0,0.456,0.9,0.733,1.0,1.0,0.452,0.67,1
CUST_02775,15,Female,Zanzibar,Muslim,Others,Primary,"500,001-1,000,000",Tigo Pesa,4,0.2,0.69,0.81,0.3,Nokia,Finland,Mid-Range,New,278297,6.1,Physical Store,Cash,0,2,0.52,0.494,0.9,0.957,1.0,1.0,0.774,0.71,1
CUST_00882,15,Female,Dar es Salaam,Christian,Nyamwezi,Diploma,"500,001-1,000,000",M-Pesa,5,0.08,0.57,0.83,0.3,Itel,China,Budget,New,128006,4.3,Physical Store,Mobile Money,0,2,0.514,0.357,1.0,0.869,1.0,1.0,0.506,0.63,1
CUST_04207,28,Female,Mwanza,Christian,Sukuma,Primary,"500,001-1,000,000",Tigo Pesa,2,0.3,0.7,0.63,0.0,Samsung,South Korea,Premium,New,750679,8.6,Physical Store,Mobile Money,0,12,0.562,0.542,1.0,0.878,1.0,1.0,0.653,0.77,1
CUST_01476,27,Male,Dar es Salaam,Christian,Others,Secondary,"<200,000",M-Pesa,1,0.02,0.92,0.58,1.0,Huawei,China,Premium,New,735105,9.9,Mobile,Mobile Money,0,12,0.436,0.574,1.0,0.949,1.0,0.8,0.66,0.85,1
CUST_01722,30,Male,Zanzibar,Muslim,Others,Primary,"500,001-1,000,000",Tigo Pesa,2,0.12,0.54,0.86,0.5,Apple,USA,Premium,New,917993,9.7,Physical Store,Cash,0,12,0.587,0.834,0.9,1.065,1.0,1.0,0.773,0.8,1
CUST_02219,26,Male,Morogoro,Muslim,Haya,Bachelor,">2,000,000",Tigo Pesa,2,0.11,0.28,0.84,0.0,Samsung,South Korea,Premium,New,1061810,9.7,Mobile,Card,0,1,0.752,0.815,0.9,0.971,1.0,1.0,0.884,0.77,1
CUST_00284,22,Female,Dar es Salaam,Christian,Nyamwezi,No formal,"200,000-500,000",M-Pesa,2,0.39,0.83,0.53,0.7,Nokia,Finland,Mid-Range,New,448525,7.4,Physical Store,Cash,1,2,0.069,0.392,1.0,0.922,1.0,1.0,0.391,0.75,1
CUST_01491,45,Female,Tanga,Muslim,Nyamwezi,No formal,"200,000-500,000",M-Pesa,1,0.68,0.94,0.58,0.5,Nokia,Finland,Mid-Range,New,495103,7.4,Mobile,Card,0,10,0.0,0.429,0.9,0.976,1.0,1.0,0.475,0.74,1
CUST_00753,46,Female,Zanzibar,Christian,Others,Secondary,"500,001-1,000,000",Airtel Money,4,0.08,0.7,0.73,0.0,Tecno,China,Mid-Range,New,502591,6.6,Physical Store,Cash,0,2,0.12,0.482,1.0,0.934,1.0,1.0,0.476,0.7,1
CUST_03293,33,Male,Zanzibar,Christian,Others,Secondary,"<200,000",M-Pesa,2,0.1,0.91,0.65,1.0,Huawei,China,Premium,New,616979,9.5,Physical Store,Mobile Money,0,2,0.532,0.617,1.0,0.568,1.0,0.8,0.623,0.85,1
CUST_01998,36,Female,Dodoma,Muslim,Others,Secondary,"200,000-500,000",Tigo Pesa,4,0.52,0.71,0.6,0.7,Vivo,China,Mid-Range,Used,142842,5.3,Physical Store,Mobile Money,0,1,0.746,0.318,0.9,0.982,0.6,1.0,0.6,0.69,1
CUST_03979,16,Male,Morogoro,Muslim,Chagga,Diploma,"<200,000",Halopesa,3,0.36,0.71,0.79,0.7,Infinix,China,Mid-Range,New,401717,6.5,Physical Store,Mobile Money,0,12,0.287,0.514,0.9,0.862,1.0,1.0,0.478,0.71,1
CUST_03982,23,Male,Mwanza,Muslim,Others,Secondary,"200,000-500,000",Halopesa,3,0.3,0.74,0.61,0.0,Xiaomi,China,Mid-Range,New,363513,7.6,Physical Store,Cash,0,2,0.328,0.464,0.9,0.563,1.0,1.0,0.549,0.78,1
CUST_00732,31,Male,Dar es Salaam,Muslim,Haya,Secondary,"200,000-500,000",Airtel Money,2,0.48,0.8,0.62,0.3,Tecno,China,Mid-Range,New,575059,7.5,Physical Store,Cash,0,1,0.0,0.465,0.9,0.735,1.0,1.0,0.424,0.73,1
CUST_02083,48,Male,Mwanza,Christian,Others,Primary,"500,001-1,000,000",Airtel Money,3,0.31,0.47,0.71,1.0,Nokia,Finland,Mid-Range,New,595564,7.5,Physical Store,Mobile Money,0,1,0.3,0.532,1.0,0.551,1.0,0.8,0.477,0.73,1
CUST_00036,32,Male,Dar es Salaam,Christian,Sukuma,Primary,"<200,000",M-Pesa,2,0.09,0.91,0.32,0.5,Nokia,Finland,Mid-Range,Used,444417,6.1,Online,Mobile Money,0,2,0.0,0.195,1.0,0.834,0.6,1.0,0.333,0.68,1
CUST_04977,25,Female,Tanga,Muslim,Haya,No formal,"500,001-1,000,000",M-Pesa,4,0.18,0.63,0.87,0.7,Apple,USA,Premium,New,1936702,8.1,Online,Cash,0,12,0.0,0.705,0.9,0.726,1.0,1.0,0.666,0.5,1
CUST_01526,35,Male,Mbeya,Christian,Sukuma,Diploma,"<200,000",Halopesa,4,0.23,0.81,0.57,0.7,Tecno,China,Mid-Range,New,464748,6.7,Physical Store,Mobile Money,1,12,0.059,0.382,1.0,0.543,1.0,1.0,0.398,0.71,1
CUST_01820,20,Male,Arusha,Other,Others,Primary,"200,000-500,000",Airtel Money,2,0.34,0.93,0.42,1.0,Samsung,South Korea,Premium,New,1798876,9.5,Physical Store,Cash,0,2,0.0,0.399,1.0,0.9,1.0,0.8,0.51,0.61,1
CUST_01282,33,Male,Dar es Salaam,Muslim,Others,Secondary,"500,001-1,000,000",M-Pesa,4,0.35,0.7,0.4,0.3,Itel,China,Budget,Used,183206,4.2,Physical Store,Mobile Money,0,1,0.145,0.168,0.9,0.644,0.6,1.0,0.391,0.62,1
CUST_03626,30,Female,Mbeya,Muslim,Others,Secondary,"1,000,001-2,000,000",Tigo Pesa,4,0.38,0.31,0.7,0.5,Apple,USA,Premium,Used,871404,8.9,Physical Store,Cash,0,1,0.775,0.623,0.9,0.897,0.6,1.0,0.681,0.76,1
CUST_02104,23,Female,Dar es Salaam,Christian,Chagga,Diploma,"200,000-500,000",Halopesa,2,0.19,0.98,0.55,0.3,Huawei,China,Premium,Used,1046935,8.8,Physical Store,Mobile Money,0,1,0.145,0.484,1.0,0.758,0.6,1.0,0.544,0.72,1
CUST_03398,25,Male,Morogoro,Christian,Others,Primary,"1,000,001-2,000,000",Airtel Money,3,0.41,0.42,0.46,0.3,Apple,USA,Premium,New,656235,8.3,Physical Store,Cash,0,12,0.77,0.382,1.0,1.152,1.0,1.0,0.544,0.77,1
CUST_02395,17,Female,Arusha,Christian,Chagga,Primary,"200,000-500,000",Airtel Money,3,0.35,0.85,0.42,0.5,Itel,China,Budget,New,216862,5.7,Physical Store,Mobile Money,0,11,0.0,0.239,1.0,0.829,1.0,1.0,0.417,0.7,1
CUST_02366,31,Female,Dar es Salaam,Christian,Sukuma,No formal,"500,001-1,000,000",Airtel Money,3,0.27,0.78,0.88,0.5,Infinix,China,Mid-Range,New,525718,6.8,Online,Mobile Money,0,12,0.0,0.598,1.0,0.747,1.0,1.0,0.579,0.7,1
CUST_03740,48,Male,Dodoma,Muslim,Others,Master+,"1,000,001-2,000,000",Tigo Pesa,4,0.32,0.42,0.76,0.5,Infinix,China,Mid-Range,New,478652,6.4,Mobile,Cash,0,1,0.497,0.486,0.9,0.698,1.0,1.0,0.554,0.69,0
CUST_00149,31,Female,Dar es Salaam,Muslim,Gogo,Secondary,"200,000-500,000",Halopesa,5,0.48,0.99,0.42,0.0,Xiaomi,China,Mid-Range,New,312006,6.7,Physical Store,Cash,0,2,0.228,0.281,0.9,0.707,1.0,1.0,0.328,0.74,1
CUST_04612,23,Female,Dar es Salaam,Muslim,Chagga,Secondary,"1,000,001-2,000,000",M-Pesa,5,0.11,0.44,0.63,0.3,Apple,USA,Premium,New,1412547,8.6,Physical Store,Cash,0,12,0.482,0.542,0.9,0.754,1.0,1.0,0.558,0.63,1
CUST_00912,35,Male,Dar es Salaam,Muslim,Others,Diploma,"200,000-500,000",M-Pesa,4,0.49,0.84,0.84,0.0,Apple,USA,Premium,New,925226,9.8,Physical Store,Cash,0,2,0.352,0.823,0.9,0.803,1.0,1.0,0.802,0.8,1
CUST_00006,38,Male,Zanzibar,Muslim,Makonde,Secondary,"500,001-1,000,000",Tigo Pesa,4,0.79,0.44,0.32,0.5,Huawei,China,Premium,New,1024035,9.8,Physical Store,Mobile Money,0,2,0.625,0.314,0.9,0.936,1.0,1.0,0.522,0.78,1
CUST_04330,33,Male,Arusha,Muslim,Chagga,Secondary,"1,000,001-2,000,000",M-Pesa,5,0.11,0.45,0.31,0.5,Nokia,Finland,Mid-Range,New,442194,7.4,Physical Store,Cash,0,2,0.503,0.229,0.9,0.623,1.0,1.0,0.587,0.76,0
CUST_01099,27,Female,Arusha,Muslim,Others,Primary,"500,001-1,000,000",Tigo Pesa,3,0.35,0.54,0.9,0.0,Tecno,China,Mid-Range,Used,434732,6.3,Physical Store,Cash,1,1,0.413,0.567,0.9,0.788,0.6,1.0,0.583,0.69,1
CUST_03234,27,Female,Morogoro,Other,Chagga,Secondary,"500,001-1,000,000",Airtel Money,5,0.39,0.56,0.41,0.7,Infinix,China,Mid-Range,New,379944,6.7,Physical Store,Cash,0,2,0.468,0.275,1.0,0.788,1.0,1.0,0.556,0.73,1
CUST_02137,15,Male,Arusha,Christian,Sukuma,Secondary,"500,001-1,000,000",Halopesa,3,0.3,0.69,0.55,0.5,Huawei,China,Premium,New,1280150,9.2,Physical Store,Cash,0,2,0.264,0.506,1.0,0.864,1.0,1.0,0.815,0.7,1
CUST_04842,37,Male,Mbeya,Christian,Sukuma,Bachelor,"500,001-1,000,000",Airtel Money,1,0.41,0.64,0.38,0.7,Oppo,China,Mid-Range,New,371198,6.4,Physical Store,Mobile Money,1,2,0.406,0.243,1.0,0.871,1.0,1.0,0.518,0.71,1
CUST_02860,45,Male,Mbeya,Muslim,Sukuma,Diploma,"500,001-1,000,000",M-Pesa,5,0.21,0.71,0.47,0.3,Tecno,China,Mid-Range,Used,468095,5.5,Physical Store,Mobile Money,1,1,0.169,0.258,0.9,0.662,0.6,1.0,0.301,0.64,1
CUST_03370,31,Male,Dar es Salaam,Christian,Gogo,No formal,"500,001-1,000,000",M-Pesa,1,0.07,0.52,0.9,0.0,Huawei,China,Premium,New,2462551,9.0,Physical Store,Cash,0,2,0.0,0.81,1.0,0.727,1.0,1.0,0.642,0.45,0
CUST_00411,24,Female,Mwanza,Christian,Others,No formal,"200,000-500,000",Tigo Pesa,2,0.07,0.94,0.81,0.3,Huawei,China,Premium,New,1873639,9.0,Physical Store,Card,0,2,0.0,0.729,1.0,0.981,1.0,1.0,0.569,0.57,1
CUST_02461,37,Female,Mbeya,Christian,Others,Secondary,"<200,000",M-Pesa,4,0.44,0.88,0.57,0.3,Infinix,China,Mid-Range,New,546633,6.7,Mobile,Cash,0,2,0.0,0.382,1.0,0.747,1.0,1.0,0.433,0.69,1
CUST_02262,18,Male,Arusha,Muslim,Others,Diploma,"200,000-500,000",M-Pesa,1,0.12,0.75,0.78,0.7,Tecno,China,Mid-Range,New,353153,7.2,Physical Store,Cash,0,1,0.338,0.562,0.9,0.862,1.0,1.0,0.635,0.76,1
CUST_03026,23,Female,Dodoma,Christian,Others,Secondary,"200,000-500,000",Airtel Money,5,0.4,0.81,0.9,0.0,Xiaomi,China,Mid-Range,New,431818,7.0,Physical Store,Mobile Money,0,2,0.126,0.63,1.0,0.644,1.0,1.0,0.702,0.73,1
CUST_00750,31,Female,Dodoma,Christian,Others,Master+,"200,000-500,000",Tigo Pesa,2,0.48,0.75,0.47,0.3,Xiaomi,China,Mid-Range,New,436771,6.8,Physical Store,Mobile Money,0,12,0.181,0.32,1.0,0.892,1.0,1.0,0.434,0.72,1
CUST_01588,30,Female,Zanzibar,Christian,Chagga,Secondary,"<200,000",Tigo Pesa,2,0.19,1.0,0.56,0.7,Apple,USA,Premium,New,1604573,8.9,Physical Store,Mobile Money,0,2,0.0,0.498,1.0,1.093,1.0,1.0,0.614,0.61,1
CUST_00882,15,Female,Dar es Salaam,Christian,Nyamwezi,Diploma,"500,001-1,000,000",M-Pesa,5,0.08,0.57,0.83,0.3,Infinix,China,Mid-Range,New,546653,7.9,Physical Store,Cash,1,12,0.221,0.656,1.0,0.743,1.0,1.0,0.547,0.76,1
CUST_03139,30,Male,Zanzibar,Christian,Sukuma,Primary,"500,001-1,000,000",None,2,0.33,0.63,0.83,0.7,Tecno,China,Mid-Range,New,330953,6.9,Physical Store,Cash,0,12,0.479,0.573,1.0,0.872,1.0,1.0,0.705,0.75,1
CUST_01057,15,Male,Dar es Salaam,Christian,Haya,No formal,"200,000-500,000",Tigo Pesa,2,0.25,0.96,0.31,1.0,Vivo,China,Mid-Range,New,275049,7.0,Physical Store,Cash,0,2,0.34,0.217,1.0,0.677,1.0,0.8,0.448,0.76,1
CUST_03512,46,Female,Mbeya,Muslim,Sukuma,Secondary,"200,000-500,000",Airtel Money,5,0.31,0.9,0.55,0.3,Huawei,China,Premium,Used,301379,7.2,Physical Store,Cash,1,2,0.774,0.396,0.9,0.71,0.6,1.0,0.708,0.77,1
CUST_00398,39,Male,Dodoma,Christian,Sukuma,Diploma,"500,001-1,000,000",M-Pesa,3,0.53,0.52,0.72,0.0,Nokia,Finland,Mid-Range,New,337605,7.0,Online,Mobile Money,0,2,0.561,0.504,1.0,0.51,1.0,1.0,0.662,0.75,1
CUST_02538,25,Female,Mbeya,Christian,Gogo,Primary,"1,000,001-2,000,000",Tigo Pesa,2,0.51,0.4,0.34,0.0,Huawei,China,Premium,New,623854,9.0,Physical Store,Mobile Money,0,2,0.792,0.306,1.0,0.825,1.0,1.0,0.653,0.82,1
CUST_00184,26,Female,Mbeya,Christian,Makonde,Primary,"500,001-1,000,000",None,2,0.44,0.77,0.56,0.3,Samsung,South Korea,Premium,New,1446686,8.4,Physical Store,Card,0,2,0.072,0.47,1.0,0.64,1.0,1.0,0.609,0.61,1
CUST_02451,29,Female,Zanzibar,Other,Others,Secondary,"500,001-1,000,000",M-Pesa,5,0.39,0.44,0.64,0.5,Xiaomi,China,Mid-Range,Used,296764,5.5,Physical Store,Card,0,2,0.674,0.352,1.0,0.595,0.6,1.0,0.642,0.67,1
CUST_00635,17,Female,Dar es Salaam,Christian,Others,Secondary,"<200,000",M-Pesa,3,0.11,0.72,0.78,0.3,Oppo,China,Mid-Range,Used,360103,5.4,Online,Mobile Money,0,1,0.352,0.421,1.0,0.783,0.6,1.0,0.764,0.65,1
CUST_01216,15,Female,Morogoro,Other,Others,Primary,"<200,000",Tigo Pesa,4,0.2,0.99,0.31,0.5,Apple,USA,Premium,New,1953314,9.1,Physical Store,Cash,0,2,0.0,0.282,1.0,0.726,1.0,1.0,0.531,0.56,1
CUST_01163,18,Male,Dar es Salaam,Muslim,Others,Bachelor,"200,000-500,000",Tigo Pesa,3,0.56,0.77,0.84,0.5,Vivo,China,Mid-Range,New,419303,6.4,Mobile,Cash,0,2,0.193,0.538,0.9,0.956,1.0,1.0,0.427,0.7,1
CUST_03196,32,Male,Arusha,Christian,Others,Secondary,"1,000,001-2,000,000",M-Pesa,4,0.22,0.3,0.81,0.0,Huawei,China,Premium,New,2036846,9.0,Physical Store,Mobile Money,0,1,0.491,0.729,1.0,0.647,1.0,1.0,0.814,0.53,1
CUST_03325,20,Female,Dar es Salaam,Christian,Others,Diploma,"500,001-1,000,000",Airtel Money,2,0.25,0.78,0.68,0.3,Tecno,China,Mid-Range,Used,164582,5.7,Physical Store,Mobile Money,0,2,0.679,0.388,1.0,0.977,0.6,1.0,0.792,0.71,1
CUST_00078,46,Female,Dar es Salaam,Christian,Others,Secondary,"500,001-1,000,000",M-Pesa,4,0.31,0.58,0.69,0.5,Vivo,China,Mid-Range,New,401030,7.0,Physical Store,Mobile Money,0,2,0.419,0.483,1.0,0.533,1.0,1.0,0.708,0.74,1
CUST_02028,41,Male,Morogoro,Christian,Others,No formal,"200,000-500,000",Tigo Pesa,4,0.4,0.92,0.46,0.0,Nokia,Finland,Mid-Range,New,295793,7.0,Physical Store,Mobile Money,0,2,0.32,0.322,1.0,0.957,1.0,1.0,0.346,0.76,1
CUST_04673,32,Female,Dodoma,Muslim,Nyamwezi,Bachelor,"500,001-1,000,000",Tigo Pesa,1,0.61,0.55,0.66,0.3,Tecno,China,Mid-Range,New,402074,7.7,Physical Store,Cash,0,1,0.447,0.508,0.9,0.822,1.0,1.0,0.512,0.78,0
CUST_04917,15,Male,Zanzibar,Muslim,Others,Secondary,"1,000,001-2,000,000",Tigo Pesa,5,0.35,0.42,0.79,0.0,Xiaomi,China,Mid-Range,New,313683,8.0,Physical Store,Cash,1,12,0.671,0.632,0.9,0.569,1.0,1.0,0.779,0.82,1
CUST_04934,26,Female,Zanzibar,Muslim,Others,Primary,"1,000,001-2,000,000",M-Pesa,5,0.19,0.47,0.41,0.5,Apple,USA,Premium,New,1280159,8.4,Physical Store,Cash,0,2,0.499,0.344,0.9,0.819,1.0,1.0,0.469,0.65,1
CUST_03769,28,Female,Morogoro,Christian,Nyamwezi,Secondary,"200,000-500,000",Airtel Money,5,0.43,0.76,0.84,0.3,Samsung,South Korea,Premium,Used,928903,8.0,Physical Store,Mobile Money,1,2,0.412,0.672,1.0,0.835,0.6,1.0,0.688,0.69,1
CUST_01237,26,Male,Tanga,Muslim,Nyamwezi,Diploma,"<200,000",M-Pesa,3,0.29,0.96,0.86,0.5,Oppo,China,Mid-Range,New,505117,6.3,Physical Store,Cash,1,2,0.0,0.542,0.9,0.898,1.0,1.0,0.612,0.68,1
CUST_01971,36,Male,Mbeya,Muslim,Nyamwezi,No formal,"200,000-500,000",Tigo Pesa,5,0.37,0.78,0.45,0.5,Samsung,South Korea,Premium,New,1135329,8.2,Physical Store,Cash,0,2,0.262,0.369,0.9,1.065,1.0,1.0,0.781,0.66,1
CUST_00475,24,Female,Dar es Salaam,Christian,Others,Secondary,"<200,000",Halopesa,3,0.3,0.76,0.71,0.3,Xiaomi,China,Mid-Range,New,460774,7.1,Physical Store,Mobile Money,0,2,0.125,0.504,1.0,0.876,1.0,1.0,0.559,0.73,1
CUST_00514,15,Female,Arusha,Muslim,Others,Diploma,"200,000-500,000",Tigo Pesa,4,0.32,0.86,0.57,0.3,Huawei,China,Premium,New,630470,9.0,Physical Store,Cash,0,2,0.548,0.513,0.9,0.942,1.0,1.0,0.677,0.81,1
CUST_01260,30,Female,Dar es Salaam,Muslim,Others,No formal,"200,000-500,000",Tigo Pesa,2,0.24,0.95,0.48,0.7,Huawei,China,Premium,New,2240408,9.1,Physical Store,Mobile Money,0,12,0.0,0.437,0.9,0.566,1.0,1.0,0.432,0.5,1
CUST_01835,15,Female,Zanzibar,Muslim,Others,Secondary,"500,001-1,000,000",M-Pesa,2,0.14,0.48,0.77,0.3,Oppo,China,Mid-Range,New,420938,6.2,Physical Store,Mobile Money,0,2,0.495,0.477,0.9,0.924,1.0,1.0,0.472,0.69,1
CUST_03577,37,Male,Mwanza,Christian,Nyamwezi,Secondary,"200,000-500,000",Airtel Money,4,0.39,0.76,0.47,0.0,Apple,USA,Premium,New,1746351,8.3,Physical Store,Mobile Money,1,1,0.0,0.39,1.0,1.065,1.0,1.0,0.548,0.55,1
CUST_00591,25,Male,Mwanza,Other,Others,Primary,"<200,000",Tigo Pesa,4,0.35,0.8,0.46,0.5,Vivo,China,Mid-Range,New,383977,6.1,Physical Store,Cash,0,2,0.232,0.281,1.0,0.673,1.0,1.0,0.568,0.69,1
CUST_01252,37,Male,Dar es Salaam,Muslim,Sukuma,Secondary,"500,001-1,000,000",Airtel Money,3,0.54,0.67,0.43,0.5,Huawei,China,Premium,New,1326556,9.1,Physical Store,Mobile Money,0,2,0.259,0.391,0.9,0.85,1.0,1.0,0.596,0.68,1
CUST_02544,15,Female,Mbeya,Christian,Others,Primary,"500,001-1,000,000",Tigo Pesa,2,0.39,0.4,0.49,0.3,Xiaomi,China,Mid-Range,New,302810,6.6,Physical Store,Cash,0,2,0.697,0.323,1.0,0.58,1.0,1.0,0.58,0.74,0
CUST_04014,29,Female,Mbeya,Christian,Sukuma,No formal,"<200,000",Tigo Pesa,5,0.36,0.99,0.46,1.0,Huawei,China,Premium,New,1882991,9.5,Physical Store,Cash,0,12,0.0,0.437,1.0,0.524,1.0,0.8,0.609,0.59,1
CUST_02041,23,Male,Zanzibar,Christian,Sukuma,Primary,"200,000-500,000",Tigo Pesa,3,0.43,0.8,0.56,0.3,Apple,USA,Premium,New,1260307,9.7,Physical Store,Cash,0,2,0.16,0.543,1.0,1.134,1.0,1.0,0.615,0.73,1
CUST_01963,28,Male,Dar es Salaam,Muslim,Sukuma,Secondary,">2,000,000",M-Pesa,2,0.5,0.47,0.86,0.0,Infinix,China,Mid-Range,New,553730,7.8,Physical Store,Cash,1,1,0.349,0.671,0.9,0.536,1.0,1.0,0.637,0.76,1
CUST_02272,20,Female,Morogoro,Christian,Sukuma,Secondary,"200,000-500,000",M-Pesa,5,0.05,0.91,0.62,0.5,Samsung,South Korea,Premium,New,817680,9.4,Physical Store,Mobile Money,0,2,0.38,0.583,1.0,0.799,1.0,1.0,0.6,0.8,1
CUST_02122,20,Female,Dar es Salaam,Muslim,Others,No formal,"200,000-500,000",M-Pesa,3,0.37,0.78,0.66,0.0,Oppo,China,Mid-Range,Used,158327,5.6,Physical Store,Cash,1,1,0.691,0.37,0.9,0.675,0.6,1.0,0.62,0.7,0
CUST_03126,20,Female,Mbeya,Muslim,Others,Secondary,"500,001-1,000,000",Halopesa,2,0.49,0.7,0.51,0.3,Tecno,China,Mid-Range,New,547083,7.1,Online,Cash,0,2,0.043,0.362,0.9,0.665,1.0,1.0,0.475,0.72,1
CUST_03702,51,Female,Arusha,Muslim,Others,No formal,"1,000,001-2,000,000",M-Pesa,3,0.4,0.38,0.31,0.5,Xiaomi,China,Mid-Range,New,313834,7.0,Physical Store,Mobile Money,0,1,0.702,0.217,0.9,0.611,1.0,1.0,0.61,0.76,1
CUST_00453,35,Female,Dar es Salaam,Other,Chagga,Primary,"200,000-500,000",Halopesa,3,0.1,0.76,0.49,0.0,Huawei,China,Premium,New,2380883,9.2,Physical Store,Mobile Money,0,2,0.0,0.451,1.0,0.673,1.0,1.0,0.307,0.48,1
CUST_03004,30,Female,Dodoma,Christian,Nyamwezi,No formal,"500,001-1,000,000",Halopesa,5,0.68,0.41,0.53,0.7,Oppo,China,Mid-Range,New,283854,6.8,Physical Store,Mobile Money,0,2,0.709,0.36,1.0,0.819,1.0,1.0,0.499,0.75,1
CUST_02824,22,Female,Zanzibar,Christian,Others,No formal,"200,000-500,000",M-Pesa,1,0.27,0.91,0.48,0.3,Vivo,China,Mid-Range,New,508506,7.1,Online,Card,1,2,0.0,0.341,1.0,0.719,1.0,1.0,0.34,0.72,1
CUST_01070,32,Female,Tanga,Christian,Sukuma,No formal,"500,001-1,000,000",Halopesa,3,0.43,0.75,0.9,0.5,Samsung,South Korea,Premium,New,740581,8.4,Physical Store,Cash,1,2,0.537,0.756,1.0,0.937,1.0,1.0,0.672,0.76,1
CUST_03268,34,Male,Arusha,Muslim,Others,Primary,"500,001-1,000,000",M-Pesa,3,0.22,0.55,0.77,0.0,Huawei,China,Premium,New,824799,9.8,Mobile,Card,0,2,0.622,0.755,0.9,0.988,1.0,1.0,0.867,0.82,1
CUST_04754,27,Female,Tanga,Muslim,Sukuma,Secondary,"500,001-1,000,000",M-Pesa,1,0.07,0.79,0.44,0.3,Infinix,China,Mid-Range,Used,216446,6.1,Physical Store,Mobile Money,0,2,0.573,0.268,0.9,0.783,0.6,1.0,0.702,0.72,1
CUST_04384,26,Female,Mwanza,Muslim,Nyamwezi,Primary,"200,000-500,000",Tigo Pesa,2,0.45,0.97,0.85,0.3,Tecno,China,Mid-Range,New,410001,6.9,Physical Store,Mobile Money,0,2,0.006,0.586,0.9,0.666,1.0,1.0,0.66,0.73,1
CUST_04021,26,Male,Mwanza,Muslim,Nyamwezi,Secondary,"<200,000",M-Pesa,4,0.26,0.87,0.64,0.7,Samsung,South Korea,Premium,New,735305,8.4,Physical Store,Cash,0,2,0.467,0.538,0.9,0.923,1.0,1.0,0.759,0.76,1
CUST_02533,21,Male,Zanzibar,Christian,Sukuma,No formal,"<200,000",Tigo Pesa,3,0.15,0.89,0.48,0.3,Huawei,China,Premium,New,1247138,8.8,Mobile,Cash,0,1,0.075,0.422,1.0,0.576,1.0,1.0,0.366,0.68,0
CUST_04575,15,Male,Dodoma,Muslim,Others,Secondary,"<200,000",Tigo Pesa,4,0.1,0.74,0.63,0.3,Vivo,China,Mid-Range,New,263283,6.9,Physical Store,Mobile Money,1,2,0.513,0.435,0.9,0.678,1.0,1.0,0.704,0.76,0
CUST_02046,30,Male,Dar es Salaam,Other,Others,Diploma,"500,001-1,000,000",M-Pesa,2,0.61,0.72,0.81,0.7,Nokia,Finland,Mid-Range,New,531820,7.4,Physical Store,Cash,0,2,0.043,0.599,1.0,0.542,1.0,1.0,0.603,0.74,1
CUST_00418,24,Male,Arusha,Christian,Others,Primary,"500,001-1,000,000",Tigo Pesa,4,0.3,0.42,0.89,0.3,Nokia,Finland,Mid-Range,New,330138,7.9,Physical Store,Cash,0,1,0.653,0.703,1.0,0.521,1.0,1.0,0.782,0.81,1
CUST_01042,29,Female,Dar es Salaam,Christian,Others,Primary,"<200,000",Airtel Money,3,0.55,0.89,0.46,0.5,Huawei,China,Premium,New,1975088,8.7,Online,Cash,0,2,0.0,0.4,1.0,0.957,1.0,1.0,0.463,0.53,1
CUST_00178,25,Female,Dar es Salaam,Christian,Others,Secondary,"200,000-500,000",M-Pesa,5,0.44,0.9,0.78,0.3,Apple,USA,Premium,New,1359541,8.1,Physical Store,Mobile Money,1,2,0.0,0.632,1.0,0.664,1.0,1.0,0.542,0.61,1
CUST_00773,28,Female,Tanga,Christian,Gogo,Bachelor,"500,001-1,000,000",Tigo Pesa,1,0.38,0.52,0.52,0.3,Infinix,China,Mid-Range,New,335641,7.8,Physical Store,Mobile Money,1,12,0.564,0.406,1.0,0.888,1.0,1.0,0.632,0.8,1
CUST_04246,17,Female,Dodoma,Christian,Others,Diploma,"<200,000",Airtel Money,1,0.48,0.72,0.54,0.5,Samsung,South Korea,Premium,New,1076989,9.3,Physical Store,Card,0,2,0.354,0.502,1.0,1.171,1.0,1.0,0.851,0.74,1
CUST_03442,23,Male,Zanzibar,Muslim,Nyamwezi,Primary,"<200,000",M-Pesa,1,0.54,0.88,0.44,0.0,Infinix,China,Mid-Range,New,510910,6.8,Physical Store,Cash,1,2,0.0,0.299,0.9,0.937,1.0,1.0,0.518,0.71,1
CUST_01679,17,Male,Dar es Salaam,Christian,Others,No formal,"500,001-1,000,000",Tigo Pesa,5,0.62,0.41,0.5,0.7,Infinix,China,Mid-Range,New,471919,6.1,Physical Store,Cash,0,2,0.516,0.305,1.0,0.983,1.0,1.0,0.552,0.67,1
CUST_02753,35,Male,Tanga,Christian,Gogo,No formal,"1,000,001-2,000,000",M-Pesa,4,0.14,0.37,0.76,0.3,Samsung,South Korea,Premium,New,2047752,9.3,Physical Store,Cash,0,2,0.369,0.707,1.0,1.138,1.0,1.0,0.81,0.55,1
CUST_02624,27,Female,Dodoma,Muslim,Nyamwezi,Secondary,"<200,000",Tigo Pesa,4,0.07,0.99,0.79,0.5,Huawei,China,Premium,New,1538273,9.8,Physical Store,Cash,0,1,0.0,0.774,0.9,0.785,1.0,1.0,0.536,0.68,1
CUST_01457,22,Female,Dodoma,Christian,Sukuma,Diploma,"200,000-500,000",Tigo Pesa,5,0.14,0.92,0.6,0.0,Nokia,Finland,Mid-Range,New,299134,7.3,Physical Store,Mobile Money,0,2,0.312,0.438,1.0,0.559,1.0,1.0,0.68,0.78,1
CUST_04747,32,Female,Dar es Salaam,Christian,Others,Diploma,"200,000-500,000",Tigo Pesa,4,0.68,0.81,0.79,0.3,Infinix,China,Mid-Range,New,330018,7.5,Physical Store,Mobile Money,1,2,0.332,0.592,1.0,0.557,1.0,1.0,0.608,0.78,1
CUST_01657,28,Female,Mbeya,Christian,Others,Diploma,"1,000,001-2,000,000",M-Pesa,4,0.57,0.35,0.53,0.5,Huawei,China,Premium,New,1024752,8.8,Physical Store,Cash,0,2,0.701,0.466,1.0,0.76,1.0,1.0,0.898,0.72,1
CUST_03641,24,Female,Mbeya,Muslim,Others,Secondary,"200,000-500,000",Tigo Pesa,1,0.28,0.72,0.55,0.0,Itel,China,Budget,New,231156,6.1,Online,Mobile Money,0,12,0.0,0.336,0.9,0.697,1.0,1.0,0.468,0.72,0
CUST_00540,32,Male,Dar es Salaam,Christian,Others,Secondary,"200,000-500,000",M-Pesa,3,0.4,0.81,0.74,0.5,Tecno,China,Mid-Range,New,315868,7.6,Physical Store,Cash,0,2,0.36,0.562,1.0,0.602,1.0,1.0,0.516,0.79,1
CUST_03623,41,Female,Arusha,Christian,Others,Diploma,"1,000,001-2,000,000",Tigo Pesa,5,0.27,0.39,0.56,0.5,Samsung,South Korea,Premium,Used,386630,8.7,Physical Store,Cash,1,1,0.874,0.487,1.0,0.866,0.6,1.0,0.861,0.84,1
CUST_04466,23,Male,Mwanza,Christian,Others,No formal,"200,000-500,000",Tigo Pesa,4,0.2,0.95,0.81,0.3,Xiaomi,China,Mid-Range,New,286451,6.2,Online,Mobile Money,0,1,0.32,0.502,1.0,0.715,1.0,1.0,0.603,0.71,1
CUST_00414,32,Male,Mbeya,Muslim,Sukuma,Diploma,"200,000-500,000",Tigo Pesa,1,0.18,0.91,0.87,0.5,Oppo,China,Mid-Range,New,493467,7.8,Physical Store,Cash,0,12,0.0,0.679,0.9,0.704,1.0,1.0,0.359,0.77,1
CUST_01240,20,Female,Dodoma,Muslim,Others,Primary,">2,000,000",M-Pesa,2,0.16,0.48,0.49,0.3,Xiaomi,China,Mid-Range,New,587473,7.9,Physical Store,Cash,0,1,0.295,0.387,0.9,0.836,1.0,1.0,0.507,0.76,1
CUST_03424,26,Male,Tanga,Christian,Sukuma,Secondary,"<200,000",Airtel Money,3,0.1,0.78,0.53,0.0,Samsung,South Korea,Premium,New,927882,9.2,Physical Store,Cash,1,1,0.397,0.488,1.0,0.831,1.0,1.0,0.83,0.77,0
CUST_00942,30,Male,Morogoro,Muslim,Haya,No formal,"500,001-1,000,000",Tigo Pesa,3,0.04,0.48,0.71,0.3,Tecno,China,Mid-Range,New,554025,6.1,Physical Store,Cash,0,11,0.335,0.433,0.9,0.648,1.0,1.0,0.499,0.66,1
CUST_03182,48,Female,Mwanza,Muslim,Sukuma,No formal,"<200,000",Tigo Pesa,4,0.22,0.71,0.57,0.0,Apple,USA,Premium,New,2246071,8.0,Physical Store,Cash,0,2,0.0,0.456,0.9,1.106,1.0,1.0,0.557,0.43,1
CUST_03680,31,Female,Zanzibar,Christian,Others,Primary,"200,000-500,000",Airtel Money,2,0.26,0.98,0.48,0.5,Itel,China,Budget,Used,50294,3.1,Physical Store,Card,0,2,0.671,0.149,1.0,0.574,0.6,1.0,0.353,0.58,1
CUST_04619,44,Male,Zanzibar,Muslim,Makonde,Diploma,"200,000-500,000",Tigo Pesa,1,0.12,0.85,0.31,1.0,Vivo,China,Mid-Range,New,408699,7.6,Physical Store,Cash,0,2,0.132,0.236,0.9,0.782,1.0,0.8,0.421,0.77,1
CUST_01727,29,Female,Zanzibar,Muslim,Others,Secondary,"500,001-1,000,000",None,2,0.21,0.56,0.55,0.5,Apple,USA,Premium,New,2142453,8.5,Physical Store,Mobile Money,0,2,0.0,0.468,0.9,0.661,1.0,1.0,0.708,0.48,1
CUST_04199,32,Male,Mwanza,Muslim,Others,Primary,"<200,000",M-Pesa,2,0.14,0.77,0.64,0.0,Huawei,China,Premium,New,2180688,8.4,Mobile,Mobile Money,0,2,0.0,0.538,0.9,0.595,1.0,1.0,0.52,0.47,1
CUST_01536,30,Female,Dar es Salaam,Muslim,Others,Master+,"200,000-500,000",Tigo Pesa,5,0.37,0.81,0.55,0.5,Tecno,China,Mid-Range,Used,279879,5.0,Physical Store,Mobile Money,0,2,0.433,0.275,0.9,0.898,0.6,1.0,0.645,0.64,1
CUST_04146,30,Female,Mbeya,Christian,Others,Primary,"500,001-1,000,000",M-Pesa,4,0.21,0.45,0.5,0.3,Itel,China,Budget,New,232562,6.6,Physical Store,Card,0,1,0.302,0.33,1.0,0.55,1.0,1.0,0.471,0.75,1
CUST_00478,32,Male,Mwanza,Muslim,Others,Primary,"200,000-500,000",Airtel Money,2,0.39,0.77,0.37,0.5,Huawei,China,Premium,New,1715353,8.1,Physical Store,Cash,0,2,0.0,0.3,0.9,0.691,1.0,1.0,0.384,0.54,1
CUST_02516,29,Male,Mwanza,Muslim,Others,Primary,"500,001-1,000,000",Tigo Pesa,4,0.14,0.42,0.46,0.3,Nokia,Finland,Mid-Range,New,280583,7.5,Online,Card,0,2,0.705,0.345,0.9,0.607,1.0,1.0,0.54,0.79,1
CUST_01862,18,Female,Morogoro,Christian,Others,Master+,"<200,000",Airtel Money,2,0.22,0.83,0.79,0.0,Infinix,China,Mid-Range,New,593279,7.3,Online,Mobile Money,1,9,0.0,0.577,1.0,0.881,1.0,1.0,0.52,0.72,1
CUST_00796,27,Female,Dar es Salaam,Muslim,Others,Diploma,"200,000-500,000",Airtel Money,2,0.18,0.86,0.53,1.0,Nokia,Finland,Mid-Range,New,309258,7.2,Physical Store,Card,1,2,0.335,0.382,0.9,0.838,1.0,0.8,0.583,0.77,1
CUST_01310,28,Male,Dodoma,Christian,Nyamwezi,Diploma,"<200,000",Tigo Pesa,3,0.47,0.89,0.85,0.5,Xiaomi,China,Mid-Range,New,542236,7.4,Online,Mobile Money,1,1,0.0,0.629,1.0,0.818,1.0,1.0,0.776,0.74,1
CUST_03485,17,Male,Arusha,Muslim,Others,Primary,"200,000-500,000",None,5,0.19,0.99,0.36,0.5,Tecno,China,Mid-Range,New,386353,6.2,Physical Store,Cash,0,2,0.044,0.223,0.9,0.793,1.0,1.0,0.557,0.69,1
CUST_04908,23,Male,Morogoro,Christian,Others,Primary,">2,000,000",Halopesa,1,0.18,0.19,0.6,0.5,Apple,USA,Premium,New,634529,9.4,Physical Store,Mobile Money,1,2,0.9,0.564,1.0,0.849,1.0,1.0,1.026,0.84,1
CUST_00042,26,Male,Dar es Salaam,Christian,Others,No formal,">2,000,000",M-Pesa,4,0.14,0.29,0.55,0.3,Infinix,China,Mid-Range,New,418093,7.8,Physical Store,Mobile Money,1,2,0.697,0.429,1.0,0.584,1.0,1.0,0.58,0.78,1
CUST_03377,40,Female,Morogoro,Christian,Others,Secondary,"200,000-500,000",M-Pesa,1,0.2,0.8,0.31,0.7,Oppo,China,Mid-Range,New,598281,6.5,Physical Store,Cash,0,2,0.0,0.202,1.0,0.622,1.0,1.0,0.452,0.67,0
CUST_00157,35,Male,Mwanza,Muslim,Others,Primary,"500,001-1,000,000",Airtel Money,5,0.08,0.66,0.33,0.3,Tecno,China,Mid-Range,New,543988,6.3,Physical Store,Card,1,2,0.102,0.208,0.9,0.752,1.0,1.0,0.513,0.67,1
CUST_01332,35,Female,Dodoma,Muslim,Others,Primary,"500,001-1,000,000",Halopesa,5,0.28,0.5,0.83,0.3,Nokia,Finland,Mid-Range,New,342613,6.4,Physical Store,Card,0,1,0.572,0.531,0.9,0.791,1.0,1.0,0.469,0.72,1
CUST_04920,25,Male,Mbeya,Muslim,Others,No formal,"200,000-500,000",M-Pesa,3,0.11,0.93,0.54,0.3,Samsung,South Korea,Premium,New,1228873,8.3,Physical Store,Cash,0,11,0.048,0.448,0.9,0.907,1.0,1.0,0.597,0.65,1
CUST_04555,15,Female,Mwanza,Muslim,Others,No formal,"200,000-500,000",M-Pesa,3,0.13,1.0,0.49,0.7,Xiaomi,China,Mid-Range,New,559329,7.8,Physical Store,Mobile Money,0,2,0.0,0.382,0.9,0.593,1.0,1.0,0.33,0.76,0
CUST_03758,15,Female,Tanga,Muslim,Makonde,No formal,"200,000-500,000",M-Pesa,2,0.01,0.91,0.74,0.5,Oppo,China,Mid-Range,New,570567,6.5,Online,Cash,1,2,0.0,0.481,0.9,0.856,1.0,1.0,0.563,0.68,1
CUST_04550,33,Female,Tanga,Christian,Chagga,Primary,"500,001-1,000,000",M-Pesa,3,0.42,0.42,0.34,0.0,Samsung,South Korea,Premium,New,1318139,8.5,Physical Store,Mobile Money,1,2,0.539,0.289,1.0,0.944,1.0,1.0,0.677,0.65,1
CUST_02262,18,Male,Arusha,Muslim,Others,Diploma,"200,000-500,000",M-Pesa,1,0.12,0.75,0.78,0.7,Infinix,China,Mid-Range,New,296680,6.9,Online,Cash,1,2,0.444,0.538,0.9,0.558,1.0,1.0,0.568,0.75,1
CUST_01322,38,Female,Zanzibar,Christian,Makonde,Secondary,"200,000-500,000",M-Pesa,5,0.58,0.99,0.87,0.7,Xiaomi,China,Mid-Range,New,491221,7.9,Physical Store,Cash,0,1,0.0,0.687,1.0,0.997,1.0,1.0,0.564,0.78,1
CUST_02765,15,Female,Dodoma,Muslim,Others,Primary,"200,000-500,000",Airtel Money,2,0.56,0.79,0.32,0.0,Itel,China,Budget,New,207766,4.5,Physical Store,Mobile Money,0,2,0.0,0.144,0.9,0.802,1.0,1.0,0.405,0.63,1
CUST_02370,15,Male,Dodoma,Christian,Others,Secondary,"500,001-1,000,000",M-Pesa,4,0.15,0.43,0.5,0.5,Nokia,Finland,Mid-Range,New,382581,7.7,Online,Mobile Money,0,2,0.589,0.385,1.0,0.816,1.0,1.0,0.669,0.79,1
CUST_00006,38,Male,Zanzibar,Muslim,Makonde,Secondary,"500,001-1,000,000",Tigo Pesa,4,0.79,0.44,0.32,0.5,Samsung,South Korea,Premium,New,657444,9.6,Mobile,Mobile Money,0,1,0.759,0.307,0.9,0.957,1.0,1.0,0.596,0.84,1
CUST_01477,26,Male,Mwanza,Christian,Others,Secondary,"200,000-500,000",Tigo Pesa,3,0.51,0.82,0.46,0.7,Apple,USA,Premium,New,1396502,8.1,Online,Cash,1,11,0.046,0.373,1.0,0.754,1.0,1.0,0.546,0.61,1
CUST_00483,31,Female,Mbeya,Christian,Others,Diploma,"200,000-500,000",M-Pesa,5,0.07,0.77,0.4,0.5,Itel,China,Budget,Used,59132,5.8,Physical Store,Mobile Money,0,2,0.696,0.232,1.0,0.524,0.6,1.0,0.459,0.74,0
CUST_02078,20,Female,Mwanza,Christian,Others,Secondary,"200,000-500,000",Halopesa,2,0.46,0.82,0.87,0.7,Huawei,China,Premium,New,2219254,8.5,Physical Store,Cash,1,1,0.0,0.739,1.0,0.635,1.0,1.0,0.665,0.47,1
CUST_00944,22,Male,Dar es Salaam,Muslim,Sukuma,Primary,"1,000,001-2,000,000",Airtel Money,4,0.1,0.41,0.83,0.7,Huawei,China,Premium,New,2079599,9.7,Physical Store,Card,0,1,0.289,0.805,0.9,0.618,1.0,1.0,0.653,0.57,0
CUST_04312,33,Female,Zanzibar,Christian,Others,No formal,"<200,000",M-Pesa,2,0.18,0.99,0.3,0.5,Oppo,China,Mid-Range,New,427955,6.4,Physical Store,Card,0,2,0.0,0.192,1.0,0.679,1.0,1.0,0.417,0.7,0
CUST_01970,19,Female,Dar es Salaam,Christian,Others,Primary,"<200,000",M-Pesa,4,0.45,0.8,0.38,0.5,Huawei,China,Premium,New,1715613,8.1,Physical Store,Mobile Money,0,2,0.0,0.308,1.0,0.934,1.0,1.0,0.339,0.54,1
CUST_01752,33,Female,Dar es Salaam,Other,Makonde,Diploma,"<200,000",Airtel Money,2,0.39,0.74,0.36,0.3,Huawei,China,Premium,New,1584676,9.1,Mobile,Mobile Money,0,1,0.023,0.328,1.0,0.947,1.0,1.0,0.733,0.63,1
CUST_01071,26,Female,Dodoma,Christian,Others,Bachelor,"500,001-1,000,000",Halopesa,5,0.22,0.67,0.5,0.3,Huawei,China,Premium,New,722715,8.1,Physical Store,Card,0,2,0.596,0.405,1.0,0.575,1.0,1.0,0.686,0.74,1
CUST_02008,21,Female,Arusha,Christian,Chagga,No formal,"500,001-1,000,000",Tigo Pesa,2,0.37,0.51,0.72,0.7,Oppo,China,Mid-Range,New,522477,7.7,Physical Store,Card,0,2,0.334,0.554,1.0,0.851,1.0,1.0,0.628,0.76,1
CUST_01450,17,Female,Mbeya,Christian,Others,Diploma,"<200,000",Halopesa,3,0.48,0.97,0.44,0.3,Infinix,China,Mid-Range,Used,223424,6.7,Physical Store,Cash,0,12,0.458,0.295,1.0,0.647,0.6,1.0,0.665,0.76,0
CUST_04886,17,Female,Dodoma,Christian,Others,Primary,">2,000,000",M-Pesa,3,0.29,0.35,0.63,0.7,Infinix,China,Mid-Range,Used,435386,6.7,Physical Store,Cash,0,1,0.619,0.422,1.0,0.984,0.6,1.0,0.73,0.71,1
CUST_00894,33,Male,Dar es Salaam,Muslim,Sukuma,Bachelor,"200,000-500,000",M-Pesa,3,0.05,0.82,0.37,0.3,Huawei,China,Premium,New,2231420,8.9,Online,Cash,0,2,0.0,0.329,0.9,0.711,1.0,1.0,0.5,0.49,1
CUST_04425,27,Male,Mwanza,Christian,Others,Diploma,"200,000-500,000",Tigo Pesa,2,0.19,0.73,0.68,1.0,Infinix,China,Mid-Range,New,530259,7.9,Physical Store,Cash,0,2,0.032,0.537,1.0,0.698,1.0,0.8,0.531,0.77,1
CUST_03247,17,Female,Mbeya,Christian,Others,Primary,"200,000-500,000",M-Pesa,4,0.44,0.97,0.4,0.5,Samsung,South Korea,Premium,Used,1183496,7.5,Physical Store,Cash,0,12,0.043,0.3,1.0,1.065,0.6,1.0,0.386,0.61,1
CUST_01753,19,Male,Morogoro,Christian,Others,Secondary,">2,000,000",Tigo Pesa,1,0.3,0.14,0.38,0.7,Tecno,China,Mid-Range,New,359503,7.4,Physical Store,Cash,0,2,0.874,0.281,1.0,0.59,1.0,1.0,0.673,0.77,1
CUST_00570,27,Female,Mwanza,Christian,Others,Primary,"<200,000",M-Pesa,1,0.29,0.72,0.43,0.3,Itel,China,Budget,New,196202,5.7,Physical Store,Cash,0,1,0.058,0.245,1.0,0.572,1.0,1.0,0.373,0.7,1
CUST_04389,22,Female,Dodoma,Christian,Makonde,Secondary,"500,001-1,000,000",M-Pesa,5,0.2,0.42,0.87,0.5,Tecno,China,Mid-Range,New,429891,7.7,Physical Store,Cash,1,2,0.549,0.67,1.0,0.608,1.0,1.0,0.681,0.78,1
CUST_01027,15,Male,Mwanza,Christian,Others,Secondary,"<200,000",Tigo Pesa,4,0.06,0.92,0.67,0.0,Nokia,Finland,Mid-Range,New,263101,7.6,Online,Card,0,10,0.395,0.509,1.0,0.544,1.0,1.0,0.589,0.8,1
CUST_03646,37,Female,Dodoma,Muslim,Nyamwezi,Primary,"200,000-500,000",None,3,0.34,0.72,0.77,0.5,Tecno,China,Mid-Range,New,379515,6.5,Mobile,Cash,0,2,0.317,0.501,0.9,0.918,1.0,1.0,0.716,0.71,0
CUST_04402,20,Male,Morogoro,Christian,Others,Secondary,"500,001-1,000,000",M-Pesa,2,0.4,0.75,0.53,0.0,Huawei,China,Premium,New,1025251,9.9,Physical Store,Card,0,2,0.359,0.525,1.0,0.989,1.0,1.0,0.609,0.79,1
CUST_03208,38,Female,Mwanza,Muslim,Others,No formal,"500,001-1,000,000",M-Pesa,4,0.31,0.53,0.75,0.3,Apple,USA,Premium,New,765152,9.2,Mobile,Mobile Money,1,2,0.662,0.69,0.9,0.63,1.0,1.0,0.646,0.8,1
CUST_02002,23,Female,Arusha,Muslim,Chagga,No formal,"200,000-500,000",M-Pesa,2,0.06,0.77,0.46,0.0,Xiaomi,China,Mid-Range,New,299561,6.3,Physical Store,Cash,0,2,0.423,0.29,0.9,0.721,1.0,1.0,0.528,0.72,1
CUST_01918,33,Male,Mwanza,Christian,Chagga,Primary,"200,000-500,000",Tigo Pesa,2,0.23,0.89,0.86,0.3,Oppo,China,Mid-Range,New,556598,7.7,Physical Store,Mobile Money,0,2,0.0,0.662,1.0,0.851,1.0,1.0,0.675,0.75,1
CUST_02722,18,Female,Mwanza,Christian,Others,Primary,"<200,000",Tigo Pesa,4,0.11,0.74,0.31,0.5,Tecno,China,Mid-Range,Used,466905,5.7,Physical Store,Card,0,2,0.136,0.177,1.0,0.603,0.6,1.0,0.592,0.65,1
CUST_03655,15,Female,Tanga,Muslim,Nyamwezi,Diploma,"200,000-500,000",M-Pesa,2,0.35,0.97,0.5,0.3,Infinix,China,Mid-Range,New,467205,6.2,Mobile,Mobile Money,0,2,0.0,0.31,0.9,0.927,1.0,1.0,0.364,0.68,0
CUST_00323,35,Female,Mwanza,Christian,Others,Secondary,"<200,000",Airtel Money,1,0.16,0.71,0.81,0.3,Huawei,China,Premium,New,2219082,9.5,Physical Store,Card,0,2,0.0,0.77,1.0,0.55,1.0,1.0,0.74,0.53,0
CUST_02971,22,Male,Dodoma,Christian,Sukuma,Secondary,"1,000,001-2,000,000",Airtel Money,3,0.11,0.19,0.66,0.3,Tecno,China,Mid-Range,Used,408030,5.4,Online,Cash,0,10,0.806,0.356,1.0,0.579,0.6,1.0,0.828,0.64,1
CUST_03852,32,Female,Arusha,Other,Others,Diploma,"200,000-500,000",M-Pesa,4,0.1,0.75,0.72,0.5,Apple,USA,Premium,New,1888544,8.6,Physical Store,Mobile Money,1,1,0.0,0.619,1.0,0.916,1.0,1.0,0.726,0.54,0
CUST_02362,24,Male,Dar es Salaam,Muslim,Sukuma,Secondary,"<200,000",Halopesa,2,0.42,0.77,0.6,0.3,Infinix,China,Mid-Range,New,363953,6.4,Physical Store,Cash,0,2,0.299,0.384,0.9,0.697,1.0,1.0,0.587,0.71,1
CUST_02773,30,Male,Dodoma,Christian,Sukuma,Diploma,"<200,000",Airtel Money,5,0.33,0.94,0.57,0.3,Itel,China,Budget,Used,108225,4.0,Physical Store,Cash,1,2,0.322,0.228,1.0,0.532,0.6,1.0,0.41,0.62,1
CUST_04197,25,Female,Dar es Salaam,Christian,Gogo,Diploma,"<200,000",Tigo Pesa,4,0.53,0.82,0.87,0.7,Huawei,China,Premium,New,1303167,9.9,Online,Cash,1,2,0.11,0.861,1.0,0.784,1.0,1.0,0.659,0.73,1
CUST_01496,35,Female,Mwanza,Christian,Nyamwezi,Primary,"500,001-1,000,000",M-Pesa,5,0.13,0.5,0.65,0.5,Tecno,China,Mid-Range,New,455435,7.4,Physical Store,Cash,0,2,0.431,0.481,1.0,0.908,1.0,1.0,0.602,0.75,1
CUST_03264,16,Female,Dar es Salaam,Other,Haya,Bachelor,"500,001-1,000,000",M-Pesa,3,0.28,0.46,0.84,0.0,Vivo,China,Mid-Range,New,340399,7.0,Physical Store,Mobile Money,0,2,0.609,0.588,1.0,0.995,1.0,1.0,0.753,0.75,1
CUST_03189,37,Female,Zanzibar,Christian,Nyamwezi,Bachelor,"200,000-500,000",Halopesa,1,0.07,0.96,0.66,0.3,Itel,China,Budget,New,228315,6.6,Mobile,Mobile Money,0,1,0.0,0.436,1.0,0.763,1.0,1.0,0.594,0.75,1
CUST_01179,21,Male,Dar es Salaam,Muslim,Haya,Diploma,"200,000-500,000",M-Pesa,5,0.17,0.92,0.34,0.5,Nokia,Finland,Mid-Range,New,386275,7.0,Mobile,Cash,1,2,0.112,0.238,0.9,0.834,1.0,1.0,0.486,0.74,1
CUST_03403,28,Female,Dar es Salaam,Christian,Others,Secondary,"200,000-500,000",M-Pesa,3,0.47,0.97,0.68,0.3,Oppo,China,Mid-Range,New,463074,6.4,Physical Store,Mobile Money,0,1,0.0,0.435,1.0,0.798,1.0,1.0,0.476,0.69,0
CUST_02586,19,Female,Dar es Salaam,Muslim,Haya,Secondary,"1,000,001-2,000,000",Tigo Pesa,2,0.29,0.34,0.6,0.5,Samsung,South Korea,Premium,New,2473970,9.6,Physical Store,Mobile Money,1,2,0.299,0.576,0.9,1.199,1.0,1.0,0.835,0.48,1
CUST_00364,26,Male,Morogoro,Christian,Others,No formal,"<200,000",None,4,0.17,0.79,0.53,0.5,Nokia,Finland,Mid-Range,New,503987,6.3,Physical Store,Mobile Money,0,2,0.005,0.334,1.0,0.828,1.0,1.0,0.539,0.68,1
CUST_01041,30,Female,Zanzibar,Muslim,Others,Secondary,"1,000,001-2,000,000",Airtel Money,4,0.2,0.28,0.77,0.0,Tecno,China,Mid-Range,Used,305487,6.5,Physical Store,Cash,0,12,0.786,0.501,0.9,0.511,0.6,1.0,0.488,0.73,1
CUST_00226,32,Male,Dar es Salaam,Christian,Others,Primary,"200,000-500,000",M-Pesa,5,0.57,0.72,0.33,0.5,Samsung,South Korea,Premium,New,833414,9.7,Physical Store,Cash,1,2,0.5,0.32,1.0,0.624,1.0,1.0,0.743,0.82,1
CUST_01408,36,Male,Morogoro,Christian,Nyamwezi,Diploma,"200,000-500,000",M-Pesa,3,0.21,0.91,0.51,0.3,Nokia,Finland,Mid-Range,Used,140976,5.8,Physical Store,Card,1,2,0.679,0.296,1.0,0.673,0.6,1.0,0.588,0.72,1
CUST_01467,40,Male,Dar es Salaam,Muslim,Others,Primary,"<200,000",Halopesa,2,0.14,0.96,0.41,0.5,Apple,USA,Premium,New,2164000,9.3,Physical Store,Mobile Money,1,2,0.0,0.381,0.9,1.134,1.0,1.0,0.635,0.53,1
CUST_03597,18,Female,Mwanza,Christian,Others,Primary,">2,000,000",None,4,0.16,0.14,0.3,0.0,Xiaomi,China,Mid-Range,New,474325,7.4,Physical Store,Mobile Money,0,2,0.834,0.222,1.0,0.574,1.0,1.0,0.61,0.75,1
CUST_00434,58,Male,Dar es Salaam,Muslim,Nyamwezi,Bachelor,"500,001-1,000,000",Airtel Money,1,0.46,0.46,0.59,0.3,Apple,USA,Premium,New,2403019,9.9,Physical Store,Mobile Money,1,11,0.079,0.584,0.9,0.807,1.0,1.0,0.663,0.51,1
CUST_04662,47,Male,Zanzibar,Christian,Others,Secondary,"200,000-500,000",Halopesa,4,0.45,0.78,0.34,0.5,Apple,USA,Premium,New,1506074,9.6,Physical Store,Cash,0,2,0.021,0.326,1.0,0.614,1.0,1.0,0.615,0.67,0
CUST_02835,38,Male,Mwanza,Other,Others,Primary,"1,000,001-2,000,000",None,4,0.38,0.47,0.43,0.5,Oppo,China,Mid-Range,New,584355,6.4,Physical Store,Cash,0,2,0.313,0.275,1.0,0.753,1.0,1.0,0.498,0.67,1
CUST_03374,27,Male,Arusha,Christian,Others,Primary,"<200,000",M-Pesa,2,0.2,0.77,0.36,0.7,Huawei,China,Premium,New,2327158,8.8,Online,Mobile Money,1,11,0.0,0.317,1.0,0.91,1.0,1.0,0.488,0.46,1
CUST_02648,23,Male,Tanga,Christian,Nyamwezi,Secondary,"<200,000",Tigo Pesa,4,0.39,0.75,0.83,0.7,Tecno,China,Mid-Range,New,424126,6.1,Physical Store,Cash,0,2,0.205,0.506,1.0,0.563,1.0,1.0,0.543,0.68,1
CUST_02299,28,Female,Mwanza,Christian,Others,Primary,"<200,000",Halopesa,2,0.67,0.83,0.65,1.0,Huawei,China,Premium,Used,374404,8.7,Physical Store,Mobile Money,0,2,0.741,0.565,1.0,0.853,0.6,0.8,0.811,0.85,1
CUST_03028,15,Female,Mbeya,Christian,Others,Secondary,"200,000-500,000",None,4,0.25,0.9,0.57,0.3,Huawei,China,Premium,New,799086,9.2,Physical Store,Mobile Money,0,2,0.401,0.524,1.0,0.542,1.0,1.0,0.584,0.79,1
CUST_01589,22,Male,Morogoro,Christian,Makonde,Secondary,"200,000-500,000",M-Pesa,4,0.28,0.92,0.47,0.5,Samsung,South Korea,Premium,New,2362206,8.6,Physical Store,Cash,0,2,0.0,0.404,1.0,0.607,1.0,1.0,0.507,0.44,1
CUST_04281,15,Female,Dodoma,Christian,Chagga,Bachelor,"<200,000",Airtel Money,2,0.29,0.73,0.75,0.3,Infinix,China,Mid-Range,New,485841,6.5,Physical Store,Mobile Money,1,2,0.113,0.488,1.0,0.932,1.0,1.0,0.655,0.69,1
CUST_01564,21,Male,Dar es Salaam,Other,Others,Secondary,"500,001-1,000,000",M-Pesa,3,0.56,0.58,0.6,0.3,Apple,USA,Premium,New,2022999,8.4,Mobile,Cash,0,2,0.022,0.504,1.0,0.886,1.0,1.0,0.642,0.5,1
CUST_02825,32,Male,Dodoma,Muslim,Sukuma,Primary,"200,000-500,000",M-Pesa,5,0.31,0.72,0.63,0.3,Apple,USA,Premium,New,2170956,8.8,Physical Store,Cash,0,1,0.0,0.554,0.9,0.941,1.0,1.0,0.565,0.49,1
CUST_04520,37,Male,Mwanza,Muslim,Others,No formal,"1,000,001-2,000,000",M-Pesa,1,0.1,0.4,0.77,0.0,Nokia,Finland,Mid-Range,New,315717,7.7,Online,Cash,0,11,0.684,0.593,0.9,0.564,1.0,1.0,0.617,0.8,1
CUST_03323,35,Male,Mwanza,Muslim,Gogo,Secondary,"500,001-1,000,000",Halopesa,2,0.59,0.61,0.8,0.5,Tecno,China,Mid-Range,Used,443087,5.8,Online,Mobile Money,0,2,0.324,0.464,0.9,0.604,0.6,1.0,0.606,0.66,1
CUST_00889,36,Female,Mwanza,Muslim,Others,Diploma,"1,000,001-2,000,000",Tigo Pesa,2,0.55,0.12,0.71,0.3,Apple,USA,Premium,New,728671,8.9,Online,Mobile Money,0,2,0.927,0.632,0.9,1.074,1.0,1.0,0.918,0.79,1
CUST_01025,21,Female,Mwanza,Christian,Gogo,Secondary,"<200,000",Airtel Money,3,0.5,0.87,0.67,0.7,Apple,USA,Premium,New,2400626,9.7,Physical Store,Card,1,1,0.0,0.65,1.0,0.904,1.0,1.0,0.516,0.5,1
CUST_03307,27,Male,Mwanza,Christian,Others,Primary,"<200,000",Airtel Money,3,0.25,0.92,0.6,0.7,Tecno,China,Mid-Range,New,352745,6.6,Physical Store,Mobile Money,1,2,0.189,0.396,1.0,0.549,1.0,1.0,0.595,0.73,1
CUST_04356,30,Female,Mwanza,Muslim,Sukuma,Secondary,"1,000,001-2,000,000",Tigo Pesa,4,0.31,0.14,0.58,0.0,Apple,USA,Premium,New,1098970,8.1,Physical Store,Mobile Money,1,2,0.872,0.47,0.9,1.1,1.0,1.0,0.832,0.67,0
CUST_04236,41,Female,Dar es Salaam,Christian,Nyamwezi,Primary,"<200,000",Tigo Pesa,2,0.09,0.94,0.68,0.3,Infinix,China,Mid-Range,New,285309,6.3,Physical Store,Mobile Money,0,2,0.33,0.428,1.0,0.863,1.0,1.0,0.614,0.72,1
CUST_02479,35,Female,Tanga,Christian,Nyamwezi,No formal,"<200,000",M-Pesa,4,0.66,0.97,0.5,0.5,Tecno,China,Mid-Range,New,394182,6.4,Online,Mobile Money,1,2,0.044,0.32,1.0,0.785,1.0,1.0,0.575,0.71,0
CUST_04399,24,Female,Mbeya,Christian,Sukuma,Primary,"500,001-1,000,000",Airtel Money,3,0.04,0.46,0.69,0.3,Oppo,China,Mid-Range,New,599155,6.8,Physical Store,Mobile Money,1,2,0.311,0.469,1.0,0.709,1.0,1.0,0.569,0.69,1
CUST_01130,15,Male,Dar es Salaam,Christian,Gogo,Primary,"500,001-1,000,000",Halopesa,2,0.17,0.49,0.8,0.7,Apple,USA,Premium,New,1961501,9.8,Physical Store,Cash,0,2,0.199,0.784,1.0,0.699,1.0,1.0,0.602,0.6,1
CUST_00934,15,Female,Morogoro,Christian,Others,Primary,"200,000-500,000",Tigo Pesa,4,0.18,0.89,0.34,0.0,Nokia,Finland,Mid-Range,New,478131,6.6,Physical Store,Cash,0,2,0.0,0.224,1.0,0.803,1.0,1.0,0.259,0.7,1
CUST_01241,35,Male,Tanga,Christian,Others,Secondary,"200,000-500,000",Tigo Pesa,3,0.38,0.79,0.52,0.0,Xiaomi,China,Mid-Range,New,438748,7.2,Online,Mobile Money,0,2,0.133,0.374,1.0,0.629,1.0,1.0,0.56,0.74,1
CUST_04591,33,Male,Tanga,Christian,Others,Bachelor,"<200,000",Halopesa,5,0.32,0.93,0.58,0.7,Huawei,China,Premium,New,1168505,9.6,Physical Store,Mobile Money,0,2,0.094,0.557,1.0,0.994,1.0,1.0,0.425,0.74,1
CUST_01643,44,Male,Dar es Salaam,Christian,Haya,Primary,"500,001-1,000,000",M-Pesa,4,0.07,0.45,0.84,0.5,Nokia,Finland,Mid-Range,New,578754,7.7,Physical Store,Cash,0,1,0.349,0.647,1.0,0.719,1.0,1.0,0.611,0.75,0
CUST_02448,25,Female,Dar es Salaam,Muslim,Sukuma,Primary,"200,000-500,000",Halopesa,4,0.15,0.99,0.34,0.0,Oppo,China,Mid-Range,New,262048,7.3,Mobile,Mobile Money,0,2,0.351,0.248,0.9,0.923,1.0,1.0,0.445,0.79,1
CUST_02024,27,Male,Mwanza,Christian,Others,Primary,"200,000-500,000",M-Pesa,2,0.25,0.89,0.68,0.0,Huawei,China,Premium,New,657153,8.4,Mobile,Cash,0,1,0.513,0.571,1.0,0.996,1.0,1.0,0.686,0.77,0
CUST_02078,20,Female,Mwanza,Christian,Others,Secondary,"200,000-500,000",Halopesa,2,0.46,0.82,0.87,0.7,Apple,USA,Premium,New,680839,9.5,Physical Store,Mobile Money,1,2,0.535,0.826,1.0,1.0,1.0,1.0,0.835,0.83,1
CUST_02949,26,Female,Zanzibar,Muslim,Others,Secondary,">2,000,000",None,3,0.5,0.31,0.32,0.7,Vivo,China,Mid-Range,Used,471894,5.2,Mobile,Cash,0,2,0.634,0.166,0.9,0.903,0.6,1.0,0.637,0.62,1
CUST_04498,45,Female,Dar es Salaam,Christian,Haya,Primary,"200,000-500,000",Tigo Pesa,3,0.27,0.87,0.39,1.0,Tecno,China,Mid-Range,New,391834,6.4,Physical Store,Mobile Money,0,2,0.148,0.25,1.0,0.764,1.0,0.8,0.606,0.71,1
CUST_00371,32,Female,Mbeya,Christian,Haya,Diploma,"1,000,001-2,000,000",Halopesa,1,0.33,0.17,0.78,0.5,Huawei,China,Premium,New,2087516,9.6,Physical Store,Mobile Money,1,1,0.704,0.749,1.0,0.695,1.0,1.0,0.769,0.56,0
CUST_02433,29,Female,Dodoma,Muslim,Others,Secondary,"200,000-500,000",None,3,0.31,0.73,0.67,0.7,Infinix,China,Mid-Range,New,595866,6.7,Mobile,Cash,0,12,0.0,0.449,0.9,0.815,1.0,1.0,0.297,0.68,1
CUST_03290,21,Female,Arusha,Muslim,Others,Secondary,"200,000-500,000",Halopesa,1,0.29,0.86,0.75,0.3,Nokia,Finland,Mid-Range,New,550766,6.3,Physical Store,Cash,0,2,0.0,0.473,0.9,0.645,1.0,1.0,0.442,0.67,0
CUST_01984,33,Male,Tanga,Christian,Sukuma,Secondary,"1,000,001-2,000,000",Tigo Pesa,3,0.25,0.34,0.47,0.7,Vivo,China,Mid-Range,New,262549,7.4,Physical Store,Cash,0,2,0.777,0.348,1.0,0.707,1.0,1.0,0.767,0.79,1
CUST_04424,22,Male,Dodoma,Muslim,Others,Primary,">2,000,000",Tigo Pesa,4,0.06,0.29,0.49,0.0,Huawei,China,Premium,New,1769120,8.5,Physical Store,Card,0,2,0.572,0.416,0.9,0.573,1.0,1.0,0.449,0.56,1
CUST_04636,41,Male,Arusha,Christian,Others,Primary,"200,000-500,000",M-Pesa,4,0.36,0.82,0.45,0.5,Xiaomi,China,Mid-Range,New,570210,7.3,Mobile,Mobile Money,1,2,0.0,0.328,1.0,0.885,1.0,1.0,0.462,0.72,0
CUST_03715,26,Female,Tanga,Muslim,Chagga,Primary,"500,001-1,000,000",M-Pesa,5,0.52,0.6,0.76,1.0,Tecno,China,Mid-Range,New,459701,6.3,Mobile,Cash,0,2,0.31,0.479,0.9,0.56,1.0,0.8,0.652,0.69,0
CUST_02346,15,Male,Zanzibar,Other,Others,Secondary,">2,000,000",Tigo Pesa,3,0.33,0.19,0.64,0.3,Huawei,China,Premium,New,755639,9.7,Physical Store,Cash,0,12,0.88,0.621,1.0,0.754,1.0,1.0,0.802,0.83,0
CUST_01852,15,Female,Arusha,Christian,Sukuma,No formal,">2,000,000",M-Pesa,4,0.5,0.37,0.55,0.5,Itel,China,Budget,Used,51601,3.9,Physical Store,Cash,0,2,0.873,0.215,1.0,0.686,0.6,1.0,0.755,0.62,1
CUST_00879,15,Male,Dar es Salaam,Christian,Chagga,No formal,"200,000-500,000",Airtel Money,4,0.14,0.83,0.72,0.3,Infinix,China,Mid-Range,New,442929,7.8,Physical Store,Mobile Money,1,1,0.081,0.562,1.0,0.688,1.0,1.0,0.566,0.78,1
CUST_04642,17,Male,Arusha,Christian,Others,No formal,"500,001-1,000,000",M-Pesa,1,0.37,0.58,0.63,0.5,Nokia,Finland,Mid-Range,New,457368,7.2,Physical Store,Mobile Money,1,1,0.337,0.454,1.0,0.831,1.0,1.0,0.49,0.74,1
CUST_01025,21,Female,Mwanza,Christian,Gogo,Secondary,"<200,000",Airtel Money,3,0.5,0.87,0.67,0.7,Huawei,China,Premium,New,974601,8.5,Physical Store,Mobile Money,1,12,0.293,0.57,1.0,0.666,1.0,1.0,0.506,0.72,1
CUST_00013,29,Female,Dar es Salaam,Muslim,Sukuma,Secondary,"<200,000",Airtel Money,2,0.08,0.9,0.64,0.0,Apple,USA,Premium,New,2348268,9.2,Physical Store,Mobile Money,0,2,0.0,0.589,0.9,0.732,1.0,1.0,0.603,0.48,1
CUST_00303,21,Female,Dar es Salaam,Christian,Sukuma,No formal,"<200,000",Tigo Pesa,4,0.35,0.87,0.64,0.3,Huawei,China,Premium,New,663824,8.3,Physical Store,Mobile Money,0,2,0.519,0.531,1.0,0.665,1.0,1.0,0.649,0.77,0
CUST_01579,32,Female,Arusha,Christian,Others,No formal,"200,000-500,000",Airtel Money,4,0.21,0.76,0.83,0.5,Nokia,Finland,Mid-Range,New,393644,8.0,Physical Store,Cash,0,2,0.252,0.664,1.0,0.925,1.0,1.0,0.494,0.8,1
CUST_01973,15,Female,Dar es Salaam,Muslim,Others,Secondary,"1,000,001-2,000,000",Airtel Money,5,0.43,0.45,0.32,0.7,Huawei,China,Premium,New,1591571,8.6,Physical Store,Card,0,2,0.403,0.275,0.9,0.693,1.0,1.0,0.371,0.6,1
CUST_00929,26,Male,Tanga,Christian,Sukuma,Primary,"500,001-1,000,000",M-Pesa,4,0.31,0.55,0.48,0.0,Tecno,China,Mid-Range,New,260595,6.9,Mobile,Cash,0,2,0.642,0.331,1.0,0.502,1.0,1.0,0.646,0.76,1
CUST_03842,15,Female,Tanga,Christian,Sukuma,Primary,"200,000-500,000",Halopesa,4,0.34,0.99,0.52,0.7,Vivo,China,Mid-Range,New,302970,7.3,Physical Store,Cash,0,2,0.25,0.38,1.0,0.806,1.0,1.0,0.542,0.78,1
CUST_03201,30,Female,Mbeya,Other,Nyamwezi,Bachelor,"200,000-500,000",None,2,0.35,0.71,0.3,0.5,Infinix,China,Mid-Range,New,547261,7.2,Physical Store,Cash,1,12,0.029,0.216,1.0,0.613,1.0,1.0,0.406,0.72,1
CUST_00321,20,Male,Tanga,Christian,Others,Primary,"1,000,001-2,000,000",M-Pesa,5,0.3,0.49,0.57,0.3,Oppo,China,Mid-Range,New,351414,6.8,Physical Store,Card,0,1,0.57,0.388,1.0,0.832,1.0,1.0,0.698,0.74,1
CUST_02842,36,Female,Morogoro,Muslim,Chagga,Secondary,"500,001-1,000,000",Tigo Pesa,3,0.62,0.4,0.34,0.3,Huawei,China,Premium,New,2309985,9.4,Mobile,Mobile Money,1,2,0.23,0.32,0.9,0.633,1.0,1.0,0.636,0.5,1
CUST_04889,15,Female,Dar es Salaam,Muslim,Nyamwezi,Secondary,"200,000-500,000",Airtel Money,2,0.2,0.89,0.5,0.5,Samsung,South Korea,Premium,New,1385315,8.4,Physical Store,Mobile Money,1,1,0.0,0.42,0.9,1.121,1.0,1.0,0.519,0.63,1
CUST_04548,28,Female,Dodoma,Christian,Nyamwezi,Secondary,"200,000-500,000",Tigo Pesa,2,0.36,0.89,0.3,0.0,Itel,China,Budget,New,154509,4.8,Physical Store,Cash,0,2,0.083,0.144,1.0,0.577,1.0,1.0,0.462,0.66,1
CUST_00795,15,Male,Dar es Salaam,Christian,Others,Primary,"200,000-500,000",Tigo Pesa,5,0.58,0.96,0.75,0.7,Nokia,Finland,Mid-Range,New,286496,7.4,Online,Card,0,1,0.312,0.555,1.0,0.572,1.0,1.0,0.596,0.79,1
CUST_00040,15,Male,Dar es Salaam,Christian,Sukuma,Primary,"<200,000",M-Pesa,2,0.33,0.95,0.45,0.0,Huawei,China,Premium,New,712736,9.3,Physical Store,Cash,0,12,0.436,0.419,1.0,0.754,1.0,1.0,0.645,0.82,1
CUST_02014,26,Female,Mwanza,Muslim,Others,Bachelor,"<200,000",M-Pesa,3,0.29,0.71,0.81,0.7,Nokia,Finland,Mid-Range,Used,386949,6.5,Physical Store,Mobile Money,1,1,0.313,0.527,0.9,0.752,0.6,1.0,0.622,0.71,1
CUST_04526,24,Female,Dar es Salaam,Christian,Others,No formal,"200,000-500,000",Airtel Money,4,0.17,0.79,0.39,0.5,Samsung,South Korea,Premium,New,2418905,9.4,Online,Cash,0,2,0.0,0.367,1.0,0.824,1.0,1.0,0.44,0.48,1
CUST_03398,25,Male,Morogoro,Christian,Others,Primary,"1,000,001-2,000,000",Airtel Money,3,0.41,0.42,0.46,0.3,Apple,USA,Premium,New,771024,9.6,Physical Store,Cash,0,11,0.73,0.442,1.0,1.063,1.0,1.0,0.869,0.82,1
CUST_00041,27,Female,Zanzibar,Muslim,Others,Primary,"500,001-1,000,000",M-Pesa,3,0.7,0.64,0.47,0.5,Oppo,China,Mid-Range,Used,381336,6.8,Online,Card,0,2,0.39,0.32,0.9,0.8,0.6,1.0,0.709,0.73,1
CUST_01825,15,Male,Arusha,Christian,Others,No formal,"500,001-1,000,000",M-Pesa,2,0.17,0.76,0.4,0.5,Apple,USA,Premium,New,728392,8.8,Physical Store,Cash,1,12,0.539,0.352,1.0,0.911,1.0,1.0,0.883,0.78,1
CUST_04299,27,Male,Morogoro,Christian,Others,Secondary,"<200,000",M-Pesa,3,0.18,0.8,0.4,0.5,Tecno,China,Mid-Range,New,526540,7.4,Online,Cash,1,1,0.0,0.296,1.0,0.948,1.0,1.0,0.518,0.74,1
CUST_00950,30,Female,Mwanza,Other,Nyamwezi,Master+,">2,000,000",Tigo Pesa,4,0.17,0.38,0.75,0.3,Xiaomi,China,Mid-Range,New,583391,7.0,Online,Cash,0,1,0.446,0.525,1.0,0.89,1.0,1.0,0.459,0.7,1
CUST_00430,30,Female,Dar es Salaam,Muslim,Others,Bachelor,"<200,000",M-Pesa,3,0.3,0.71,0.63,0.3,Vivo,China,Mid-Range,New,336110,6.5,Physical Store,Mobile Money,1,12,0.403,0.41,0.9,0.761,1.0,1.0,0.43,0.72,1
CUST_02182,32,Female,Dar es Salaam,Christian,Others,Secondary,"<200,000",M-Pesa,2,0.59,0.86,0.3,0.0,Nokia,Finland,Mid-Range,Used,303245,5.7,Online,Mobile Money,0,2,0.348,0.171,1.0,0.533,0.6,1.0,0.578,0.68,1
CUST_04271,23,Female,Dodoma,Christian,Others,Diploma,"500,001-1,000,000",M-Pesa,2,0.18,0.77,0.46,0.0,Tecno,China,Mid-Range,New,252805,6.5,Online,Card,1,2,0.513,0.299,1.0,0.926,1.0,1.0,0.634,0.74,0
CUST_03962,18,Male,Dar es Salaam,Christian,Sukuma,Secondary,"200,000-500,000",Tigo Pesa,3,0.24,0.93,0.38,0.7,Tecno,China,Mid-Range,New,548370,6.1,Physical Store,Cash,0,11,0.0,0.232,1.0,0.722,1.0,1.0,0.233,0.66,1
CUST_04970,32,Female,Mwanza,Muslim,Gogo,Diploma,"1,000,001-2,000,000",M-Pesa,3,0.6,0.49,0.66,0.0,Oppo,China,Mid-Range,Used,307577,5.3,Physical Store,Mobile Money,0,12,0.623,0.35,0.9,0.635,0.6,1.0,0.496,0.66,1
CUST_04095,22,Female,Mbeya,Muslim,Nyamwezi,No formal,"<200,000",Halopesa,4,0.05,0.88,0.68,0.0,Infinix,China,Mid-Range,New,595524,7.9,Physical Store,Card,0,1,0.0,0.537,0.9,0.583,1.0,1.0,0.697,0.75,0
CUST_03529,25,Male,Mwanza,Christian,Others,No formal,"200,000-500,000",Halopesa,4,0.35,0.81,0.82,0.5,Apple,USA,Premium,New,1838052,9.5,Physical Store,Cash,0,2,0.0,0.779,1.0,0.961,1.0,1.0,0.561,0.6,1
CUST_01238,16,Female,Zanzibar,Christian,Sukuma,Master+,"500,001-1,000,000",M-Pesa,3,0.39,0.49,0.87,0.5,Tecno,China,Mid-Range,New,422574,7.6,Physical Store,Cash,0,1,0.482,0.661,1.0,0.506,1.0,1.0,0.437,0.77,1
CUST_03747,45,Male,Tanga,Christian,Sukuma,No formal,"1,000,001-2,000,000",Airtel Money,2,0.06,0.41,0.44,0.3,Nokia,Finland,Mid-Range,Used,127295,5.4,Online,Cash,1,2,0.87,0.238,1.0,0.973,0.6,1.0,0.767,0.7,1
CUST_03167,19,Female,Dar es Salaam,Christian,Others,Secondary,"500,001-1,000,000",M-Pesa,4,0.01,0.79,0.78,0.5,Huawei,China,Premium,New,1952522,9.4,Physical Store,Cash,0,12,0.0,0.733,1.0,0.542,1.0,1.0,0.498,0.57,1
CUST_02538,25,Female,Mbeya,Christian,Gogo,Primary,"1,000,001-2,000,000",Tigo Pesa,2,0.51,0.4,0.34,0.0,Tecno,China,Mid-Range,New,595587,8.0,Physical Store,Mobile Money,0,2,0.404,0.272,1.0,0.664,1.0,1.0,0.503,0.76,1
CUST_00207,33,Female,Mwanza,Muslim,Others,Diploma,"500,001-1,000,000",None,3,0.6,0.51,0.85,0.5,Tecno,China,Mid-Range,New,533512,6.6,Physical Store,Mobile Money,0,2,0.32,0.561,0.9,0.77,1.0,1.0,0.631,0.69,1
CUST_01148,33,Male,Dodoma,Christian,Chagga,Bachelor,"200,000-500,000",Halopesa,5,0.83,0.97,0.77,0.0,Apple,USA,Premium,New,927546,8.1,Physical Store,Cash,0,2,0.25,0.624,1.0,0.694,1.0,1.0,0.708,0.7,1
CUST_02515,33,Male,Zanzibar,Christian,Others,Secondary,">2,000,000",M-Pesa,3,0.16,0.21,0.71,0.3,Itel,China,Budget,Used,130576,5.7,Physical Store,Cash,0,10,0.817,0.405,1.0,0.738,0.6,1.0,0.689,0.72,1
CUST_03420,32,Female,Morogoro,Muslim,Others,Primary,"200,000-500,000",Tigo Pesa,3,0.5,0.86,0.48,0.7,Tecno,China,Mid-Range,New,500292,7.1,Physical Store,Mobile Money,0,2,0.0,0.341,0.9,0.814,1.0,1.0,0.454,0.73,1
CUST_03080,18,Female,Dar es Salaam,Christian,Others,Diploma,"500,001-1,000,000",M-Pesa,4,0.83,0.67,0.52,0.3,Apple,USA,Premium,New,2221423,8.7,Physical Store,Mobile Money,0,1,0.0,0.452,1.0,1.137,1.0,1.0,0.686,0.48,1
CUST_02948,24,Female,Dodoma,Christian,Gogo,Primary,"<200,000",M-Pesa,4,0.39,0.95,0.86,0.3,Infinix,China,Mid-Range,New,321767,6.8,Physical Store,Cash,0,2,0.236,0.585,1.0,0.822,1.0,1.0,0.798,0.74,1
CUST_01979,45,Female,Dar es Salaam,Christian,Others,Primary,"500,001-1,000,000",M-Pesa,2,0.21,0.72,0.36,0.5,Infinix,China,Mid-Range,New,400122,6.9,Mobile,Cash,0,2,0.28,0.248,1.0,0.515,1.0,1.0,0.47,0.73,1
CUST_02369,19,Female,Tanga,Muslim,Nyamwezi,Master+,"200,000-500,000",Airtel Money,4,0.29,0.96,0.45,0.3,Infinix,China,Mid-Range,New,522924,6.4,Mobile,Cash,0,2,0.0,0.288,0.9,0.695,1.0,1.0,0.447,0.68,1
CUST_01712,31,Male,Arusha,Muslim,Nyamwezi,Secondary,"500,001-1,000,000",Tigo Pesa,4,0.05,0.68,0.3,0.5,Xiaomi,China,Mid-Range,New,272327,6.3,Mobile,Cash,0,1,0.537,0.189,0.9,0.85,1.0,1.0,0.603,0.72,1
CUST_01174,15,Female,Mwanza,Christian,Others,Primary,"200,000-500,000",Halopesa,4,0.38,0.8,0.4,0.5,Infinix,China,Mid-Range,New,567268,7.8,Physical Store,Cash,0,2,0.0,0.312,1.0,0.914,1.0,1.0,0.513,0.75,1
CUST_02820,46,Female,Mbeya,Christian,Nyamwezi,No formal,"<200,000",Airtel Money,4,0.19,0.7,0.65,0.7,Apple,USA,Premium,New,953733,9.8,Physical Store,Mobile Money,0,2,0.444,0.637,1.0,1.044,1.0,1.0,0.638,0.8,0
CUST_04466,23,Male,Mwanza,Christian,Others,No formal,"200,000-500,000",Tigo Pesa,4,0.2,0.95,0.81,0.3,Itel,China,Budget,New,196303,4.4,Physical Store,Cash,0,2,0.0,0.356,1.0,0.753,1.0,1.0,0.329,0.62,1
CUST_03976,23,Male,Tanga,Christian,Nyamwezi,Secondary,"200,000-500,000",Tigo Pesa,3,0.72,0.76,0.83,0.5,Vivo,China,Mid-Range,New,343762,6.1,Physical Store,Cash,0,2,0.347,0.506,1.0,0.684,1.0,1.0,0.627,0.7,1
CUST_01969,19,Male,Tanga,Muslim,Others,Secondary,"500,001-1,000,000",Airtel Money,4,0.18,0.67,0.43,0.7,Itel,China,Budget,Used,134466,3.4,Physical Store,Mobile Money,0,2,0.399,0.146,0.9,0.516,0.6,1.0,0.456,0.58,1
CUST_02096,50,Male,Morogoro,Christian,Sukuma,Diploma,"200,000-500,000",Tigo Pesa,1,0.37,0.94,0.81,0.0,Apple,USA,Premium,Used,966310,7.1,Online,Mobile Money,0,2,0.243,0.575,1.0,0.956,0.6,1.0,0.676,0.63,1
CUST_04301,31,Female,Dodoma,Muslim,Others,No formal,"500,001-1,000,000",M-Pesa,3,0.28,0.47,0.6,0.5,Huawei,China,Premium,New,1224624,9.3,Physical Store,Cash,0,2,0.52,0.558,0.9,0.648,1.0,1.0,0.713,0.71,1
CUST_01993,23,Male,Dar es Salaam,Christian,Others,Secondary,"200,000-500,000",Tigo Pesa,2,0.17,0.85,0.45,0.3,Tecno,China,Mid-Range,New,466809,7.7,Physical Store,Cash,0,2,0.008,0.347,1.0,0.943,1.0,1.0,0.369,0.77,1
CUST_02566,29,Female,Arusha,Christian,Others,Secondary,"200,000-500,000",Tigo Pesa,4,0.28,0.92,0.36,0.0,Huawei,China,Premium,New,2255556,8.2,Mobile,Mobile Money,0,2,0.0,0.295,1.0,0.702,1.0,1.0,0.245,0.44,1
CUST_03732,32,Female,Dodoma,Muslim,Gogo,Bachelor,"200,000-500,000",M-Pesa,3,0.11,0.7,0.73,0.0,Nokia,Finland,Mid-Range,New,336969,7.0,Physical Store,Cash,0,2,0.41,0.511,0.9,0.599,1.0,1.0,0.55,0.75,1
CUST_01971,36,Male,Mbeya,Muslim,Nyamwezi,No formal,"200,000-500,000",Tigo Pesa,5,0.37,0.78,0.45,0.5,Samsung,South Korea,Premium,New,698317,8.7,Online,Cash,0,2,0.546,0.391,0.9,0.744,1.0,1.0,0.587,0.78,1
CUST_03325,20,Female,Dar es Salaam,Christian,Others,Diploma,"500,001-1,000,000",Airtel Money,2,0.25,0.78,0.68,0.3,Infinix,China,Mid-Range,New,369471,6.8,Physical Store,Mobile Money,0,1,0.28,0.462,1.0,0.724,1.0,1.0,0.785,0.73,1
CUST_00513,16,Female,Tanga,Christian,Others,No formal,"<200,000",None,5,0.42,0.88,0.47,0.7,Vivo,China,Mid-Range,New,277823,6.7,Physical Store,Mobile Money,0,2,0.389,0.315,1.0,0.615,1.0,1.0,0.511,0.75,1
CUST_04191,38,Female,Dar es Salaam,Other,Haya,Bachelor,"<200,000",Halopesa,5,0.28,0.93,0.37,0.7,Vivo,China,Mid-Range,New,419775,7.8,Physical Store,Mobile Money,0,11,0.024,0.289,1.0,0.879,1.0,1.0,0.546,0.78,1
CUST_01675,33,Male,Arusha,Christian,Others,Secondary,"200,000-500,000",M-Pesa,4,0.14,0.73,0.87,0.5,Samsung,South Korea,Premium,New,1842124,8.5,Physical Store,Cash,0,2,0.0,0.739,1.0,0.645,1.0,1.0,0.563,0.54,1
CUST_03148,23,Female,Mwanza,Other,Chagga,Primary,"200,000-500,000",M-Pesa,3,0.2,0.85,0.68,0.5,Apple,USA,Premium,New,1609116,8.2,Physical Store,Cash,0,2,0.0,0.558,1.0,1.11,1.0,1.0,0.654,0.57,1
CUST_04066,30,Male,Dodoma,Christian,Sukuma,No formal,"1,000,001-2,000,000",Tigo Pesa,2,0.51,0.12,0.85,0.3,Infinix,China,Mid-Range,New,426560,7.2,Physical Store,Card,0,2,0.872,0.612,1.0,0.969,1.0,1.0,0.854,0.75,1
CUST_01951,29,Female,Zanzibar,Christian,Others,Secondary,"<200,000",M-Pesa,2,0.67,0.95,0.71,0.3,Huawei,China,Premium,New,903557,9.5,Physical Store,Mobile Money,0,2,0.285,0.674,1.0,0.672,1.0,1.0,0.651,0.79,1
CUST_01937,35,Female,Mwanza,Muslim,Sukuma,Secondary,"500,001-1,000,000",M-Pesa,2,0.34,0.57,0.86,1.0,Apple,USA,Premium,New,788100,8.7,Physical Store,Cash,1,1,0.626,0.748,0.9,0.658,1.0,0.8,0.831,0.76,1
CUST_00365,26,Female,Mbeya,Christian,Sukuma,Secondary,"500,001-1,000,000",Tigo Pesa,3,0.13,0.6,0.59,0.5,Tecno,China,Mid-Range,New,551512,7.8,Physical Store,Mobile Money,0,12,0.173,0.46,1.0,0.646,1.0,1.0,0.628,0.76,1
CUST_00498,38,Female,Dodoma,Christian,Nyamwezi,Primary,"500,001-1,000,000",Tigo Pesa,2,0.02,0.63,0.53,0.0,Infinix,China,Mid-Range,New,451518,7.3,Physical Store,Cash,0,1,0.289,0.387,1.0,0.993,1.0,1.0,0.609,0.75,1
CUST_03732,32,Female,Dodoma,Muslim,Gogo,Bachelor,"200,000-500,000",M-Pesa,3,0.11,0.7,0.73,0.0,Samsung,South Korea,Premium,New,1700187,9.5,Physical Store,Cash,0,2,0.008,0.694,0.9,0.709,1.0,1.0,0.476,0.63,1
CUST_01165,41,Female,Tanga,Christian,Others,Secondary,"<200,000",M-Pesa,5,0.04,0.76,0.56,0.5,Itel,China,Budget,Used,143358,5.0,Mobile,Mobile Money,0,2,0.274,0.28,1.0,0.781,0.6,1.0,0.459,0.67,1
CUST_03396,35,Female,Dar es Salaam,Christian,Others,No formal,"500,001-1,000,000",M-Pesa,1,0.28,0.64,0.43,0.5,Itel,China,Budget,New,168696,4.8,Mobile,Card,0,2,0.28,0.206,1.0,0.644,1.0,1.0,0.521,0.65,1
CUST_00959,15,Female,Mbeya,Christian,Others,Secondary,">2,000,000",Tigo Pesa,4,0.03,0.5,0.47,0.5,Infinix,China,Mid-Range,New,500291,6.4,Physical Store,Cash,0,1,0.375,0.301,1.0,0.891,1.0,1.0,0.629,0.68,1
CUST_03802,34,Male,Mwanza,Muslim,Haya,Primary,"500,001-1,000,000",M-Pesa,4,0.63,0.46,0.72,0.5,Nokia,Finland,Mid-Range,New,309410,7.7,Physical Store,Mobile Money,0,2,0.644,0.554,0.9,0.948,1.0,1.0,0.863,0.8,1
CUST_01737,18,Female,Mbeya,Christian,Others,Primary,"200,000-500,000",Tigo Pesa,3,0.64,0.86,0.31,0.5,Tecno,China,Mid-Range,New,476986,6.6,Physical Store,Mobile Money,0,2,0.0,0.205,1.0,0.598,1.0,1.0,0.467,0.7,1
CUST_00390,37,Female,Arusha,Christian,Sukuma,Secondary,"<200,000",Tigo Pesa,3,0.55,0.91,0.52,0.0,Tecno,China,Mid-Range,New,452333,6.7,Physical Store,Cash,1,2,0.0,0.348,1.0,0.869,1.0,1.0,0.255,0.71,1
CUST_03631,15,Female,Arusha,Muslim,Others,Master+,"200,000-500,000",Tigo Pesa,5,0.29,0.81,0.58,0.3,Nokia,Finland,Mid-Range,New,270630,7.3,Physical Store,Mobile Money,0,12,0.452,0.423,0.9,0.995,1.0,1.0,0.666,0.78,1
CUST_02760,34,Male,Dar es Salaam,Christian,Others,Primary,"200,000-500,000",Tigo Pesa,4,0.29,0.97,0.53,0.5,Apple,USA,Premium,New,2143972,8.3,Online,Mobile Money,0,2,0.0,0.44,1.0,1.096,1.0,1.0,0.446,0.47,0
CUST_00585,26,Female,Zanzibar,Christian,Others,Diploma,"500,001-1,000,000",Tigo Pesa,5,0.39,0.74,0.89,0.3,Samsung,South Korea,Premium,New,1239578,8.7,Mobile,Mobile Money,0,2,0.236,0.774,1.0,0.854,1.0,1.0,0.572,0.67,0
CUST_02724,30,Male,Morogoro,Christian,Nyamwezi,Diploma,"<200,000",Airtel Money,2,0.2,0.75,0.53,0.5,Samsung,South Korea,Premium,New,2363739,8.4,Mobile,Mobile Money,0,2,0.0,0.445,1.0,1.142,1.0,1.0,0.614,0.43,1
CUST_04204,15,Male,Mwanza,Christian,Sukuma,Primary,"200,000-500,000",M-Pesa,1,0.16,0.92,0.74,0.7,Oppo,China,Mid-Range,New,302502,6.8,Physical Store,Mobile Money,1,2,0.304,0.503,1.0,0.657,1.0,1.0,0.518,0.75,0
CUST_01853,21,Male,Dar es Salaam,Muslim,Nyamwezi,No formal,"<200,000",Airtel Money,4,0.2,0.83,0.45,0.0,Huawei,China,Premium,New,1153072,8.4,Physical Store,Cash,0,2,0.202,0.378,0.9,0.765,1.0,1.0,0.392,0.67,1
CUST_04838,33,Male,Mwanza,Christian,Haya,Secondary,"200,000-500,000",Tigo Pesa,5,0.51,0.94,0.49,0.0,Nokia,Finland,Mid-Range,New,270886,6.8,Physical Store,Mobile Money,0,1,0.363,0.333,1.0,0.678,1.0,1.0,0.578,0.75,1
CUST_03279,27,Female,Dar es Salaam,Muslim,Others,Bachelor,"1,000,001-2,000,000",Airtel Money,1,0.29,0.12,0.68,0.5,Itel,China,Budget,New,174502,5.1,Physical Store,Card,0,2,0.86,0.347,0.9,0.754,1.0,1.0,0.901,0.67,1
CUST_04226,22,Female,Dar es Salaam,Christian,Haya,Bachelor,"500,001-1,000,000",M-Pesa,3,0.2,0.56,0.65,0.7,Nokia,Finland,Mid-Range,New,466587,6.1,Online,Mobile Money,0,1,0.347,0.396,1.0,0.909,1.0,1.0,0.433,0.67,1
CUST_01892,15,Male,Mbeya,Muslim,Haya,Diploma,"500,001-1,000,000",Tigo Pesa,1,0.13,0.44,0.87,0.0,Samsung,South Korea,Premium,New,1928284,9.0,Mobile,Mobile Money,0,2,0.293,0.783,0.9,0.903,1.0,1.0,0.727,0.55,1
CUST_04370,15,Male,Mwanza,Christian,Others,Primary,"200,000-500,000",M-Pesa,3,0.3,0.85,0.33,0.0,Nokia,Finland,Mid-Range,New,430553,6.2,Online,Cash,1,2,0.085,0.205,1.0,0.987,1.0,1.0,0.449,0.69,1
CUST_02381,38,Female,Morogoro,Christian,Nyamwezi,Bachelor,"500,001-1,000,000",M-Pesa,1,0.21,0.75,0.54,0.3,Apple,USA,Premium,New,1650000,8.5,Physical Store,Cash,0,2,0.0,0.459,1.0,0.898,1.0,1.0,0.616,0.58,1
CUST_04886,17,Female,Dodoma,Christian,Others,Primary,">2,000,000",M-Pesa,3,0.29,0.35,0.63,0.7,Huawei,China,Premium,New,1964734,9.8,Physical Store,Card,0,1,0.427,0.617,1.0,0.721,1.0,1.0,0.723,0.6,1
CUST_03798,35,Male,Mbeya,Christian,Others,Secondary,"<200,000",Airtel Money,2,0.26,0.72,0.86,0.0,Nokia,Finland,Mid-Range,New,352488,7.7,Online,Cash,0,2,0.366,0.662,1.0,0.742,1.0,1.0,0.763,0.79,1
CUST_04429,27,Female,Arusha,Christian,Others,Primary,"500,001-1,000,000",Airtel Money,3,0.11,0.65,0.73,0.0,Oppo,China,Mid-Range,New,416369,7.0,Physical Store,Mobile Money,0,2,0.323,0.511,1.0,0.866,1.0,1.0,0.605,0.74,0
CUST_00615,15,Male,Mbeya,Christian,Others,Diploma,"200,000-500,000",Tigo Pesa,3,0.11,0.83,0.59,0.7,Itel,China,Budget,New,221805,5.2,Physical Store,Cash,1,12,0.0,0.307,1.0,0.624,1.0,1.0,0.503,0.67,1
CUST_03861,44,Male,Dodoma,Christian,Makonde,Primary,"200,000-500,000",M-Pesa,5,0.21,0.92,0.32,0.3,Nokia,Finland,Mid-Range,New,577658,7.1,Physical Store,Cash,1,1,0.0,0.227,1.0,0.609,1.0,1.0,0.402,0.71,1
CUST_03380,15,Male,Dar es Salaam,Christian,Others,Secondary,"<200,000",Tigo Pesa,4,0.2,0.79,0.82,0.5,Huawei,China,Premium,New,681688,9.5,Physical Store,Cash,0,12,0.551,0.779,1.0,0.858,1.0,1.0,0.863,0.83,1
CUST_02231,32,Male,Mbeya,Other,Sukuma,Primary,"1,000,001-2,000,000",Tigo Pesa,3,0.35,0.34,0.46,0.5,Tecno,China,Mid-Range,New,325203,7.1,Online,Cash,1,1,0.724,0.327,1.0,0.548,1.0,1.0,0.916,0.76,1
CUST_01258,36,Male,Mwanza,Muslim,Gogo,Primary,"200,000-500,000",Halopesa,5,0.23,0.7,0.38,0.5,Apple,USA,Premium,New,2411911,9.8,Mobile,Mobile Money,0,2,0.0,0.372,0.9,0.74,1.0,1.0,0.483,0.51,1
CUST_00962,16,Male,Mwanza,Christian,Others,Secondary,">2,000,000",Airtel Money,5,0.14,0.48,0.39,0.7,Apple,USA,Premium,New,2273065,8.2,Physical Store,Mobile Money,0,2,0.091,0.32,1.0,0.67,1.0,1.0,0.451,0.44,1
CUST_00458,51,Female,Dodoma,Other,Sukuma,No formal,"500,001-1,000,000",Airtel Money,3,0.39,0.77,0.71,0.3,Itel,China,Budget,Used,62943,3.4,Physical Store,Cash,0,11,0.677,0.241,1.0,0.574,0.6,1.0,0.517,0.59,1
CUST_02309,39,Female,Zanzibar,Muslim,Others,Primary,"200,000-500,000",Airtel Money,3,0.51,0.8,0.4,0.3,Xiaomi,China,Mid-Range,New,530032,6.6,Physical Store,Card,0,12,0.0,0.264,0.9,0.83,1.0,1.0,0.434,0.69,1
CUST_02117,15,Male,Dar es Salaam,Christian,Others,Bachelor,"<200,000",M-Pesa,2,0.21,0.92,0.46,1.0,Vivo,China,Mid-Range,Used,153264,6.8,Physical Store,Cash,0,1,0.647,0.313,1.0,0.934,0.6,0.8,0.704,0.78,1
CUST_04284,33,Male,Arusha,Christian,Chagga,Bachelor,"200,000-500,000",Tigo Pesa,3,0.05,0.75,0.32,0.3,Samsung,South Korea,Premium,New,1073217,9.1,Physical Store,Card,0,2,0.329,0.291,1.0,1.124,1.0,1.0,0.622,0.73,1
CUST_00002,22,Male,Arusha,Muslim,Sukuma,Primary,"200,000-500,000",Airtel Money,2,0.58,0.75,0.34,0.7,Vivo,China,Mid-Range,New,572792,6.8,Physical Store,Mobile Money,0,2,0.0,0.231,0.9,0.815,1.0,1.0,0.398,0.69,1
CUST_04800,32,Female,Tanga,Christian,Haya,Diploma,"200,000-500,000",Tigo Pesa,4,0.17,0.95,0.46,0.3,Huawei,China,Premium,New,1442212,9.9,Physical Store,Cash,1,2,0.0,0.455,1.0,0.548,1.0,1.0,0.477,0.71,1
CUST_02800,27,Male,Tanga,Muslim,Nyamwezi,Diploma,"200,000-500,000",Halopesa,1,0.41,0.78,0.82,0.7,Huawei,China,Premium,New,669238,9.2,Physical Store,Cash,1,1,0.565,0.754,0.9,0.807,1.0,1.0,0.897,0.82,1
CUST_04188,40,Male,Zanzibar,Muslim,Others,Primary,">2,000,000",Halopesa,2,0.21,0.37,0.61,0.7,Vivo,China,Mid-Range,New,372797,8.0,Physical Store,Cash,0,2,0.655,0.488,0.9,0.892,1.0,1.0,0.627,0.81,1
CUST_02017,39,Female,Dar es Salaam,Christian,Others,Diploma,"500,001-1,000,000",Airtel Money,2,0.2,0.47,0.83,0.5,Apple,USA,Premium,New,1388437,8.8,Physical Store,Cash,1,2,0.456,0.73,1.0,0.645,1.0,1.0,0.718,0.65,1
CUST_03908,18,Male,Dar es Salaam,Muslim,Nyamwezi,Secondary,"200,000-500,000",Tigo Pesa,4,0.31,0.88,0.54,0.3,Tecno,China,Mid-Range,New,480873,7.6,Physical Store,Cash,0,2,0.0,0.41,0.9,0.99,1.0,1.0,0.466,0.76,1
CUST_01527,23,Male,Arusha,Christian,Others,Primary,"<200,000",Halopesa,2,0.36,0.82,0.69,0.3,Nokia,Finland,Mid-Range,New,592453,7.8,Online,Cash,0,2,0.0,0.538,1.0,0.975,1.0,1.0,0.577,0.75,1
CUST_04202,20,Male,Arusha,Christian,Makonde,Diploma,"200,000-500,000",M-Pesa,4,0.16,0.76,0.36,0.3,Xiaomi,China,Mid-Range,New,303483,6.4,Physical Store,Mobile Money,0,1,0.423,0.23,1.0,0.693,1.0,1.0,0.354,0.72,1
CUST_03756,19,Male,Morogoro,Muslim,Others,Secondary,"<200,000",Airtel Money,5,0.56,0.84,0.77,0.0,Nokia,Finland,Mid-Range,New,398729,6.1,Physical Store,Mobile Money,0,2,0.163,0.47,0.9,0.52,1.0,1.0,0.518,0.69,0
CUST_02043,17,Female,Mbeya,Muslim,Others,Diploma,"<200,000",Tigo Pesa,2,0.15,0.96,0.35,0.0,Samsung,South Korea,Premium,New,1189446,10.0,Physical Store,Cash,0,1,0.048,0.35,0.9,0.605,1.0,1.0,0.622,0.76,1
CUST_00277,20,Male,Dar es Salaam,Christian,Others,Diploma,"200,000-500,000",M-Pesa,4,0.08,0.88,0.58,0.7,Tecno,China,Mid-Range,New,254501,6.8,Physical Store,Mobile Money,0,2,0.44,0.394,1.0,0.946,1.0,1.0,0.733,0.76,1
CUST_04838,33,Male,Mwanza,Christian,Haya,Secondary,"200,000-500,000",Tigo Pesa,5,0.51,0.94,0.49,0.0,Oppo,China,Mid-Range,New,483925,6.9,Physical Store,Mobile Money,0,2,0.0,0.338,1.0,0.819,1.0,1.0,0.257,0.72,1
CUST_04279,30,Male,Arusha,Christian,Others,Primary,"200,000-500,000",M-Pesa,3,0.15,0.81,0.37,0.3,Nokia,Finland,Mid-Range,New,581370,6.1,Mobile,Mobile Money,0,10,0.0,0.226,1.0,0.887,1.0,1.0,0.455,0.65,1
CUST_02510,25,Male,Dodoma,Christian,Others,Primary,"<200,000",M-Pesa,3,0.72,0.74,0.45,0.3,Huawei,China,Premium,New,2479252,8.6,Physical Store,Mobile Money,0,12,0.0,0.387,1.0,0.998,1.0,1.0,0.405,0.42,1
CUST_03319,24,Male,Tanga,Christian,Others,Primary,"200,000-500,000",Halopesa,3,0.21,0.93,0.51,0.0,Oppo,China,Mid-Range,New,524084,7.1,Physical Store,Mobile Money,0,2,0.0,0.362,1.0,0.929,1.0,1.0,0.587,0.72,1
CUST_03363,49,Female,Zanzibar,Muslim,Sukuma,Primary,"500,001-1,000,000",Tigo Pesa,3,0.44,0.61,0.33,0.5,Apple,USA,Premium,New,1741277,8.6,Online,Mobile Money,1,1,0.115,0.284,0.9,0.713,1.0,1.0,0.551,0.57,1
CUST_00638,15,Female,Mwanza,Christian,Nyamwezi,Diploma,"500,001-1,000,000",M-Pesa,2,0.67,0.47,0.77,0.3,Infinix,China,Mid-Range,New,337776,6.9,Physical Store,Cash,0,2,0.603,0.531,1.0,0.533,1.0,1.0,0.763,0.75,1
CUST_01203,37,Male,Dar es Salaam,Muslim,Others,Master+,"500,001-1,000,000",Tigo Pesa,3,0.2,0.7,0.66,0.5,Apple,USA,Premium,New,1613499,9.5,Physical Store,Card,0,2,0.059,0.627,0.9,0.822,1.0,1.0,0.56,0.65,1
CUST_00887,15,Female,Arusha,Christian,Others,Diploma,"500,001-1,000,000",M-Pesa,3,0.3,0.71,0.56,0.3,Infinix,China,Mid-Range,Used,377484,5.3,Online,Cash,0,2,0.33,0.297,1.0,0.857,0.6,1.0,0.507,0.64,1
CUST_04387,23,Male,Dodoma,Christian,Nyamwezi,Primary,"500,001-1,000,000",Tigo Pesa,4,0.34,0.52,0.55,0.5,Apple,USA,Premium,New,1667044,9.5,Physical Store,Mobile Money,0,2,0.278,0.522,1.0,0.782,1.0,1.0,0.597,0.64,1
CUST_04513,28,Female,Zanzibar,Christian,Haya,Master+,"500,001-1,000,000",M-Pesa,5,0.48,0.74,0.44,0.0,Infinix,China,Mid-Range,Used,142649,5.9,Physical Store,Mobile Money,1,2,0.736,0.26,1.0,0.812,0.6,1.0,0.73,0.73,1
CUST_02462,32,Male,Zanzibar,Christian,Chagga,Secondary,"500,001-1,000,000",M-Pesa,4,0.51,0.77,0.75,0.3,Samsung,South Korea,Premium,New,1409052,8.0,Physical Store,Mobile Money,0,2,0.096,0.6,1.0,0.858,1.0,1.0,0.747,0.6,1
CUST_01140,55,Male,Arusha,Christian,Others,Bachelor,"1,000,001-2,000,000",Airtel Money,1,0.03,0.23,0.58,0.0,Oppo,China,Mid-Range,New,562697,7.8,Mobile,Mobile Money,1,1,0.676,0.452,1.0,0.854,1.0,1.0,0.705,0.76,1
CUST_02658,18,Female,Dodoma,Christian,Others,Secondary,"1,000,001-2,000,000",M-Pesa,3,0.34,0.13,0.32,0.3,Vivo,China,Mid-Range,New,414906,6.1,Online,Mobile Money,0,2,0.865,0.195,1.0,0.967,1.0,1.0,0.783,0.68,1
CUST_02813,15,Male,Zanzibar,Christian,Nyamwezi,Diploma,"<200,000",M-Pesa,5,0.26,0.97,0.81,0.0,Samsung,South Korea,Premium,New,2206473,8.6,Physical Store,Mobile Money,1,2,0.0,0.697,1.0,0.695,1.0,1.0,0.504,0.47,1
CUST_01374,21,Female,Arusha,Christian,Gogo,Secondary,"<200,000",Tigo Pesa,3,0.07,0.77,0.84,0.3,Infinix,China,Mid-Range,New,306210,7.4,Physical Store,Mobile Money,0,2,0.411,0.622,1.0,0.611,1.0,1.0,0.525,0.78,1
CUST_00466,15,Male,Dar es Salaam,Christian,Chagga,Primary,"500,001-1,000,000",Tigo Pesa,5,0.33,0.48,0.55,0.3,Apple,USA,Premium,New,973744,9.9,Physical Store,Cash,1,2,0.611,0.544,1.0,1.19,1.0,1.0,0.598,0.8,0
CUST_04853,16,Male,Morogoro,Christian,Others,Primary,"500,001-1,000,000",M-Pesa,3,0.6,0.66,0.68,0.5,Infinix,China,Mid-Range,New,586062,7.0,Physical Store,Mobile Money,0,2,0.033,0.476,1.0,0.683,1.0,1.0,0.342,0.7,1
CUST_00945,23,Male,Dar es Salaam,Christian,Sukuma,No formal,"200,000-500,000",Halopesa,1,0.4,0.78,0.83,0.3,Huawei,China,Premium,New,2026754,8.3,Physical Store,Mobile Money,0,12,0.0,0.689,1.0,0.579,1.0,1.0,0.656,0.49,1
CUST_00879,15,Male,Dar es Salaam,Christian,Chagga,No formal,"200,000-500,000",Airtel Money,4,0.14,0.83,0.72,0.3,Xiaomi,China,Mid-Range,New,326778,7.9,Mobile,Cash,0,12,0.322,0.569,1.0,0.804,1.0,1.0,0.69,0.81,1
CUST_00903,21,Female,Mwanza,Muslim,Others,Bachelor,"<200,000",M-Pesa,2,0.48,0.89,0.85,0.3,Itel,China,Budget,New,223268,6.2,Online,Cash,0,2,0.0,0.527,0.9,0.775,1.0,1.0,0.567,0.73,1
CUST_01707,15,Male,Zanzibar,Christian,Sukuma,Diploma,"500,001-1,000,000",Halopesa,3,0.1,0.51,0.68,0.3,Huawei,China,Premium,New,1221728,9.1,Mobile,Cash,0,2,0.481,0.619,1.0,0.561,1.0,1.0,0.535,0.7,1
CUST_03753,29,Female,Mbeya,Muslim,Haya,Bachelor,"<200,000",Airtel Money,3,0.11,0.74,0.85,0.7,Nokia,Finland,Mid-Range,Used,298238,6.3,Physical Store,Mobile Money,0,2,0.448,0.536,0.9,0.517,0.6,1.0,0.555,0.72,1
CUST_04892,22,Male,Mwanza,Christian,Makonde,No formal,"<200,000",Tigo Pesa,3,0.44,0.92,0.34,0.7,Infinix,China,Mid-Range,New,597043,6.9,Mobile,Cash,0,1,0.0,0.235,1.0,0.82,1.0,1.0,0.466,0.69,1
CUST_01107,24,Female,Arusha,Other,Makonde,Bachelor,"1,000,001-2,000,000",Airtel Money,4,0.27,0.15,0.37,0.5,Apple,USA,Premium,Used,1805651,8.2,Online,Cash,0,2,0.774,0.303,1.0,0.672,0.6,1.0,0.6,0.53,1
CUST_03925,22,Male,Dar es Salaam,Muslim,Others,Secondary,"<200,000",Tigo Pesa,3,0.3,0.86,0.36,0.7,Samsung,South Korea,Premium,New,623093,8.4,Physical Store,Mobile Money,1,2,0.553,0.302,0.9,1.05,1.0,1.0,0.624,0.78,0
CUST_01802,24,Male,Mwanza,Muslim,Nyamwezi,No formal,"<200,000",Halopesa,5,0.59,0.76,0.85,0.5,Tecno,China,Mid-Range,New,347585,7.7,Online,Mobile Money,1,2,0.34,0.654,0.9,0.674,1.0,1.0,0.664,0.79,1
CUST_04898,32,Female,Tanga,Muslim,Others,Diploma,"1,000,001-2,000,000",Tigo Pesa,3,0.16,0.11,0.34,0.3,Apple,USA,Premium,New,800442,9.4,Physical Store,Mobile Money,0,2,0.927,0.32,0.9,0.779,1.0,1.0,0.745,0.8,1
CUST_02719,19,Male,Mwanza,Christian,Others,No formal,"<200,000",M-Pesa,3,0.07,0.85,0.64,0.3,Huawei,China,Premium,New,1430211,8.2,Physical Store,Card,0,12,0.0,0.525,1.0,0.786,1.0,1.0,0.557,0.61,1
CUST_02361,19,Male,Zanzibar,Christian,Others,Secondary,"<200,000",M-Pesa,3,0.09,0.97,0.68,0.3,Tecno,China,Mid-Range,New,337776,6.3,Mobile,Mobile Money,0,2,0.181,0.428,1.0,0.778,1.0,1.0,0.412,0.71,1
CUST_00452,28,Female,Morogoro,Muslim,Others,Primary,"500,001-1,000,000",Tigo Pesa,1,0.1,0.45,0.89,0.3,Nokia,Finland,Mid-Range,New,293894,8.0,Physical Store,Cash,0,2,0.669,0.712,0.9,0.514,1.0,1.0,0.553,0.82,1
CUST_04988,34,Female,Zanzibar,Muslim,Others,Primary,"500,001-1,000,000",Airtel Money,2,0.22,0.79,0.48,1.0,Samsung,South Korea,Premium,New,2128603,8.5,Physical Store,Mobile Money,0,1,0.0,0.408,0.9,1.152,1.0,0.8,0.628,0.48,1
CUST_04875,17,Female,Dodoma,Christian,Others,Diploma,"1,000,001-2,000,000",Airtel Money,5,0.24,0.24,0.46,1.0,Apple,USA,Premium,New,2139673,8.7,Mobile,Mobile Money,0,1,0.572,0.4,1.0,0.869,1.0,0.8,0.598,0.49,0
CUST_03090,20,Female,Dar es Salaam,Muslim,Others,Diploma,"1,000,001-2,000,000",Tigo Pesa,1,0.43,0.25,0.89,1.0,Tecno,China,Mid-Range,Used,417741,6.9,Physical Store,Mobile Money,0,2,0.739,0.614,0.9,0.803,0.6,0.8,0.894,0.73,1
CUST_04871,31,Male,Arusha,Christian,Makonde,Primary,"500,001-1,000,000",M-Pesa,3,0.52,0.58,0.64,0.3,Infinix,China,Mid-Range,New,470035,6.6,Online,Cash,0,2,0.318,0.422,1.0,0.989,1.0,1.0,0.654,0.7,1
CUST_03651,25,Male,Zanzibar,Muslim,Sukuma,Primary,"200,000-500,000",Airtel Money,1,0.17,0.73,0.58,0.5,Infinix,China,Mid-Range,New,412262,7.6,Physical Store,Mobile Money,0,1,0.248,0.441,0.9,0.526,1.0,1.0,0.48,0.77,1
CUST_03103,36,Female,Dar es Salaam,Christian,Nyamwezi,Diploma,"200,000-500,000",Tigo Pesa,4,0.15,0.92,0.43,0.5,Nokia,Finland,Mid-Range,New,573506,6.6,Online,Cash,0,2,0.0,0.284,1.0,0.799,1.0,1.0,0.404,0.68,1
CUST_03532,49,Male,Tanga,Muslim,Others,Primary,"500,001-1,000,000",Airtel Money,1,0.08,0.6,0.55,0.3,Infinix,China,Mid-Range,New,450176,6.1,Physical Store,Cash,0,1,0.325,0.336,0.9,0.861,1.0,1.0,0.525,0.68,1
CUST_01343,27,Female,Mwanza,Christian,Chagga,Diploma,"1,000,001-2,000,000",M-Pesa,4,0.36,0.18,0.4,0.3,Xiaomi,China,Mid-Range,New,517212,7.7,Physical Store,Cash,0,2,0.767,0.308,1.0,0.995,1.0,1.0,0.774,0.76,1
CUST_03205,28,Male,Mwanza,Christian,Others,Secondary,"500,001-1,000,000",M-Pesa,5,0.38,0.54,0.76,0.0,Itel,China,Budget,New,116653,5.2,Physical Store,Cash,0,1,0.58,0.395,1.0,0.515,1.0,1.0,0.488,0.69,1
CUST_03436,25,Female,Mbeya,Christian,Others,No formal,"200,000-500,000",Tigo Pesa,3,0.53,0.91,0.31,0.5,Itel,China,Budget,New,230865,4.8,Physical Store,Card,0,12,0.0,0.149,1.0,0.815,1.0,1.0,0.291,0.64,1
CUST_01172,18,Female,Mbeya,Christian,Gogo,Secondary,"<200,000",Tigo Pesa,4,0.27,0.98,0.34,0.3,Samsung,South Korea,Premium,New,1702977,9.6,Physical Store,Card,0,2,0.0,0.326,1.0,1.113,1.0,1.0,0.589,0.64,1
CUST_04549,25,Male,Dodoma,Christian,Others,Secondary,"500,001-1,000,000",M-Pesa,2,0.45,0.75,0.37,0.3,Oppo,China,Mid-Range,New,404122,7.9,Mobile,Cash,0,2,0.242,0.292,1.0,0.515,1.0,1.0,0.37,0.79,1
CUST_01093,36,Female,Dodoma,Christian,Sukuma,Primary,"500,001-1,000,000",M-Pesa,3,0.1,0.62,0.7,0.0,Apple,USA,Premium,New,1923860,9.6,Physical Store,Cash,0,2,0.006,0.672,1.0,0.732,1.0,1.0,0.431,0.59,1
CUST_01718,37,Male,Dodoma,Other,Gogo,Primary,"200,000-500,000",None,2,0.4,0.94,0.38,0.7,Apple,USA,Premium,New,1394843,9.8,Physical Store,Mobile Money,1,2,0.0,0.372,1.0,0.651,1.0,1.0,0.42,0.71,1
CUST_04542,15,Male,Mbeya,Muslim,Others,Secondary,"<200,000",M-Pesa,5,0.33,0.71,0.71,0.5,Tecno,China,Mid-Range,New,319065,7.2,Physical Store,Cash,1,1,0.434,0.511,0.9,0.757,1.0,1.0,0.745,0.77,1
CUST_01110,46,Male,Dodoma,Other,Others,Primary,"<200,000",M-Pesa,2,0.44,0.98,0.6,0.7,Nokia,Finland,Mid-Range,New,563204,7.7,Physical Store,Mobile Money,0,2,0.0,0.462,1.0,0.539,1.0,1.0,0.308,0.75,1
CUST_03501,26,Male,Dar es Salaam,Muslim,Nyamwezi,Primary,"200,000-500,000",M-Pesa,4,0.47,0.96,0.35,0.5,Huawei,China,Premium,New,2137874,9.3,Physical Store,Cash,0,1,0.0,0.326,0.9,0.755,1.0,1.0,0.437,0.53,1
CUST_04346,16,Male,Mwanza,Christian,Gogo,Primary,"200,000-500,000",M-Pesa,1,0.34,0.92,0.87,1.0,Huawei,China,Premium,New,2497416,9.7,Physical Store,Cash,0,1,0.0,0.844,1.0,0.714,1.0,0.8,0.569,0.48,0
CUST_00053,20,Female,Dodoma,Muslim,Sukuma,No formal,"<200,000",Airtel Money,2,0.18,0.92,0.81,0.7,Nokia,Finland,Mid-Range,Used,478668,6.2,Online,Mobile Money,0,2,0.0,0.502,0.9,0.753,0.6,1.0,0.674,0.68,0
CUST_01739,17,Male,Dodoma,Christian,Others,No formal,"<200,000",M-Pesa,1,0.27,0.93,0.42,0.5,Nokia,Finland,Mid-Range,New,420019,7.8,Physical Store,Cash,0,2,0.023,0.328,1.0,0.954,1.0,1.0,0.547,0.78,1
CUST_04935,34,Male,Dar es Salaam,Muslim,Makonde,Bachelor,"200,000-500,000",Halopesa,2,0.23,0.97,0.58,0.3,Oppo,China,Mid-Range,New,329986,6.5,Mobile,Cash,0,2,0.2,0.377,0.9,0.793,1.0,1.0,0.718,0.72,1
CUST_03329,30,Male,Zanzibar,Other,Chagga,Primary,">2,000,000",Airtel Money,3,0.2,0.3,0.31,0.7,Vivo,China,Mid-Range,New,411809,6.5,Physical Store,Mobile Money,0,1,0.691,0.202,1.0,0.819,1.0,1.0,0.622,0.71,1
CUST_04882,28,Male,Dar es Salaam,Christian,Haya,Primary,"500,001-1,000,000",Tigo Pesa,5,0.11,0.65,0.72,0.3,Infinix,China,Mid-Range,New,557484,7.0,Physical Store,Cash,1,2,0.094,0.504,1.0,0.585,1.0,1.0,0.302,0.71,1
CUST_01114,41,Female,Zanzibar,Christian,Others,Primary,"200,000-500,000",Airtel Money,4,0.44,0.99,0.61,0.7,Apple,USA,Premium,Used,1931676,7.4,Physical Store,Mobile Money,0,1,0.0,0.451,1.0,0.947,0.6,1.0,0.467,0.46,1
CUST_03000,29,Male,Morogoro,Christian,Others,Secondary,">2,000,000",Tigo Pesa,3,0.07,0.17,0.85,0.7,Tecno,China,Mid-Range,Used,245468,5.7,Mobile,Mobile Money,1,2,0.896,0.485,1.0,0.849,0.6,1.0,0.61,0.69,1
CUST_01873,15,Female,Dodoma,Muslim,Sukuma,Diploma,"500,001-1,000,000",Airtel Money,5,0.3,0.73,0.35,0.3,Nokia,Finland,Mid-Range,New,476843,7.3,Physical Store,Mobile Money,0,1,0.13,0.256,0.9,0.862,1.0,1.0,0.377,0.74,1
CUST_02689,34,Male,Tanga,Other,Nyamwezi,Primary,"200,000-500,000",M-Pesa,4,0.69,0.71,0.74,0.5,Tecno,China,Mid-Range,New,429915,7.4,Online,Cash,0,1,0.237,0.548,1.0,0.958,1.0,1.0,0.784,0.76,1
CUST_01219,29,Male,Dodoma,Muslim,Nyamwezi,Primary,"200,000-500,000",Halopesa,3,0.45,0.96,0.59,0.5,Oppo,China,Mid-Range,New,429396,6.1,Physical Store,Mobile Money,0,1,0.0,0.36,0.9,0.936,1.0,1.0,0.399,0.68,0
CUST_02711,21,Female,Zanzibar,Christian,Sukuma,No formal,"<200,000",M-Pesa,2,0.39,0.97,0.41,0.3,Apple,USA,Premium,New,1532843,8.4,Online,Mobile Money,0,12,0.0,0.344,1.0,1.004,1.0,1.0,0.655,0.6,1
CUST_00163,18,Male,Mwanza,Muslim,Makonde,Bachelor,"1,000,001-2,000,000",Airtel Money,5,0.34,0.19,0.42,0.0,Itel,China,Budget,New,165830,4.5,Physical Store,Cash,0,2,0.79,0.189,0.9,0.551,1.0,1.0,0.808,0.64,1
CUST_00748,15,Female,Mwanza,Muslim,Makonde,Diploma,"1,000,001-2,000,000",Halopesa,2,0.36,0.15,0.39,0.5,Apple,USA,Premium,New,1554367,9.8,Physical Store,Mobile Money,0,1,0.806,0.382,0.9,0.897,1.0,1.0,0.615,0.68,1
CUST_02624,27,Female,Dodoma,Muslim,Nyamwezi,Secondary,"<200,000",Tigo Pesa,4,0.07,0.99,0.79,0.5,Infinix,China,Mid-Range,New,410138,7.8,Physical Store,Cash,0,1,0.0,0.616,0.9,0.859,1.0,1.0,0.488,0.79,1
CUST_03886,37,Female,Tanga,Muslim,Sukuma,No formal,"500,001-1,000,000",Airtel Money,4,0.4,0.52,0.34,0.5,Oppo,China,Mid-Range,New,556939,7.3,Mobile,Mobile Money,0,2,0.276,0.248,0.9,0.668,1.0,1.0,0.552,0.73,1
CUST_01735,15,Male,Mbeya,Christian,Others,Secondary,"500,001-1,000,000",Tigo Pesa,2,0.41,0.64,0.79,0.3,Infinix,China,Mid-Range,New,336839,6.7,Physical Store,Mobile Money,1,1,0.461,0.529,1.0,0.885,1.0,1.0,0.84,0.73,1
CUST_04299,27,Male,Morogoro,Christian,Others,Secondary,"<200,000",M-Pesa,3,0.18,0.8,0.4,0.5,Apple,USA,Premium,New,1110864,8.6,Physical Store,Cash,0,2,0.259,0.344,1.0,0.669,1.0,1.0,0.501,0.69,1
CUST_02320,21,Female,Dar es Salaam,Christian,Others,No formal,"200,000-500,000",Airtel Money,3,0.36,0.92,0.77,0.0,Itel,China,Budget,New,150950,4.1,Physical Store,Mobile Money,0,2,0.074,0.316,1.0,0.963,1.0,1.0,0.484,0.62,1
CUST_00773,28,Female,Tanga,Christian,Gogo,Bachelor,"500,001-1,000,000",Tigo Pesa,1,0.38,0.52,0.52,0.3,Oppo,China,Mid-Range,New,385109,7.6,Physical Store,Cash,0,2,0.499,0.395,1.0,0.611,1.0,1.0,0.602,0.78,1
CUST_01851,15,Female,Mwanza,Muslim,Nyamwezi,No formal,"200,000-500,000",M-Pesa,5,0.61,0.98,0.51,0.0,Samsung,South Korea,Premium,New,733573,8.1,Physical Store,Mobile Money,0,2,0.401,0.413,0.9,0.817,1.0,1.0,0.563,0.74,1
CUST_03942,48,Male,Mbeya,Muslim,Others,Primary,"200,000-500,000",Halopesa,2,0.46,0.9,0.51,0.5,Apple,USA,Premium,New,2478008,8.3,Physical Store,Mobile Money,0,2,0.0,0.423,0.9,0.893,1.0,1.0,0.424,0.4,1
CUST_01719,29,Female,Dar es Salaam,Christian,Haya,Secondary,"500,001-1,000,000",M-Pesa,1,0.66,0.61,0.42,0.0,Apple,USA,Premium,Used,810172,7.4,Physical Store,Cash,0,2,0.588,0.311,1.0,0.728,0.6,1.0,0.675,0.68,1
CUST_02320,21,Female,Dar es Salaam,Christian,Others,No formal,"200,000-500,000",Airtel Money,3,0.36,0.92,0.77,0.0,Samsung,South Korea,Premium,New,685868,9.5,Online,Mobile Money,0,2,0.474,0.731,1.0,0.678,1.0,1.0,0.61,0.83,1
CUST_04641,40,Female,Zanzibar,Muslim,Others,Secondary,">2,000,000",M-Pesa,4,0.24,0.47,0.71,0.5,Tecno,China,Mid-Range,New,517410,7.1,Physical Store,Cash,1,2,0.392,0.504,0.9,0.548,1.0,1.0,0.647,0.72,1
CUST_01745,33,Female,Mwanza,Christian,Others,Primary,"1,000,001-2,000,000",Halopesa,1,0.28,0.2,0.71,0.5,Vivo,China,Mid-Range,New,395472,7.0,Physical Store,Cash,0,1,0.802,0.497,1.0,0.779,1.0,1.0,0.665,0.74,1
CUST_04582,33,Male,Zanzibar,Muslim,Sukuma,Primary,"200,000-500,000",M-Pesa,2,0.14,0.77,0.5,0.3,Vivo,China,Mid-Range,New,383328,6.3,Online,Mobile Money,0,2,0.262,0.315,0.9,0.711,1.0,1.0,0.577,0.7,1
CUST_00244,27,Male,Mwanza,Christian,Nyamwezi,Secondary,">2,000,000",M-Pesa,5,0.32,0.14,0.66,0.3,Samsung,South Korea,Premium,New,2198242,8.6,Mobile,Cash,0,2,0.744,0.568,1.0,0.827,1.0,1.0,0.66,0.48,1
CUST_03317,22,Female,Tanga,Christian,Nyamwezi,Diploma,"200,000-500,000",Tigo Pesa,3,0.32,0.76,0.87,0.7,Infinix,China,Mid-Range,New,476774,6.9,Physical Store,Mobile Money,1,2,0.094,0.6,1.0,0.764,1.0,1.0,0.578,0.72,1
CUST_03528,22,Female,Mwanza,Christian,Sukuma,Diploma,"200,000-500,000",M-Pesa,3,0.2,0.94,0.75,0.0,Tecno,China,Mid-Range,Used,251791,5.6,Physical Store,Cash,1,1,0.408,0.42,1.0,0.841,0.6,1.0,0.793,0.69,1
CUST_02977,23,Female,Mwanza,Christian,Nyamwezi,Primary,"200,000-500,000",Halopesa,1,0.37,0.95,0.61,0.7,Huawei,China,Premium,New,631102,9.2,Physical Store,Mobile Money,0,2,0.5,0.561,1.0,0.81,1.0,1.0,0.723,0.83,0
CUST_03464,32,Female,Mbeya,Christian,Others,Primary,"500,001-1,000,000",None,2,0.34,0.45,0.32,0.0,Itel,China,Budget,Used,197269,5.1,Online,Mobile Money,0,2,0.408,0.163,1.0,0.733,0.6,1.0,0.484,0.67,1
CUST_03033,48,Female,Dodoma,Christian,Others,Bachelor,"500,001-1,000,000",M-Pesa,5,0.28,0.44,0.41,0.5,Infinix,China,Mid-Range,Used,317592,5.8,Physical Store,Cash,1,9,0.651,0.238,1.0,0.632,0.6,1.0,0.534,0.68,0
CUST_01578,29,Female,Mbeya,Muslim,Nyamwezi,No formal,"200,000-500,000",M-Pesa,5,0.43,0.99,0.7,0.0,Infinix,China,Mid-Range,New,382338,6.3,Physical Store,Mobile Money,0,1,0.054,0.441,0.9,0.796,1.0,1.0,0.474,0.7,0
CUST_04988,34,Female,Zanzibar,Muslim,Others,Primary,"500,001-1,000,000",Airtel Money,2,0.22,0.79,0.48,1.0,Nokia,Finland,Mid-Range,New,490186,6.5,Online,Mobile Money,1,2,0.032,0.312,0.9,0.67,1.0,0.8,0.412,0.69,1
CUST_03196,32,Male,Arusha,Christian,Others,Secondary,"1,000,001-2,000,000",M-Pesa,4,0.22,0.3,0.81,0.0,Samsung,South Korea,Premium,Used,1364974,7.1,Physical Store,Cash,1,2,0.659,0.575,1.0,0.758,0.6,1.0,0.816,0.55,1
CUST_00358,21,Female,Dodoma,Christian,Others,No formal,"200,000-500,000",Halopesa,5,0.39,0.73,0.67,0.3,Huawei,China,Premium,Used,1681421,7.6,Physical Store,Cash,1,2,0.0,0.509,1.0,0.948,0.6,1.0,0.638,0.52,0
CUST_04705,32,Female,Dar es Salaam,Christian,Others,Secondary,"200,000-500,000",M-Pesa,4,0.22,0.83,0.82,0.5,Tecno,China,Mid-Range,New,278438,6.7,Physical Store,Cash,0,2,0.422,0.549,1.0,0.716,1.0,1.0,0.845,0.75,1
CUST_03934,35,Male,Dar es Salaam,Christian,Haya,Diploma,"500,001-1,000,000",M-Pesa,3,0.11,0.53,0.37,0.3,Vivo,China,Mid-Range,Used,141572,6.2,Physical Store,Cash,0,2,0.812,0.229,1.0,0.811,0.6,1.0,0.616,0.74,1
CUST_02026,29,Male,Mbeya,Christian,Nyamwezi,Secondary,"500,001-1,000,000",Tigo Pesa,2,0.11,0.59,0.72,0.3,Infinix,China,Mid-Range,New,312265,6.1,Mobile,Cash,0,1,0.539,0.439,1.0,0.67,1.0,1.0,0.742,0.7,1
CUST_03501,26,Male,Dar es Salaam,Muslim,Nyamwezi,Primary,"200,000-500,000",M-Pesa,4,0.47,0.96,0.35,0.5,Apple,USA,Premium,New,1580329,8.2,Physical Store,Mobile Money,0,2,0.0,0.287,0.9,0.915,1.0,1.0,0.478,0.58,1
CUST_03881,37,Female,Dar es Salaam,Muslim,Others,Secondary,"<200,000",Tigo Pesa,5,0.12,0.74,0.77,0.7,Xiaomi,China,Mid-Range,Used,213733,5.4,Physical Store,Mobile Money,0,2,0.605,0.416,0.9,0.84,0.6,1.0,0.656,0.68,1
CUST_03307,27,Male,Mwanza,Christian,Others,Primary,"<200,000",Airtel Money,3,0.25,0.92,0.6,0.7,Xiaomi,China,Mid-Range,New,561007,6.5,Physical Store,Card,0,2,0.0,0.39,1.0,0.537,1.0,1.0,0.441,0.68,1
CUST_04445,26,Male,Tanga,Muslim,Others,Secondary,"<200,000",Tigo Pesa,3,0.41,0.95,0.33,0.3,Vivo,China,Mid-Range,New,533843,7.4,Physical Store,Mobile Money,0,2,0.0,0.244,0.9,0.563,1.0,1.0,0.518,0.74,0
CUST_00265,38,Female,Dodoma,Muslim,Sukuma,No formal,"200,000-500,000",Tigo Pesa,3,0.29,0.82,0.38,0.0,Xiaomi,China,Mid-Range,New,484548,7.8,Physical Store,Card,0,2,0.007,0.296,0.9,0.592,1.0,1.0,0.178,0.77,1
CUST_01234,28,Male,Arusha,Muslim,Others,Diploma,"200,000-500,000",None,5,0.47,0.88,0.32,1.0,Huawei,China,Premium,New,2432367,9.7,Physical Store,Mobile Money,0,2,0.0,0.31,0.9,0.631,1.0,0.8,0.519,0.5,1
CUST_01379,21,Male,Dodoma,Christian,Others,Primary,">2,000,000",M-Pesa,5,0.12,0.27,0.82,0.3,Tecno,China,Mid-Range,New,344036,7.0,Physical Store,Cash,0,1,0.768,0.574,1.0,0.503,1.0,1.0,0.602,0.75,0
CUST_02951,20,Female,Tanga,Muslim,Others,No formal,"200,000-500,000",Tigo Pesa,3,0.23,0.72,0.3,0.3,Tecno,China,Mid-Range,New,305686,7.5,Physical Store,Mobile Money,0,2,0.45,0.225,0.9,0.573,1.0,1.0,0.721,0.79,0
CUST_02248,40,Male,Dar es Salaam,Christian,Sukuma,Diploma,"<200,000",M-Pesa,5,0.17,0.86,0.34,0.3,Oppo,China,Mid-Range,New,333838,7.3,Online,Card,0,11,0.282,0.248,1.0,0.555,1.0,1.0,0.423,0.77,1
CUST_00540,32,Male,Dar es Salaam,Christian,Others,Secondary,"200,000-500,000",M-Pesa,3,0.4,0.81,0.74,0.5,Samsung,South Korea,Premium,New,2451464,9.1,Mobile,Mobile Money,0,1,0.0,0.673,1.0,0.785,1.0,1.0,0.502,0.46,1
CUST_00842,49,Male,Morogoro,Christian,Others,No formal,"<200,000",M-Pesa,2,0.11,0.86,0.31,0.0,Huawei,China,Premium,New,721670,8.7,Mobile,Mobile Money,0,2,0.483,0.27,1.0,0.535,1.0,1.0,0.294,0.78,0
CUST_02013,34,Male,Arusha,Christian,Gogo,Primary,"<200,000",M-Pesa,4,0.25,0.92,0.43,0.0,Samsung,South Korea,Premium,New,1936926,9.6,Physical Store,Cash,1,1,0.0,0.413,1.0,0.831,1.0,1.0,0.365,0.59,1
CUST_02055,19,Male,Tanga,Christian,Nyamwezi,Secondary,"500,001-1,000,000",M-Pesa,4,0.2,0.55,0.46,0.0,Nokia,Finland,Mid-Range,New,429037,7.7,Physical Store,Mobile Money,0,2,0.41,0.354,1.0,0.819,1.0,1.0,0.703,0.78,0
CUST_02520,15,Male,Dodoma,Christian,Sukuma,Secondary,"<200,000",M-Pesa,5,0.03,0.71,0.49,0.0,Nokia,Finland,Mid-Range,Used,217641,5.1,Physical Store,Cash,0,2,0.614,0.25,1.0,0.686,0.6,1.0,0.507,0.66,0
CUST_03129,38,Female,Dar es Salaam,Christian,Others,Primary,"200,000-500,000",M-Pesa,2,0.55,0.76,0.76,0.5,Huawei,China,Premium,New,1119742,8.1,Physical Store,Mobile Money,0,1,0.291,0.616,1.0,0.843,1.0,1.0,0.597,0.66,0
CUST_04820,29,Male,Dar es Salaam,Muslim,Sukuma,Primary,"200,000-500,000",M-Pesa,5,0.48,0.9,0.53,0.7,Itel,China,Budget,Used,45766,5.8,Physical Store,Mobile Money,1,2,0.725,0.307,0.9,0.555,0.6,1.0,0.447,0.74,1
CUST_01136,21,Female,Dodoma,Muslim,Sukuma,Secondary,"1,000,001-2,000,000",M-Pesa,3,0.21,0.39,0.63,0.7,Apple,USA,Premium,New,944111,8.8,Physical Store,Mobile Money,1,2,0.693,0.554,0.9,0.679,1.0,1.0,0.782,0.74,1
CUST_04824,36,Male,Arusha,Muslim,Others,Bachelor,"200,000-500,000",Halopesa,2,0.05,0.95,0.78,0.3,Apple,USA,Premium,New,1464862,8.0,Physical Store,Cash,1,2,0.0,0.624,0.9,0.83,1.0,1.0,0.638,0.59,1
CUST_01658,18,Female,Arusha,Christian,Others,Diploma,"200,000-500,000",Airtel Money,3,0.08,0.76,0.79,0.3,Huawei,China,Premium,New,1040619,8.9,Physical Store,Mobile Money,1,2,0.341,0.703,1.0,0.558,1.0,1.0,0.819,0.73,1
CUST_00388,34,Female,Dodoma,Muslim,Others,Primary,"500,001-1,000,000",Airtel Money,5,0.25,0.47,0.34,1.0,Xiaomi,China,Mid-Range,New,436787,7.6,Physical Store,Cash,0,2,0.487,0.258,0.9,0.891,1.0,0.8,0.452,0.77,1
CUST_01592,31,Female,Mbeya,Muslim,Gogo,No formal,"200,000-500,000",Tigo Pesa,4,0.14,0.89,0.31,0.5,Apple,USA,Premium,New,2166846,9.6,Online,Card,0,2,0.0,0.298,0.9,0.713,1.0,1.0,0.542,0.54,1
CUST_01760,32,Female,Dodoma,Muslim,Others,Secondary,"500,001-1,000,000",M-Pesa,3,0.25,0.57,0.67,0.3,Apple,USA,Premium,New,1378030,8.2,Physical Store,Cash,1,2,0.345,0.549,0.9,0.862,1.0,1.0,0.702,0.62,1
CUST_04759,33,Female,Dodoma,Christian,Others,Secondary,"500,001-1,000,000",M-Pesa,1,0.31,0.78,0.61,0.0,Oppo,China,Mid-Range,New,369778,7.4,Mobile,Cash,0,2,0.279,0.451,1.0,0.803,1.0,1.0,0.452,0.77,1
CUST_02591,38,Female,Mbeya,Muslim,Nyamwezi,Secondary,"500,001-1,000,000",M-Pesa,3,0.3,0.49,0.36,0.3,Nokia,Finland,Mid-Range,New,281351,6.9,Physical Store,Card,0,2,0.655,0.248,0.9,0.854,1.0,1.0,0.61,0.76,1
CUST_01833,28,Female,Zanzibar,Other,Makonde,Diploma,"200,000-500,000",Tigo Pesa,5,0.27,0.97,0.47,0.3,Samsung,South Korea,Premium,New,1513738,8.4,Physical Store,Cash,0,11,0.0,0.395,1.0,0.782,1.0,1.0,0.519,0.6,1
CUST_02952,21,Male,Dodoma,Muslim,Others,Primary,"500,001-1,000,000",M-Pesa,3,0.34,0.69,0.48,0.5,Vivo,China,Mid-Range,New,497663,7.6,Physical Store,Card,1,2,0.142,0.365,0.9,0.914,1.0,1.0,0.686,0.76,0
CUST_01679,17,Male,Dar es Salaam,Christian,Others,No formal,"500,001-1,000,000",Tigo Pesa,5,0.62,0.41,0.5,0.7,Infinix,China,Mid-Range,New,458133,7.0,Online,Cash,0,2,0.53,0.35,1.0,0.662,1.0,1.0,0.842,0.73,1
CUST_02444,15,Male,Mwanza,Other,Haya,Diploma,"200,000-500,000",Airtel Money,3,0.03,0.86,0.5,1.0,Vivo,China,Mid-Range,New,510778,6.0,Physical Store,Card,0,2,0.0,0.3,1.0,0.988,1.0,0.8,0.527,0.66,1
CUST_02085,32,Female,Dodoma,Muslim,Nyamwezi,Secondary,"200,000-500,000",Airtel Money,4,0.18,0.77,0.57,0.5,Tecno,China,Mid-Range,New,448823,6.0,Physical Store,Cash,0,12,0.136,0.342,0.9,0.945,1.0,1.0,0.498,0.67,1
CUST_02630,23,Female,Mwanza,Christian,Others,Secondary,"200,000-500,000",M-Pesa,5,0.14,0.77,0.67,0.3,Huawei,China,Premium,New,2141249,8.8,Physical Store,Cash,0,2,0.0,0.59,1.0,0.782,1.0,1.0,0.592,0.5,1
CUST_03506,30,Male,Tanga,Christian,Nyamwezi,Secondary,"500,001-1,000,000",Airtel Money,4,0.38,0.7,0.88,0.3,Samsung,South Korea,Premium,New,1402453,8.9,Physical Store,Mobile Money,0,2,0.182,0.783,1.0,0.908,1.0,1.0,0.583,0.65,1
CUST_00379,15,Female,Dar es Salaam,Christian,Nyamwezi,Primary,"<200,000",Tigo Pesa,4,0.05,0.76,0.32,0.5,Tecno,China,Mid-Range,New,291729,7.9,Online,Cash,0,1,0.446,0.253,1.0,0.591,1.0,1.0,0.582,0.82,1
CUST_00686,25,Male,Morogoro,Christian,Others,Secondary,"500,001-1,000,000",Airtel Money,4,0.41,0.74,0.55,0.3,Samsung,South Korea,Premium,New,1569560,9.3,Physical Store,Cash,0,1,0.032,0.512,1.0,0.802,1.0,1.0,0.425,0.64,1
CUST_03345,28,Male,Morogoro,Muslim,Others,Diploma,"1,000,001-2,000,000",M-Pesa,1,0.23,0.42,0.81,0.7,Oppo,China,Mid-Range,New,296665,6.4,Mobile,Cash,0,1,0.689,0.518,0.9,0.664,1.0,1.0,0.781,0.72,1
CUST_03461,36,Female,Arusha,Muslim,Others,Secondary,"200,000-500,000",M-Pesa,3,0.31,0.79,0.65,0.3,Xiaomi,China,Mid-Range,New,582009,6.3,Physical Store,Mobile Money,0,2,0.0,0.41,0.9,0.697,1.0,1.0,0.345,0.66,1
CUST_03043,37,Male,Dar es Salaam,Christian,Others,Primary,"<200,000",Halopesa,3,0.16,0.73,0.88,0.3,Samsung,South Korea,Premium,New,1899982,8.7,Physical Store,Cash,0,2,0.0,0.766,1.0,0.635,1.0,1.0,0.549,0.54,0
CUST_00832,22,Male,Dar es Salaam,Christian,Others,Bachelor,"<200,000",Airtel Money,3,0.38,0.85,0.79,0.3,Itel,China,Budget,Used,86904,3.7,Physical Store,Cash,0,2,0.508,0.292,1.0,0.517,0.6,1.0,0.619,0.6,1
CUST_04987,27,Female,Dar es Salaam,Christian,Others,Secondary,"500,001-1,000,000",M-Pesa,2,0.32,0.64,0.33,0.7,Samsung,South Korea,Premium,New,2187705,8.9,Physical Store,Cash,0,2,0.0,0.294,1.0,1.014,1.0,1.0,0.569,0.5,0
CUST_04513,28,Female,Zanzibar,Christian,Haya,Master+,"500,001-1,000,000",M-Pesa,5,0.48,0.74,0.44,0.0,Xiaomi,China,Mid-Range,New,512910,7.7,Physical Store,Mobile Money,1,1,0.051,0.339,1.0,0.771,1.0,1.0,0.408,0.76,1
CUST_02883,34,Male,Mbeya,Christian,Sukuma,Primary,"200,000-500,000",None,5,0.61,1.0,0.56,0.5,Samsung,South Korea,Premium,Used,369819,7.2,Online,Cash,0,1,0.692,0.403,1.0,0.601,0.6,1.0,0.664,0.76,1
CUST_01966,23,Male,Mbeya,Christian,Others,Secondary,"200,000-500,000",Airtel Money,3,0.22,0.71,0.79,0.5,Tecno,China,Mid-Range,New,406199,6.9,Physical Store,Mobile Money,0,2,0.279,0.545,1.0,0.958,1.0,1.0,0.417,0.73,1
CUST_02699,32,Male,Arusha,Christian,Others,Primary,"<200,000",M-Pesa,3,0.35,0.89,0.49,0.3,Xiaomi,China,Mid-Range,New,576190,7.1,Physical Store,Cash,0,1,0.0,0.348,1.0,0.862,1.0,1.0,0.541,0.71,1
CUST_00785,23,Female,Dodoma,Muslim,Gogo,No formal,"200,000-500,000",M-Pesa,3,0.05,0.8,0.4,0.5,Xiaomi,China,Mid-Range,New,267655,7.9,Mobile,Mobile Money,1,2,0.465,0.316,0.9,0.854,1.0,1.0,0.576,0.82,1
CUST_02871,34,Female,Dodoma,Christian,Makonde,Primary,"500,001-1,000,000",M-Pesa,5,0.18,0.74,0.48,0.7,Huawei,China,Premium,New,765902,8.3,Physical Store,Cash,0,2,0.528,0.398,1.0,0.97,1.0,1.0,0.655,0.74,0
CUST_02120,34,Male,Mwanza,Muslim,Others,Secondary,"500,001-1,000,000",Airtel Money,3,0.2,0.68,0.38,1.0,Samsung,South Korea,Premium,New,1923396,10.0,Physical Store,Card,1,2,0.0,0.38,0.9,0.887,1.0,0.8,0.406,0.62,1
CUST_03527,21,Female,Mbeya,Christian,Haya,Bachelor,"200,000-500,000",Tigo Pesa,3,0.12,0.73,0.46,0.7,Xiaomi,China,Mid-Range,New,253832,6.9,Physical Store,Mobile Money,0,1,0.537,0.317,1.0,0.932,1.0,1.0,0.467,0.76,1
CUST_01830,28,Male,Zanzibar,Muslim,Others,Bachelor,"500,001-1,000,000",Tigo Pesa,5,0.07,0.74,0.82,0.5,Vivo,China,Mid-Range,New,301851,6.3,Physical Store,Cash,0,2,0.442,0.517,0.9,0.882,1.0,1.0,0.529,0.72,1
CUST_01586,19,Female,Mwanza,Muslim,Others,Primary,"200,000-500,000",Tigo Pesa,5,0.16,0.81,0.64,0.5,Apple,USA,Premium,Used,507578,7.6,Physical Store,Cash,0,1,0.657,0.486,0.9,0.732,0.6,1.0,0.683,0.75,1
CUST_02331,33,Female,Dodoma,Muslim,Chagga,Primary,"<200,000",Tigo Pesa,3,0.31,0.84,0.49,0.5,Infinix,China,Mid-Range,New,487315,6.8,Physical Store,Mobile Money,0,2,0.0,0.333,0.9,0.773,1.0,1.0,0.475,0.71,0
CUST_04885,42,Male,Dodoma,Christian,Others,No formal,"200,000-500,000",M-Pesa,5,0.04,0.81,0.83,0.0,Tecno,China,Mid-Range,Used,450555,5.5,Physical Store,Cash,0,11,0.088,0.456,1.0,0.651,0.6,1.0,0.508,0.64,1
CUST_03470,23,Female,Dodoma,Christian,Others,Bachelor,"500,001-1,000,000",M-Pesa,2,0.25,0.62,0.76,0.5,Tecno,China,Mid-Range,New,538743,6.2,Physical Store,Mobile Money,0,2,0.165,0.471,1.0,0.943,1.0,1.0,0.715,0.66,1
CUST_04865,15,Female,Mwanza,Christian,Others,No formal,"<200,000",M-Pesa,4,0.88,0.99,0.84,0.5,Oppo,China,Mid-Range,New,441921,7.0,Physical Store,Mobile Money,0,2,0.0,0.588,1.0,0.669,1.0,1.0,0.51,0.73,1
CUST_04233,20,Male,Dar es Salaam,Muslim,Others,Master+,"500,001-1,000,000",M-Pesa,4,0.21,0.78,0.33,0.5,Huawei,China,Premium,New,1090011,9.3,Online,Mobile Money,0,2,0.291,0.307,0.9,0.654,1.0,1.0,0.485,0.74,1
CUST_02252,16,Male,Mbeya,Christian,Sukuma,No formal,"200,000-500,000",Tigo Pesa,1,0.35,0.73,0.83,0.7,Oppo,China,Mid-Range,New,510116,6.4,Physical Store,Mobile Money,1,2,0.069,0.531,1.0,0.599,1.0,1.0,0.223,0.68,1
CUST_01230,19,Male,Tanga,Muslim,Sukuma,No formal,"500,001-1,000,000",M-Pesa,4,0.57,0.42,0.4,0.5,Nokia,Finland,Mid-Range,New,373870,6.3,Physical Store,Card,0,2,0.607,0.252,0.9,0.679,1.0,1.0,0.672,0.7,1
CUST_04499,31,Female,Zanzibar,Muslim,Sukuma,No formal,"500,001-1,000,000",M-Pesa,1,0.29,0.73,0.59,1.0,Nokia,Finland,Mid-Range,New,526388,7.4,Online,Card,0,1,0.039,0.437,0.9,0.524,1.0,0.8,0.5,0.74,1
CUST_01571,28,Male,Mwanza,Christian,Others,Primary,"500,001-1,000,000",M-Pesa,3,0.21,0.66,0.88,0.7,Huawei,China,Premium,Used,466141,7.1,Online,Card,0,12,0.744,0.625,1.0,0.92,0.6,1.0,0.738,0.73,1
CUST_01634,21,Female,Morogoro,Christian,Others,Primary,"500,001-1,000,000",Airtel Money,4,0.42,0.69,0.62,0.0,Apple,USA,Premium,New,2389021,8.4,Physical Store,Cash,0,1,0.0,0.521,1.0,0.822,1.0,1.0,0.623,0.43,1
CUST_02220,42,Female,Dodoma,Christian,Others,Primary,"<200,000",Tigo Pesa,2,0.06,0.87,0.57,0.3,Oppo,China,Mid-Range,Used,384350,5.5,Online,Mobile Money,0,12,0.164,0.314,1.0,0.654,0.6,1.0,0.343,0.65,1
CUST_01212,24,Female,Arusha,Christian,Others,Secondary,"<200,000",M-Pesa,2,0.19,0.88,0.66,0.3,Samsung,South Korea,Premium,New,1420813,9.6,Mobile,Mobile Money,0,2,0.0,0.634,1.0,0.95,1.0,1.0,0.535,0.69,1
CUST_03071,20,Female,Morogoro,Christian,Nyamwezi,Primary,"500,001-1,000,000",Tigo Pesa,2,0.27,0.45,0.48,0.5,Infinix,China,Mid-Range,Used,213645,5.2,Physical Store,Mobile Money,0,2,0.76,0.25,1.0,0.996,0.6,1.0,0.705,0.67,1
CUST_03023,30,Female,Dar es Salaam,Christian,Others,Secondary,"200,000-500,000",M-Pesa,4,0.1,0.8,0.63,0.5,Xiaomi,China,Mid-Range,New,273558,6.3,Mobile,Mobile Money,0,2,0.453,0.397,1.0,0.861,1.0,1.0,0.654,0.72,1
CUST_03792,26,Male,Mwanza,Christian,Others,Primary,"1,000,001-2,000,000",M-Pesa,4,0.18,0.23,0.77,0.5,Samsung,South Korea,Premium,New,2138355,9.5,Mobile,Mobile Money,0,2,0.59,0.731,1.0,0.74,1.0,1.0,0.752,0.54,1
CUST_00989,34,Male,Mbeya,Christian,Others,Secondary,"200,000-500,000",M-Pesa,3,0.56,0.78,0.45,0.3,Nokia,Finland,Mid-Range,New,581197,6.8,Physical Store,Mobile Money,1,1,0.0,0.306,1.0,0.95,1.0,1.0,0.411,0.69,1
CUST_00446,20,Female,Mwanza,Christian,Gogo,Secondary,"500,001-1,000,000",M-Pesa,3,0.41,0.43,0.81,0.3,Oppo,China,Mid-Range,Used,286529,6.1,Physical Store,Cash,1,11,0.692,0.494,1.0,0.553,0.6,1.0,0.898,0.71,1
CUST_03880,26,Male,Morogoro,Muslim,Others,Secondary,"<200,000",M-Pesa,1,0.51,0.94,0.58,0.0,Huawei,China,Premium,New,1190576,9.3,Online,Cash,1,1,0.067,0.539,0.9,0.838,1.0,1.0,0.819,0.72,0
CUST_00720,31,Male,Arusha,Christian,Sukuma,Primary,"500,001-1,000,000",Tigo Pesa,2,0.22,0.47,0.58,0.5,Huawei,China,Premium,New,887026,9.1,Physical Store,Card,1,2,0.653,0.528,1.0,0.955,1.0,1.0,0.75,0.77,1
CUST_02637,29,Female,Mbeya,Muslim,Sukuma,No formal,"1,000,001-2,000,000",M-Pesa,5,0.03,0.49,0.37,0.5,Xiaomi,China,Mid-Range,New,370015,6.7,Physical Store,Mobile Money,0,2,0.547,0.248,0.9,0.877,1.0,1.0,0.577,0.73,1
CUST_03529,25,Male,Mwanza,Christian,Others,No formal,"200,000-500,000",Halopesa,4,0.35,0.81,0.82,0.5,Apple,USA,Premium,New,1142730,9.9,Online,Mobile Money,0,2,0.229,0.812,1.0,0.655,1.0,1.0,0.53,0.77,1
CUST_02680,15,Male,Dar es Salaam,Muslim,Others,Diploma,"500,001-1,000,000",M-Pesa,4,0.27,0.44,0.61,0.5,Xiaomi,China,Mid-Range,New,425741,7.3,Online,Cash,0,1,0.532,0.445,0.9,0.597,1.0,1.0,0.642,0.75,1
CUST_02028,41,Male,Morogoro,Christian,Others,No formal,"200,000-500,000",Tigo Pesa,4,0.4,0.92,0.46,0.0,Apple,USA,Premium,New,2031968,8.4,Physical Store,Cash,1,12,0.0,0.386,1.0,0.742,1.0,1.0,0.266,0.5,1
CUST_03373,30,Male,Dar es Salaam,Muslim,Others,Primary,"<200,000",Tigo Pesa,5,0.22,0.9,0.8,0.3,Apple,USA,Premium,New,740990,8.2,Physical Store,Mobile Money,0,1,0.444,0.656,0.9,0.909,1.0,1.0,0.595,0.74,1
CUST_03354,15,Female,Dar es Salaam,Christian,Others,Secondary,"200,000-500,000",M-Pesa,4,0.31,0.85,0.84,0.0,Xiaomi,China,Mid-Range,New,482965,7.1,Online,Cash,1,1,0.0,0.596,1.0,0.992,1.0,1.0,0.475,0.73,1
CUST_03467,15,Male,Arusha,Muslim,Others,Secondary,"<200,000",M-Pesa,2,0.17,0.85,0.71,0.3,Itel,China,Budget,New,194972,4.3,Physical Store,Cash,0,2,0.0,0.305,0.9,0.833,1.0,1.0,0.393,0.62,0
CUST_03265,15,Male,Mwanza,Muslim,Chagga,Secondary,">2,000,000",Airtel Money,5,0.08,0.27,0.52,0.7,Apple,USA,Premium,New,1824419,8.8,Physical Store,Cash,1,2,0.59,0.458,0.9,0.893,1.0,1.0,0.607,0.56,0
CUST_04475,21,Female,Dodoma,Christian,Sukuma,Primary,"200,000-500,000",Airtel Money,2,0.06,0.81,0.65,0.5,Tecno,China,Mid-Range,New,261643,6.3,Physical Store,Cash,0,1,0.47,0.41,1.0,0.785,1.0,1.0,0.499,0.73,1
CUST_04539,28,Female,Zanzibar,Muslim,Others,Master+,"200,000-500,000",Tigo Pesa,3,0.15,0.95,0.42,0.3,Itel,China,Budget,Used,134765,3.9,Mobile,Cash,0,2,0.146,0.164,0.9,0.961,0.6,1.0,0.345,0.61,1
CUST_02797,41,Female,Dodoma,Muslim,Others,Primary,"<200,000",Airtel Money,1,0.03,0.93,0.34,0.7,Samsung,South Korea,Premium,New,1030140,9.7,Physical Store,Cash,0,12,0.202,0.33,0.9,0.619,1.0,1.0,0.512,0.78,1
CUST_01522,18,Male,Mwanza,Christian,Sukuma,Secondary,"200,000-500,000",M-Pesa,3,0.08,0.78,0.42,0.5,Tecno,China,Mid-Range,New,553134,6.0,Online,Cash,0,1,0.0,0.252,1.0,0.981,1.0,1.0,0.435,0.65,1
CUST_00995,15,Female,Tanga,Muslim,Others,Primary,"500,001-1,000,000",Halopesa,3,0.26,0.6,0.6,0.5,Samsung,South Korea,Premium,New,1994619,9.6,Online,Cash,0,2,0.003,0.576,0.9,0.612,1.0,1.0,0.602,0.58,1
CUST_04970,32,Female,Mwanza,Muslim,Gogo,Diploma,"1,000,001-2,000,000",M-Pesa,3,0.6,0.49,0.66,0.0,Tecno,China,Mid-Range,New,479717,7.4,Physical Store,Card,1,1,0.412,0.488,0.9,0.581,1.0,1.0,0.646,0.75,1
CUST_02615,19,Male,Tanga,Christian,Others,Primary,"200,000-500,000",Airtel Money,3,0.21,0.94,0.89,0.7,Apple,USA,Premium,New,972440,9.2,Physical Store,Cash,0,2,0.238,0.819,1.0,0.832,1.0,1.0,0.761,0.76,1
CUST_04595,17,Female,Morogoro,Christian,Haya,Diploma,"200,000-500,000",None,4,0.04,0.79,0.71,0.0,Huawei,China,Premium,New,1533432,9.7,Physical Store,Cash,0,1,0.0,0.689,1.0,0.96,1.0,1.0,0.488,0.68,1
CUST_04505,15,Male,Zanzibar,Muslim,Others,Bachelor,"<200,000",M-Pesa,1,0.2,0.99,0.84,0.0,Infinix,China,Mid-Range,Used,171464,6.4,Online,Cash,0,2,0.576,0.538,0.9,0.859,0.6,1.0,0.66,0.75,1
CUST_01851,15,Female,Mwanza,Muslim,Nyamwezi,No formal,"200,000-500,000",M-Pesa,5,0.61,0.98,0.51,0.0,Huawei,China,Premium,New,967710,8.2,Mobile,Cash,0,2,0.21,0.418,0.9,0.621,1.0,1.0,0.631,0.7,1
CUST_03938,31,Male,Morogoro,Muslim,Others,Primary,"200,000-500,000",M-Pesa,2,0.51,0.94,0.84,0.5,Nokia,Finland,Mid-Range,New,398839,6.4,Online,Cash,0,2,0.063,0.538,0.9,0.975,1.0,1.0,0.397,0.7,1
CUST_00382,35,Male,Arusha,Muslim,Gogo,Primary,"200,000-500,000",Halopesa,4,0.31,0.78,0.56,0.0,Tecno,China,Mid-Range,New,374124,6.5,Physical Store,Mobile Money,0,12,0.27,0.364,0.9,0.745,1.0,1.0,0.73,0.72,1
CUST_04192,31,Female,Dar es Salaam,Christian,Sukuma,Primary,"<200,000",Tigo Pesa,4,0.15,0.72,0.32,0.0,Itel,China,Budget,New,133718,6.6,Mobile,Cash,1,2,0.358,0.211,1.0,0.956,1.0,1.0,0.562,0.77,1
CUST_00928,19,Male,Mwanza,Christian,Others,Secondary,"<200,000",Airtel Money,4,0.42,0.77,0.86,0.7,Infinix,China,Mid-Range,New,496101,7.2,Physical Store,Cash,0,1,0.045,0.619,1.0,0.999,1.0,1.0,0.655,0.73,1
CUST_01546,34,Female,Dar es Salaam,Christian,Others,No formal,"200,000-500,000",Airtel Money,3,0.21,0.98,0.54,0.3,Itel,China,Budget,New,114976,6.6,Online,Mobile Money,0,2,0.249,0.356,1.0,0.562,1.0,1.0,0.333,0.77,1
CUST_00690,25,Female,Dodoma,Christian,Sukuma,No formal,"200,000-500,000",M-Pesa,1,0.03,0.97,0.73,0.7,Infinix,China,Mid-Range,New,357469,7.7,Online,Card,0,1,0.133,0.562,1.0,0.564,1.0,1.0,0.488,0.79,1
CUST_03349,40,Female,Morogoro,Christian,Others,Secondary,"1,000,001-2,000,000",None,3,0.23,0.33,0.39,0.5,Samsung,South Korea,Premium,New,1868053,8.3,Physical Store,Cash,0,12,0.486,0.324,1.0,1.069,1.0,1.0,0.827,0.52,0
CUST_03554,35,Male,Dar es Salaam,Christian,Others,No formal,"1,000,001-2,000,000",Tigo Pesa,2,0.08,0.32,0.85,0.3,Tecno,China,Mid-Range,New,552941,6.1,Physical Store,Cash,1,2,0.558,0.518,1.0,0.584,1.0,1.0,0.611,0.66,1
CUST_02545,37,Male,Zanzibar,Christian,Sukuma,Primary,"200,000-500,000",Airtel Money,3,0.23,0.71,0.47,0.5,Itel,China,Budget,New,190260,6.0,Mobile,Cash,1,1,0.099,0.282,1.0,0.586,1.0,1.0,0.365,0.72,1
CUST_04450,28,Female,Morogoro,Christian,Sukuma,Bachelor,"200,000-500,000",Tigo Pesa,2,0.48,0.8,0.39,0.0,Tecno,China,Mid-Range,New,587685,7.9,Physical Store,Cash,0,1,0.0,0.308,1.0,0.616,1.0,1.0,0.563,0.76,1
CUST_01531,30,Male,Zanzibar,Muslim,Sukuma,No formal,"500,001-1,000,000",Tigo Pesa,4,0.45,0.43,0.61,0.5,Nokia,Finland,Mid-Range,New,551545,7.6,Physical Store,Mobile Money,0,2,0.407,0.464,0.9,0.899,1.0,1.0,0.527,0.75,1
CUST_04554,17,Male,Dar es Salaam,Christian,Sukuma,Primary,"200,000-500,000",M-Pesa,2,0.02,0.87,0.53,0.3,Itel,China,Budget,New,173317,5.7,Physical Store,Cash,0,2,0.0,0.302,1.0,0.955,1.0,1.0,0.527,0.71,0
CUST_03314,32,Female,Tanga,Muslim,Others,Secondary,"200,000-500,000",Halopesa,2,0.07,0.71,0.86,0.3,Infinix,China,Mid-Range,New,565611,7.0,Physical Store,Card,0,9,0.0,0.602,0.9,0.633,1.0,1.0,0.528,0.71,1
CUST_00373,25,Female,Tanga,Christian,Others,Primary,"1,000,001-2,000,000",M-Pesa,3,0.29,0.44,0.42,0.7,Samsung,South Korea,Premium,New,2325136,8.5,Physical Store,Cash,1,2,0.147,0.357,1.0,0.731,1.0,1.0,0.42,0.44,1
CUST_00482,48,Female,Morogoro,Muslim,Sukuma,Secondary,"1,000,001-2,000,000",M-Pesa,2,0.05,0.26,0.33,0.7,Oppo,China,Mid-Range,New,445836,7.7,Physical Store,Cash,0,2,0.71,0.254,0.9,0.68,1.0,1.0,0.584,0.77,1
CUST_04580,39,Female,Tanga,Christian,Nyamwezi,Secondary,"<200,000",Tigo Pesa,3,0.2,0.92,0.72,0.0,Huawei,China,Premium,New,679317,8.8,Physical Store,Cash,0,2,0.479,0.634,1.0,0.97,1.0,1.0,0.722,0.79,1
CUST_02294,40,Male,Dodoma,Muslim,Others,Bachelor,"500,001-1,000,000",Airtel Money,3,0.02,0.71,0.39,0.5,Samsung,South Korea,Premium,New,1732906,8.1,Physical Store,Cash,0,1,0.0,0.316,0.9,1.064,1.0,1.0,0.445,0.54,1
CUST_00416,35,Female,Dodoma,Muslim,Others,Diploma,"200,000-500,000",Tigo Pesa,3,0.36,0.98,0.65,0.5,Infinix,China,Mid-Range,New,440481,7.2,Online,Mobile Money,0,2,0.0,0.468,0.9,0.775,1.0,1.0,0.465,0.74,1
CUST_03075,20,Male,Dar es Salaam,Christian,Sukuma,Secondary,"200,000-500,000",M-Pesa,1,0.21,0.81,0.72,0.5,Itel,China,Budget,New,106055,6.0,Physical Store,Cash,0,2,0.427,0.432,1.0,0.724,1.0,1.0,0.654,0.74,1
CUST_03895,32,Male,Dar es Salaam,Muslim,Nyamwezi,Bachelor,"500,001-1,000,000",M-Pesa,3,0.11,0.59,0.4,0.0,Huawei,China,Premium,New,1441501,9.1,Physical Store,Cash,0,2,0.291,0.364,0.9,0.683,1.0,1.0,0.551,0.66,0
CUST_02830,41,Female,Mbeya,Christian,Others,Bachelor,"200,000-500,000",Halopesa,3,0.35,0.77,0.37,0.7,Nokia,Finland,Mid-Range,New,360491,6.5,Physical Store,Cash,0,2,0.306,0.24,1.0,0.733,1.0,1.0,0.657,0.72,1
CUST_04753,21,Female,Mwanza,Christian,Others,No formal,"<200,000",M-Pesa,4,0.04,0.72,0.67,0.3,Itel,China,Budget,New,207614,6.5,Mobile,Cash,0,2,0.003,0.436,1.0,0.573,1.0,1.0,0.303,0.75,1
CUST_03278,29,Male,Dodoma,Christian,Haya,Secondary,"500,001-1,000,000",Tigo Pesa,2,0.2,0.46,0.71,1.0,Oppo,China,Mid-Range,New,406746,6.7,Mobile,Cash,0,2,0.532,0.476,1.0,0.548,1.0,0.8,0.615,0.72,1
CUST_04136,31,Female,Arusha,Muslim,Others,Bachelor,"500,001-1,000,000",Tigo Pesa,4,0.79,0.69,0.36,0.7,Tecno,China,Mid-Range,New,420155,7.7,Physical Store,Cash,1,12,0.275,0.277,0.9,0.508,1.0,1.0,0.489,0.78,1
CUST_04809,22,Male,Tanga,Christian,Others,Primary,"500,001-1,000,000",M-Pesa,4,0.46,0.53,0.85,0.3,Apple,USA,Premium,New,1603946,8.3,Physical Store,Card,0,2,0.292,0.706,1.0,1.009,1.0,1.0,0.59,0.58,1
CUST_00047,23,Male,Zanzibar,Muslim,Others,Primary,"<200,000",Halopesa,3,0.38,0.88,0.6,0.5,Nokia,Finland,Mid-Range,New,458503,7.2,Mobile,Card,0,2,0.0,0.432,0.9,0.635,1.0,1.0,0.519,0.74,1
CUST_04018,20,Male,Morogoro,Muslim,Haya,Diploma,"500,001-1,000,000",Tigo Pesa,3,0.13,0.62,0.5,0.5,Samsung,South Korea,Premium,New,677636,8.8,Online,Cash,0,2,0.65,0.44,0.9,1.078,1.0,1.0,0.654,0.79,1
CUST_01264,49,Female,Mbeya,Christian,Others,Secondary,"200,000-500,000",Tigo Pesa,4,0.08,0.76,0.45,0.0,Oppo,China,Mid-Range,New,403031,7.7,Online,Cash,0,1,0.234,0.347,1.0,0.957,1.0,1.0,0.34,0.78,1
CUST_01168,29,Male,Arusha,Christian,Makonde,Secondary,"200,000-500,000",M-Pesa,4,0.08,0.85,0.56,0.3,Nokia,Finland,Mid-Range,New,436263,6.4,Physical Store,Cash,0,1,0.073,0.358,1.0,0.905,1.0,1.0,0.322,0.7,1
CUST_00317,20,Male,Arusha,Christian,Gogo,Primary,"200,000-500,000",M-Pesa,3,0.3,0.97,0.3,0.7,Oppo,China,Mid-Range,New,456323,6.1,Mobile,Cash,0,2,0.0,0.183,1.0,0.879,1.0,1.0,0.384,0.67,1
CUST_01750,19,Male,Mbeya,Muslim,Others,Master+,"200,000-500,000",Halopesa,4,0.54,0.83,0.78,0.5,Tecno,China,Mid-Range,New,257878,7.7,Physical Store,Cash,0,1,0.465,0.601,0.9,0.826,1.0,1.0,0.772,0.81,1
CUST_00434,58,Male,Dar es Salaam,Muslim,Nyamwezi,Bachelor,"500,001-1,000,000",Airtel Money,1,0.46,0.46,0.59,0.3,Tecno,China,Mid-Range,New,351199,7.9,Online,Cash,0,1,0.596,0.466,0.9,0.95,1.0,1.0,0.77,0.8,1
CUST_04018,20,Male,Morogoro,Muslim,Haya,Diploma,"500,001-1,000,000",Tigo Pesa,3,0.13,0.62,0.5,0.5,Samsung,South Korea,Premium,New,1975886,8.9,Mobile,Cash,0,2,0.0,0.445,0.9,0.803,1.0,1.0,0.56,0.54,1
CUST_00747,34,Female,Dar es Salaam,Christian,Nyamwezi,Primary,"200,000-500,000",M-Pesa,1,0.19,0.78,0.59,0.3,Oppo,China,Mid-Range,New,304866,7.2,Physical Store,Cash,1,2,0.406,0.425,1.0,0.777,1.0,1.0,0.509,0.77,1
CUST_03192,22,Male,Dar es Salaam,Christian,Haya,Secondary,"<200,000",Tigo Pesa,5,0.11,0.77,0.84,0.3,Apple,USA,Premium,New,1028869,9.1,Online,Cash,0,2,0.34,0.764,1.0,0.934,1.0,1.0,0.757,0.74,1
CUST_02916,21,Male,Mwanza,Muslim,Others,No formal,"<200,000",M-Pesa,4,0.08,0.85,0.86,0.5,Infinix,China,Mid-Range,New,422187,6.7,Mobile,Card,1,2,0.103,0.576,0.9,0.632,1.0,1.0,0.425,0.72,1
CUST_02497,34,Female,Morogoro,Christian,Others,Secondary,"500,001-1,000,000",Tigo Pesa,3,0.12,0.48,0.45,0.3,Samsung,South Korea,Premium,New,1634528,9.8,Physical Store,Mobile Money,0,2,0.346,0.441,1.0,0.872,1.0,1.0,0.694,0.66,1
CUST_04704,27,Male,Zanzibar,Christian,Others,Diploma,"200,000-500,000",M-Pesa,3,0.25,0.77,0.43,1.0,Oppo,China,Mid-Range,New,410308,6.5,Physical Store,Card,1,2,0.21,0.28,1.0,0.508,1.0,0.8,0.374,0.71,1
CUST_03527,21,Female,Mbeya,Christian,Haya,Bachelor,"200,000-500,000",Tigo Pesa,3,0.12,0.73,0.46,0.7,Nokia,Finland,Mid-Range,New,263097,6.4,Physical Store,Cash,0,2,0.52,0.294,1.0,0.968,1.0,1.0,0.579,0.73,1
CUST_03005,21,Female,Mwanza,Christian,Others,Secondary,"500,001-1,000,000",Airtel Money,3,0.17,0.73,0.69,0.0,Nokia,Finland,Mid-Range,New,309670,6.3,Physical Store,Card,0,1,0.435,0.435,1.0,0.962,1.0,1.0,0.708,0.72,1
CUST_04089,40,Female,Morogoro,Christian,Chagga,Secondary,"200,000-500,000",M-Pesa,4,0.31,0.87,0.81,0.5,Infinix,China,Mid-Range,Used,233998,6.0,Physical Store,Cash,1,2,0.491,0.486,1.0,0.66,0.6,1.0,0.782,0.71,1
CUST_01823,24,Male,Arusha,Christian,Others,Diploma,"200,000-500,000",M-Pesa,4,0.44,0.97,0.76,1.0,Infinix,China,Mid-Range,Used,314420,5.6,Online,Cash,0,9,0.238,0.426,1.0,0.664,0.6,0.8,0.559,0.67,1
CUST_02766,20,Male,Morogoro,Muslim,Nyamwezi,Diploma,"500,001-1,000,000",M-Pesa,4,0.09,0.47,0.39,0.7,Oppo,China,Mid-Range,Used,319924,6.8,Online,Mobile Money,0,1,0.624,0.265,0.9,0.678,0.6,1.0,0.612,0.74,0
CUST_00191,16,Female,Tanga,Muslim,Gogo,Primary,"500,001-1,000,000",M-Pesa,2,0.31,0.43,0.31,0.0,Vivo,China,Mid-Range,New,254164,6.0,Mobile,Cash,1,2,0.727,0.186,0.9,0.679,1.0,1.0,0.703,0.71,1
CUST_03042,33,Male,Mwanza,Muslim,Gogo,No formal,"200,000-500,000",M-Pesa,1,0.12,0.84,0.72,0.0,Itel,China,Budget,New,239380,5.0,Physical Store,Mobile Money,0,2,0.0,0.36,0.9,0.97,1.0,1.0,0.413,0.65,1
CUST_00904,15,Male,Dar es Salaam,Christian,Haya,Master+,"200,000-500,000",Tigo Pesa,5,0.5,0.94,0.46,0.0,Oppo,China,Mid-Range,New,468389,7.7,Physical Store,Card,0,1,0.0,0.354,1.0,0.664,1.0,1.0,0.442,0.77,1
CUST_04110,26,Male,Morogoro,Muslim,Makonde,No formal,"1,000,001-2,000,000",Tigo Pesa,4,0.45,0.37,0.61,0.5,Infinix,China,Mid-Range,New,586279,7.0,Mobile,Mobile Money,1,2,0.458,0.427,0.9,0.734,1.0,1.0,0.539,0.7,1
CUST_04431,33,Female,Mwanza,Christian,Sukuma,Secondary,"200,000-500,000",M-Pesa,5,0.15,0.8,0.49,0.7,Samsung,South Korea,Premium,New,1883533,9.6,Mobile,Card,0,12,0.0,0.47,1.0,0.975,1.0,1.0,0.35,0.6,1
CUST_04249,32,Male,Mwanza,Other,Haya,Secondary,"1,000,001-2,000,000",Tigo Pesa,1,0.15,0.28,0.38,0.7,Nokia,Finland,Mid-Range,New,303428,6.5,Physical Store,Mobile Money,0,1,0.788,0.247,1.0,0.536,1.0,1.0,0.687,0.73,1
CUST_03361,25,Male,Dar es Salaam,Muslim,Sukuma,Bachelor,"500,001-1,000,000",Tigo Pesa,2,0.1,0.68,0.42,0.5,Samsung,South Korea,Premium,New,1138410,9.9,Physical Store,Cash,1,2,0.355,0.416,0.9,0.64,1.0,1.0,0.486,0.77,1
CUST_03459,31,Female,Tanga,Muslim,Nyamwezi,Secondary,"<200,000",Tigo Pesa,2,0.5,0.77,0.47,1.0,Nokia,Finland,Mid-Range,Used,193342,5.4,Physical Store,Mobile Money,0,1,0.628,0.254,0.9,0.564,0.6,0.8,0.455,0.69,1
CUST_01479,15,Male,Dodoma,Christian,Others,Diploma,"200,000-500,000",Airtel Money,2,0.29,0.71,0.8,0.0,Tecno,China,Mid-Range,New,481225,6.3,Mobile,Mobile Money,0,2,0.146,0.504,1.0,0.636,1.0,1.0,0.643,0.68,0
CUST_02561,20,Female,Dar es Salaam,Muslim,Sukuma,Secondary,"200,000-500,000",Tigo Pesa,5,0.43,0.79,0.84,1.0,Tecno,China,Mid-Range,New,361144,6.2,Physical Store,Cash,1,1,0.287,0.521,0.9,0.713,1.0,0.8,0.721,0.7,1
CUST_01713,31,Female,Mwanza,Christian,Others,Secondary,"200,000-500,000",M-Pesa,1,0.31,0.78,0.46,0.0,Huawei,China,Premium,New,1904748,9.4,Physical Store,Cash,0,2,0.0,0.432,1.0,0.994,1.0,1.0,0.566,0.58,1
CUST_04129,39,Female,Dodoma,Muslim,Gogo,Diploma,"500,001-1,000,000",Halopesa,3,0.13,0.58,0.35,0.0,Apple,USA,Premium,Used,1104963,8.9,Online,Cash,0,1,0.466,0.312,0.9,0.823,0.6,1.0,0.589,0.71,1
CUST_00906,15,Female,Dar es Salaam,Muslim,Nyamwezi,Primary,"200,000-500,000",Tigo Pesa,4,0.29,0.91,0.83,0.5,Nokia,Finland,Mid-Range,New,397671,6.6,Physical Store,Mobile Money,0,12,0.095,0.548,0.9,0.979,1.0,1.0,0.583,0.72,1
CUST_00458,51,Female,Dodoma,Other,Sukuma,No formal,"500,001-1,000,000",Airtel Money,3,0.39,0.77,0.71,0.3,Nokia,Finland,Mid-Range,New,496005,8.0,Physical Store,Mobile Money,0,2,0.045,0.568,1.0,0.733,1.0,1.0,0.588,0.78,1
CUST_00816,33,Female,Dodoma,Christian,Others,Diploma,"1,000,001-2,000,000",Tigo Pesa,3,0.48,0.38,0.35,0.5,Nokia,Finland,Mid-Range,New,426707,6.4,Physical Store,Mobile Money,0,2,0.595,0.224,1.0,0.656,1.0,1.0,0.692,0.7,1
CUST_03680,31,Female,Zanzibar,Christian,Others,Primary,"200,000-500,000",Airtel Money,2,0.26,0.98,0.48,0.5,Apple,USA,Premium,New,1785787,8.7,Physical Store,Mobile Money,0,1,0.0,0.418,1.0,1.016,1.0,1.0,0.457,0.56,1
CUST_02208,30,Female,Tanga,Christian,Others,Diploma,"500,001-1,000,000",Tigo Pesa,3,0.14,0.51,0.85,0.0,Tecno,China,Mid-Range,New,584016,7.1,Physical Store,Mobile Money,0,12,0.255,0.603,1.0,0.595,1.0,1.0,0.734,0.71,1
CUST_04975,15,Female,Arusha,Muslim,Nyamwezi,Primary,"200,000-500,000",Airtel Money,4,0.45,0.95,0.33,0.5,Infinix,China,Mid-Range,New,398875,6.8,Physical Store,Cash,1,2,0.053,0.224,0.9,0.95,1.0,1.0,0.254,0.73,0
CUST_04359,32,Female,Mbeya,Christian,Nyamwezi,Primary,"200,000-500,000",Airtel Money,1,0.09,0.79,0.44,0.5,Vivo,China,Mid-Range,New,521337,8.0,Physical Store,Cash,0,1,0.0,0.352,1.0,0.708,1.0,1.0,0.466,0.78,1
CUST_00002,22,Male,Arusha,Muslim,Sukuma,Primary,"200,000-500,000",Airtel Money,2,0.58,0.75,0.34,0.7,Tecno,China,Mid-Range,Used,291454,6.7,Physical Store,Mobile Money,0,1,0.454,0.228,0.9,0.725,0.6,1.0,0.517,0.74,1
CUST_04163,15,Female,Tanga,Christian,Others,Primary,"200,000-500,000",Airtel Money,3,0.33,0.83,0.55,0.5,Huawei,China,Premium,New,2409570,9.1,Physical Store,Card,0,2,0.0,0.5,1.0,0.589,1.0,1.0,0.559,0.46,1
CUST_04074,15,Female,Dar es Salaam,Muslim,Others,Primary,"1,000,001-2,000,000",M-Pesa,4,0.59,0.42,0.41,0.5,Tecno,China,Mid-Range,New,283263,7.9,Physical Store,Cash,0,2,0.703,0.324,0.9,0.872,1.0,1.0,0.705,0.82,1
CUST_04140,32,Female,Tanga,Christian,Others,No formal,"200,000-500,000",M-Pesa,1,0.26,0.72,0.85,0.5,Apple,USA,Premium,New,1281575,8.7,Mobile,Mobile Money,0,2,0.231,0.739,1.0,0.898,1.0,1.0,0.712,0.67,1
CUST_04396,24,Male,Tanga,Christian,Others,Secondary,"200,000-500,000",Airtel Money,3,0.21,1.0,0.48,0.5,Huawei,China,Premium,New,2488878,9.1,Physical Store,Mobile Money,0,2,0.0,0.437,1.0,0.506,1.0,1.0,0.525,0.45,0
CUST_04594,33,Male,Dodoma,Christian,Nyamwezi,Secondary,"<200,000",M-Pesa,4,0.12,1.0,0.55,0.3,Infinix,China,Mid-Range,New,519845,7.3,Mobile,Mobile Money,1,1,0.0,0.402,1.0,0.893,1.0,1.0,0.627,0.73,0
CUST_02096,50,Male,Morogoro,Christian,Sukuma,Diploma,"200,000-500,000",Tigo Pesa,1,0.37,0.94,0.81,0.0,Samsung,South Korea,Premium,New,1560077,8.5,Online,Card,0,12,0.0,0.688,1.0,1.165,1.0,1.0,0.586,0.6,1
CUST_02162,24,Female,Mbeya,Christian,Others,Secondary,"200,000-500,000",M-Pesa,2,0.26,0.76,0.74,0.7,Tecno,China,Mid-Range,New,463691,7.9,Physical Store,Cash,0,2,0.119,0.585,1.0,0.879,1.0,1.0,0.704,0.78,0
CUST_03479,29,Female,Dar es Salaam,Christian,Sukuma,Bachelor,"500,001-1,000,000",Airtel Money,5,0.15,0.77,0.75,0.3,Huawei,China,Premium,New,1301335,8.8,Mobile,Cash,0,2,0.165,0.66,1.0,0.735,1.0,1.0,0.624,0.67,0
CUST_02893,25,Male,Zanzibar,Other,Others,Diploma,"<200,000",M-Pesa,5,0.5,0.77,0.55,0.3,Tecno,China,Mid-Range,New,530456,6.9,Physical Store,Cash,0,2,0.0,0.38,1.0,0.861,1.0,1.0,0.5,0.71,1
CUST_02312,39,Female,Mwanza,Christian,Gogo,Bachelor,"500,001-1,000,000",M-Pesa,1,0.15,0.78,0.75,0.0,Apple,USA,Premium,New,2053578,9.2,Physical Store,Mobile Money,0,11,0.0,0.69,1.0,1.098,1.0,1.0,0.765,0.54,1
CUST_04350,34,Female,Mwanza,Christian,Sukuma,Primary,"<200,000",M-Pesa,5,0.81,0.89,0.37,0.7,Infinix,China,Mid-Range,New,421067,6.4,Physical Store,Mobile Money,0,2,0.063,0.237,1.0,0.714,1.0,1.0,0.447,0.7,1
CUST_02900,40,Female,Mbeya,Christian,Sukuma,No formal,"200,000-500,000",None,2,0.11,0.99,0.83,0.5,Apple,USA,Premium,New,1125638,8.7,Physical Store,Cash,0,2,0.071,0.722,1.0,0.936,1.0,1.0,0.79,0.7,1
CUST_01501,28,Female,Dodoma,Christian,Others,Primary,"500,001-1,000,000",Airtel Money,4,0.19,0.74,0.46,0.3,Infinix,China,Mid-Range,New,502057,6.5,Physical Store,Mobile Money,0,2,0.071,0.299,1.0,0.83,1.0,1.0,0.481,0.69,1
CUST_02474,33,Female,Dar es Salaam,Christian,Others,Secondary,"<200,000",Tigo Pesa,4,0.1,0.95,0.45,0.3,Infinix,China,Mid-Range,New,259826,7.8,Physical Store,Cash,1,1,0.383,0.351,1.0,0.736,1.0,1.0,0.669,0.82,1
CUST_00890,20,Female,Mwanza,Muslim,Others,Secondary,"<200,000",M-Pesa,2,0.1,0.85,0.72,0.0,Tecno,China,Mid-Range,New,575209,7.1,Mobile,Cash,1,1,0.0,0.511,0.9,0.981,1.0,1.0,0.588,0.71,1
CUST_04897,16,Male,Dar es Salaam,Christian,Others,No formal,"200,000-500,000",Halopesa,2,0.42,0.95,0.42,0.5,Samsung,South Korea,Premium,New,1346068,9.8,Online,Mobile Money,0,2,0.0,0.412,1.0,0.788,1.0,1.0,0.476,0.72,1
CUST_03298,26,Female,Morogoro,Christian,Others,Diploma,"200,000-500,000",M-Pesa,2,0.16,0.82,0.49,0.7,Infinix,China,Mid-Range,New,444907,7.0,Physical Store,Cash,0,2,0.088,0.343,1.0,0.602,1.0,1.0,0.531,0.73,1
CUST_01727,29,Female,Zanzibar,Muslim,Others,Secondary,"500,001-1,000,000",None,2,0.21,0.56,0.55,0.5,Vivo,China,Mid-Range,New,385655,7.7,Online,Cash,0,2,0.46,0.424,0.9,0.673,1.0,1.0,0.537,0.78,1
CUST_03385,15,Female,Morogoro,Muslim,Others,Primary,"200,000-500,000",M-Pesa,2,0.62,0.92,0.58,0.5,Infinix,China,Mid-Range,Used,296206,5.6,Physical Store,Card,0,2,0.319,0.325,0.9,0.666,0.6,1.0,0.62,0.68,0
CUST_01696,43,Male,Tanga,Christian,Sukuma,Diploma,"200,000-500,000",Airtel Money,3,0.48,0.73,0.68,0.5,Apple,USA,Premium,New,1019196,8.7,Physical Store,Mobile Money,1,2,0.38,0.592,1.0,0.877,1.0,1.0,0.71,0.72,1
CUST_03660,30,Male,Morogoro,Christian,Haya,Diploma,"500,001-1,000,000",Tigo Pesa,4,0.06,0.74,0.87,0.5,Samsung,South Korea,Premium,New,1702921,9.9,Physical Store,Mobile Money,1,12,0.0,0.861,1.0,0.906,1.0,1.0,0.545,0.65,1
CUST_03165,24,Female,Dar es Salaam,Christian,Haya,Secondary,"<200,000",None,2,0.54,0.96,0.68,0.3,Vivo,China,Mid-Range,New,345611,7.8,Physical Store,Mobile Money,1,12,0.171,0.53,1.0,0.771,1.0,1.0,0.752,0.8,1
CUST_00997,37,Female,Morogoro,Christian,Others,No formal,"500,001-1,000,000",Airtel Money,5,0.68,0.42,0.61,0.7,Huawei,China,Premium,New,1789681,8.1,Physical Store,Mobile Money,0,2,0.374,0.494,1.0,0.866,1.0,1.0,0.613,0.53,0
CUST_01692,26,Male,Dodoma,Muslim,Others,No formal,"200,000-500,000",M-Pesa,3,0.62,0.92,0.42,0.5,Huawei,China,Premium,New,694596,9.0,Physical Store,Card,0,1,0.467,0.378,0.9,0.541,1.0,1.0,0.447,0.8,1
CUST_03316,34,Female,Dodoma,Christian,Others,Secondary,"<200,000",M-Pesa,2,0.11,1.0,0.68,0.0,Samsung,South Korea,Premium,New,924012,8.4,Physical Store,Mobile Money,0,2,0.23,0.571,1.0,1.113,1.0,1.0,0.695,0.72,0
CUST_01833,28,Female,Zanzibar,Other,Makonde,Diploma,"200,000-500,000",Tigo Pesa,5,0.27,0.97,0.47,0.3,Itel,China,Budget,Used,161083,4.7,Physical Store,Mobile Money,0,12,0.0,0.221,1.0,0.925,0.6,1.0,0.268,0.65,1
CUST_02089,38,Female,Mwanza,Christian,Others,Bachelor,"500,001-1,000,000",Tigo Pesa,3,0.24,0.62,0.4,0.3,Oppo,China,Mid-Range,Used,421031,5.8,Physical Store,Cash,0,2,0.347,0.232,1.0,0.606,0.6,1.0,0.435,0.66,1
CUST_02014,26,Female,Mwanza,Muslim,Others,Bachelor,"<200,000",M-Pesa,3,0.29,0.71,0.81,0.7,Apple,USA,Premium,New,880403,9.6,Physical Store,Cash,0,2,0.479,0.778,0.9,1.149,1.0,1.0,0.71,0.8,1
CUST_04857,26,Female,Dar es Salaam,Christian,Others,Primary,"<200,000",M-Pesa,3,0.4,0.92,0.61,1.0,Itel,China,Budget,New,236045,5.0,Online,Mobile Money,0,2,0.0,0.305,1.0,0.576,1.0,0.8,0.478,0.65,1
CUST_03569,32,Male,Tanga,Christian,Others,Bachelor,"<200,000",Tigo Pesa,2,0.03,0.81,0.6,0.3,Nokia,Finland,Mid-Range,New,362511,6.2,Mobile,Mobile Money,1,2,0.266,0.372,1.0,0.778,1.0,1.0,0.412,0.7,1
CUST_04624,31,Female,Morogoro,Christian,Nyamwezi,Primary,"500,001-1,000,000",Halopesa,3,0.35,0.47,0.83,0.0,Tecno,China,Mid-Range,Used,398336,6.6,Physical Store,Cash,0,1,0.532,0.548,1.0,0.547,0.6,1.0,0.613,0.72,1
CUST_02385,40,Female,Dar es Salaam,Muslim,Others,Bachelor,"<200,000",Tigo Pesa,3,0.21,0.72,0.75,0.5,Tecno,China,Mid-Range,New,390822,6.1,Physical Store,Card,0,2,0.297,0.458,0.9,0.739,1.0,1.0,0.616,0.69,1
CUST_02612,24,Female,Mwanza,Christian,Gogo,No formal,"500,001-1,000,000",Airtel Money,5,0.31,0.52,0.81,0.7,Itel,China,Budget,Used,143223,4.1,Mobile,Card,0,1,0.503,0.332,1.0,0.652,0.6,1.0,0.854,0.62,1
CUST_02009,15,Female,Dar es Salaam,Christian,Others,No formal,"<200,000",M-Pesa,3,0.11,0.95,0.42,0.5,Nokia,Finland,Mid-Range,New,465529,6.5,Online,Mobile Money,1,2,0.0,0.273,1.0,0.936,1.0,1.0,0.637,0.7,0
CUST_01077,39,Male,Mwanza,Other,Others,Primary,"500,001-1,000,000",Halopesa,2,0.2,0.53,0.83,0.0,Infinix,China,Mid-Range,New,336683,6.3,Physical Store,Cash,1,2,0.554,0.523,1.0,0.996,1.0,1.0,0.675,0.71,1
CUST_04477,26,Male,Mwanza,Christian,Makonde,Secondary,"<200,000",Airtel Money,5,0.5,0.76,0.52,0.0,Tecno,China,Mid-Range,New,583704,7.7,Physical Store,Mobile Money,1,1,0.0,0.4,1.0,0.903,1.0,1.0,0.383,0.75,1
CUST_04307,15,Male,Mbeya,Muslim,Nyamwezi,Diploma,"500,001-1,000,000",Airtel Money,2,0.34,0.76,0.38,0.3,Xiaomi,China,Mid-Range,New,332892,7.3,Physical Store,Cash,0,2,0.368,0.277,0.9,0.514,1.0,1.0,0.634,0.77,1
CUST_03459,31,Female,Tanga,Muslim,Nyamwezi,Secondary,"<200,000",Tigo Pesa,2,0.5,0.77,0.47,1.0,Vivo,China,Mid-Range,New,287125,7.6,Physical Store,Mobile Money,0,1,0.447,0.357,0.9,0.645,1.0,0.8,0.44,0.8,1
CUST_02034,21,Female,Zanzibar,Christian,Makonde,Primary,"<200,000",Halopesa,4,0.14,0.83,0.35,0.5,Oppo,China,Mid-Range,New,599894,6.4,Physical Store,Cash,0,2,0.0,0.224,1.0,0.54,1.0,1.0,0.241,0.66,1
CUST_01148,33,Male,Dodoma,Christian,Chagga,Bachelor,"200,000-500,000",Halopesa,5,0.83,0.97,0.77,0.0,Tecno,China,Mid-Range,Used,280182,5.5,Online,Mobile Money,0,2,0.321,0.424,1.0,0.74,0.6,1.0,0.766,0.67,1
CUST_02630,23,Female,Mwanza,Christian,Others,Secondary,"200,000-500,000",M-Pesa,5,0.14,0.77,0.67,0.3,Nokia,Finland,Mid-Range,Used,445203,7.0,Physical Store,Cash,0,1,0.143,0.469,1.0,0.506,0.6,1.0,0.397,0.73,1
CUST_03483,15,Female,Mbeya,Christian,Others,No formal,"500,001-1,000,000",Tigo Pesa,4,0.5,0.78,0.74,0.7,Huawei,China,Premium,New,2367256,8.8,Mobile,Mobile Money,0,1,0.0,0.651,1.0,0.645,1.0,1.0,0.489,0.45,1
CUST_01350,22,Male,Zanzibar,Muslim,Others,Diploma,"1,000,001-2,000,000",Tigo Pesa,1,0.49,0.47,0.62,0.5,Huawei,China,Premium,New,1385931,9.8,Physical Store,Card,0,2,0.457,0.608,0.9,0.516,1.0,1.0,0.449,0.71,1
CUST_02312,39,Female,Mwanza,Christian,Gogo,Bachelor,"500,001-1,000,000",M-Pesa,1,0.15,0.78,0.75,0.0,Tecno,China,Mid-Range,New,484692,6.8,Online,Cash,0,2,0.055,0.51,1.0,0.991,1.0,1.0,0.496,0.71,1
CUST_04978,26,Female,Dar es Salaam,Muslim,Nyamwezi,Diploma,">2,000,000",Tigo Pesa,4,0.15,0.49,0.79,0.5,Samsung,South Korea,Premium,New,1019213,8.7,Physical Store,Mobile Money,0,12,0.584,0.687,0.9,1.014,1.0,1.0,0.768,0.72,1
CUST_04034,43,Male,Mwanza,Christian,Sukuma,Diploma,"200,000-500,000",Airtel Money,5,0.35,1.0,0.73,0.5,Infinix,China,Mid-Range,New,424043,7.6,Physical Store,Cash,0,2,0.0,0.555,1.0,0.861,1.0,1.0,0.625,0.77,1
CUST_02732,27,Female,Mwanza,Christian,Others,Secondary,"200,000-500,000",Halopesa,4,0.35,0.82,0.34,0.3,Huawei,China,Premium,Used,1789259,8.5,Physical Store,Mobile Money,0,2,0.0,0.289,1.0,0.71,0.6,1.0,0.544,0.55,1
CUST_00655,30,Female,Morogoro,Christian,Others,Primary,">2,000,000",Airtel Money,1,0.76,0.16,0.58,0.7,Tecno,China,Mid-Range,New,253683,6.6,Physical Store,Mobile Money,1,10,0.899,0.383,1.0,0.617,1.0,1.0,0.981,0.75,1
CUST_04941,27,Female,Mwanza,Christian,Haya,Bachelor,"500,001-1,000,000",M-Pesa,2,0.15,0.66,0.32,0.7,Tecno,China,Mid-Range,New,556288,6.9,Online,Mobile Money,0,2,0.082,0.221,1.0,0.685,1.0,1.0,0.386,0.7,0
CUST_00954,28,Male,Arusha,Christian,Others,Primary,">2,000,000",Airtel Money,4,0.14,0.21,0.66,0.5,Huawei,China,Premium,New,1449470,8.6,Mobile,Cash,0,2,0.746,0.568,1.0,0.593,1.0,1.0,0.469,0.63,1
CUST_04070,31,Female,Dar es Salaam,Christian,Nyamwezi,Secondary,"200,000-500,000",Airtel Money,4,0.13,0.75,0.83,0.7,Itel,China,Budget,New,143991,6.1,Physical Store,Card,0,1,0.28,0.506,1.0,0.951,1.0,1.0,0.637,0.74,1
CUST_02326,20,Male,Mwanza,Christian,Gogo,Secondary,"<200,000",Airtel Money,4,0.63,0.79,0.78,0.3,Oppo,China,Mid-Range,New,535866,7.3,Physical Store,Cash,1,2,0.0,0.569,1.0,0.68,1.0,1.0,0.575,0.73,1
CUST_02571,42,Male,Tanga,Christian,Gogo,Bachelor,"200,000-500,000",Airtel Money,3,0.66,0.92,0.38,0.0,Huawei,China,Premium,New,2286889,8.6,Online,Mobile Money,0,1,0.0,0.327,1.0,0.952,1.0,1.0,0.598,0.46,1
CUST_03961,18,Male,Arusha,Muslim,Chagga,Secondary,"200,000-500,000",M-Pesa,3,0.32,0.71,0.58,0.5,Nokia,Finland,Mid-Range,New,390671,7.8,Online,Cash,0,2,0.307,0.452,0.9,0.505,1.0,1.0,0.497,0.79,1
CUST_02473,15,Male,Tanga,Christian,Sukuma,Diploma,"1,000,001-2,000,000",None,3,0.4,0.2,0.87,0.5,Oppo,China,Mid-Range,New,455841,6.7,Online,Cash,1,2,0.772,0.583,1.0,0.911,1.0,1.0,0.78,0.71,1
CUST_03082,21,Female,Arusha,Christian,Sukuma,Diploma,"500,001-1,000,000",Airtel Money,3,0.16,0.73,0.61,0.0,Nokia,Finland,Mid-Range,New,563689,7.7,Online,Cash,0,1,0.0,0.47,1.0,0.501,1.0,1.0,0.656,0.75,0
CUST_01656,32,Female,Mbeya,Christian,Nyamwezi,Primary,"200,000-500,000",M-Pesa,3,0.5,0.71,0.58,0.0,Apple,USA,Premium,New,1050210,8.3,Physical Store,Mobile Money,1,1,0.379,0.481,1.0,1.041,1.0,1.0,0.548,0.69,1
CUST_01673,30,Male,Dodoma,Christian,Others,Diploma,"<200,000",M-Pesa,3,0.16,0.75,0.89,0.3,Tecno,China,Mid-Range,New,576001,7.8,Physical Store,Card,0,2,0.0,0.694,1.0,0.697,1.0,1.0,0.483,0.75,1
CUST_02671,28,Male,Morogoro,Christian,Others,Secondary,"<200,000",Tigo Pesa,2,0.22,0.94,0.43,0.3,Samsung,South Korea,Premium,New,716854,8.8,Physical Store,Mobile Money,1,2,0.438,0.378,1.0,0.941,1.0,1.0,0.658,0.78,1
CUST_04094,25,Male,Dar es Salaam,Christian,Others,Secondary,"1,000,001-2,000,000",M-Pesa,3,0.08,0.37,0.65,0.3,Nokia,Finland,Mid-Range,Used,449203,5.8,Physical Store,Cash,0,2,0.584,0.377,1.0,0.604,0.6,1.0,0.603,0.66,1
CUST_01291,28,Male,Mwanza,Christian,Others,No formal,"<200,000",M-Pesa,2,0.26,0.87,0.36,0.5,Nokia,Finland,Mid-Range,New,427455,7.7,Physical Store,Cash,0,12,0.07,0.277,1.0,0.781,1.0,1.0,0.643,0.78,0
CUST_00422,24,Female,Mbeya,Muslim,Haya,Secondary,"<200,000",Airtel Money,4,0.46,0.81,0.66,0.7,Infinix,China,Mid-Range,New,279997,6.3,Physical Store,Mobile Money,0,1,0.433,0.416,0.9,0.943,1.0,1.0,0.604,0.72,1
CUST_01876,32,Male,Dar es Salaam,Muslim,Sukuma,Diploma,"200,000-500,000",M-Pesa,5,0.18,0.89,0.7,0.7,Tecno,China,Mid-Range,New,415955,7.9,Physical Store,Cash,0,2,0.075,0.553,0.9,0.67,1.0,1.0,0.487,0.79,1
CUST_00364,26,Male,Morogoro,Christian,Others,No formal,"<200,000",None,4,0.17,0.79,0.53,0.5,Samsung,South Korea,Premium,New,936018,8.9,Physical Store,Mobile Money,0,1,0.384,0.472,1.0,0.948,1.0,1.0,0.606,0.75,1
CUST_00360,19,Female,Morogoro,Christian,Others,Primary,"500,001-1,000,000",Tigo Pesa,3,0.45,0.53,0.6,0.5,Xiaomi,China,Mid-Range,New,537423,7.5,Physical Store,Cash,0,1,0.288,0.45,1.0,0.54,1.0,1.0,0.638,0.74,1
CUST_04367,27,Female,Morogoro,Muslim,Others,Secondary,"<200,000",M-Pesa,4,0.28,0.76,0.66,0.3,Nokia,Finland,Mid-Range,New,254184,7.3,Physical Store,Mobile Money,1,2,0.517,0.482,0.9,0.809,1.0,1.0,0.623,0.79,1
CUST_00008,39,Male,Mbeya,Muslim,Others,No formal,"<200,000",Tigo Pesa,4,0.01,0.8,0.87,0.3,Apple,USA,Premium,New,820316,8.9,Online,Cash,0,1,0.453,0.774,0.9,0.808,1.0,1.0,0.767,0.77,1
CUST_02240,23,Male,Arusha,Christian,Makonde,Primary,"500,001-1,000,000",M-Pesa,4,0.34,0.6,0.3,0.3,Apple,USA,Premium,New,2099660,9.2,Physical Store,Mobile Money,0,1,0.0,0.276,1.0,0.766,1.0,1.0,0.324,0.53,1
CUST_00486,15,Female,Dodoma,Christian,Others,Bachelor,"<200,000",Tigo Pesa,3,0.08,0.83,0.42,0.7,Oppo,China,Mid-Range,New,464934,6.6,Physical Store,Cash,0,12,0.035,0.277,1.0,0.828,1.0,1.0,0.483,0.7,1
CUST_02984,30,Male,Dar es Salaam,Other,Nyamwezi,Bachelor,"200,000-500,000",Airtel Money,3,0.23,0.85,0.54,0.5,Samsung,South Korea,Premium,New,2012100,8.2,Physical Store,Cash,1,1,0.0,0.443,1.0,0.999,1.0,1.0,0.561,0.49,1
CUST_03928,31,Male,Arusha,Christian,Others,Secondary,"1,000,001-2,000,000",M-Pesa,4,0.04,0.43,0.31,0.5,Apple,USA,Premium,New,1869494,8.2,Online,Mobile Money,0,2,0.33,0.254,1.0,0.818,1.0,1.0,0.593,0.52,1
CUST_01159,25,Female,Dar es Salaam,Christian,Haya,No formal,"200,000-500,000",Tigo Pesa,5,0.25,0.87,0.34,0.3,Tecno,China,Mid-Range,Used,312272,5.6,Physical Store,Cash,0,2,0.321,0.19,1.0,0.942,0.6,1.0,0.563,0.67,1
CUST_01148,33,Male,Dodoma,Christian,Chagga,Bachelor,"200,000-500,000",Halopesa,5,0.83,0.97,0.77,0.0,Tecno,China,Mid-Range,New,576172,6.4,Physical Store,Mobile Money,0,2,0.0,0.493,1.0,0.677,1.0,1.0,0.541,0.67,1
CUST_00359,35,Female,Dodoma,Christian,Others,No formal,"1,000,001-2,000,000",Tigo Pesa,2,0.11,0.14,0.6,0.7,Apple,USA,Premium,New,1763649,8.6,Online,Cash,1,2,0.794,0.516,1.0,1.049,1.0,1.0,0.695,0.56,0
CUST_03457,34,Female,Dar es Salaam,Muslim,Makonde,Bachelor,"500,001-1,000,000",M-Pesa,1,0.24,0.42,0.41,0.5,Nokia,Finland,Mid-Range,New,493167,7.8,Mobile,Cash,1,2,0.482,0.32,0.9,0.849,1.0,1.0,0.573,0.77,1
CUST_00945,23,Male,Dar es Salaam,Christian,Sukuma,No formal,"200,000-500,000",Halopesa,1,0.4,0.78,0.83,0.3,Nokia,Finland,Mid-Range,Used,301514,5.3,Physical Store,Mobile Money,0,1,0.412,0.44,1.0,0.799,0.6,1.0,0.67,0.66,1
CUST_00592,37,Male,Mwanza,Christian,Others,Primary,"<200,000",M-Pesa,4,0.27,0.87,0.59,0.5,Tecno,China,Mid-Range,New,477567,7.4,Physical Store,Mobile Money,0,1,0.0,0.437,1.0,0.751,1.0,1.0,0.561,0.75,1
CUST_02084,42,Male,Arusha,Christian,Others,Diploma,"<200,000",Airtel Money,3,0.29,0.79,0.74,0.7,Xiaomi,China,Mid-Range,New,391297,7.5,Mobile,Mobile Money,1,2,0.227,0.555,1.0,0.839,1.0,1.0,0.563,0.77,1
CUST_00160,15,Male,Dar es Salaam,Christian,Chagga,No formal,"200,000-500,000",Tigo Pesa,3,0.12,0.99,0.61,0.5,Samsung,South Korea,Premium,New,785157,9.5,Physical Store,Mobile Money,1,1,0.352,0.58,1.0,0.609,1.0,1.0,0.594,0.81,1
CUST_01851,15,Female,Mwanza,Muslim,Nyamwezi,No formal,"200,000-500,000",M-Pesa,5,0.61,0.98,0.51,0.0,Huawei,China,Premium,New,2262902,9.4,Physical Store,Cash,0,1,0.0,0.479,0.9,0.596,1.0,1.0,0.52,0.51,1
CUST_03908,18,Male,Dar es Salaam,Muslim,Nyamwezi,Secondary,"200,000-500,000",Tigo Pesa,4,0.31,0.88,0.54,0.3,Tecno,China,Mid-Range,New,392840,7.6,Online,Cash,1,1,0.136,0.41,0.9,0.743,1.0,1.0,0.343,0.78,1
CUST_03031,20,Male,Tanga,Christian,Nyamwezi,Diploma,"200,000-500,000",Tigo Pesa,2,0.22,0.86,0.35,0.5,Tecno,China,Mid-Range,New,339358,7.0,Physical Store,Mobile Money,1,2,0.27,0.245,1.0,0.742,1.0,1.0,0.454,0.75,1
CUST_01250,21,Female,Mbeya,Christian,Others,No formal,"500,001-1,000,000",M-Pesa,1,0.34,0.65,0.55,0.3,Itel,China,Budget,New,243758,4.6,Physical Store,Cash,0,2,0.0,0.253,1.0,0.927,1.0,1.0,0.409,0.63,1
CUST_04910,30,Female,Mbeya,Christian,Others,No formal,"500,001-1,000,000",Airtel Money,4,0.16,0.66,0.68,0.5,Tecno,China,Mid-Range,New,455333,6.5,Physical Store,Mobile Money,0,11,0.249,0.442,1.0,0.777,1.0,1.0,0.539,0.7,1
CUST_02277,37,Male,Arusha,Christian,Others,Primary,"200,000-500,000",M-Pesa,5,0.09,0.92,0.58,0.5,Tecno,China,Mid-Range,New,296359,6.7,Physical Store,Mobile Money,0,2,0.318,0.389,1.0,0.665,1.0,1.0,0.458,0.74,1
CUST_04828,23,Female,Mwanza,Christian,Others,Diploma,"1,000,001-2,000,000",M-Pesa,5,0.39,0.25,0.66,0.5,Samsung,South Korea,Premium,New,1255933,8.2,Physical Store,Mobile Money,0,2,0.738,0.541,1.0,1.075,1.0,1.0,0.801,0.64,1
CUST_02262,18,Male,Arusha,Muslim,Others,Diploma,"200,000-500,000",M-Pesa,1,0.12,0.75,0.78,0.7,Samsung,South Korea,Premium,New,2372741,8.8,Online,Mobile Money,0,2,0.0,0.686,0.9,0.713,1.0,1.0,0.567,0.45,1
CUST_01814,23,Male,Dodoma,Muslim,Others,Primary,"500,001-1,000,000",Airtel Money,3,0.38,0.59,0.85,0.5,Samsung,South Korea,Premium,New,2226394,8.8,Online,Cash,0,2,0.0,0.748,0.9,0.723,1.0,1.0,0.559,0.48,1
CUST_04243,37,Female,Dodoma,Christian,Gogo,Primary,"500,001-1,000,000",Halopesa,2,0.37,0.74,0.49,0.0,Oppo,China,Mid-Range,New,365078,7.4,Physical Store,Cash,0,1,0.325,0.363,1.0,0.818,1.0,1.0,0.588,0.77,1
CUST_04326,18,Female,Mbeya,Muslim,Sukuma,Diploma,"<200,000",Tigo Pesa,2,0.35,0.71,0.71,1.0,Apple,USA,Premium,New,1177001,9.0,Physical Store,Cash,1,12,0.304,0.639,0.9,1.053,1.0,0.8,0.645,0.7,0
CUST_01458,15,Female,Mbeya,Christian,Others,Secondary,">2,000,000",Tigo Pesa,2,0.02,0.17,0.32,0.3,Oppo,China,Mid-Range,New,569645,7.6,Physical Store,Card,0,1,0.758,0.243,1.0,0.615,1.0,1.0,0.561,0.74,1
CUST_01772,19,Male,Dodoma,Other,Gogo,Diploma,"200,000-500,000",Halopesa,3,0.2,0.77,0.47,0.5,Infinix,China,Mid-Range,New,498201,7.8,Physical Store,Mobile Money,0,1,0.041,0.367,1.0,0.619,1.0,1.0,0.487,0.77,1
CUST_00029,40,Female,Zanzibar,Muslim,Makonde,No formal,"200,000-500,000",None,5,0.71,0.84,0.51,0.5,Apple,USA,Premium,New,2120445,9.5,Physical Store,Cash,0,1,0.0,0.484,0.9,0.741,1.0,1.0,0.489,0.55,0
CUST_03408,27,Female,Morogoro,Muslim,Others,Bachelor,"500,001-1,000,000",M-Pesa,4,0.63,0.67,0.84,0.3,Itel,China,Budget,New,180278,4.3,Physical Store,Mobile Money,1,2,0.195,0.361,0.9,0.81,1.0,1.0,0.573,0.62,1
CUST_04905,37,Male,Arusha,Christian,Makonde,Primary,"200,000-500,000",M-Pesa,3,0.14,0.91,0.61,0.5,Itel,China,Budget,Used,91849,4.8,Physical Store,Cash,0,2,0.443,0.293,1.0,0.615,0.6,1.0,0.625,0.67,1
CUST_04193,43,Female,Dodoma,Muslim,Others,No formal,"<200,000",Halopesa,4,0.62,0.9,0.58,0.3,Nokia,Finland,Mid-Range,New,398584,7.2,Physical Store,Cash,0,12,0.103,0.418,0.9,0.775,1.0,1.0,0.585,0.75,1
CUST_04891,28,Male,Dar es Salaam,Christian,Others,Diploma,"500,001-1,000,000",Tigo Pesa,5,0.09,0.61,0.82,0.0,Huawei,China,Premium,New,2398425,8.6,Physical Store,Card,1,2,0.0,0.705,1.0,0.994,1.0,1.0,0.493,0.44,1
CUST_00147,15,Female,Mwanza,Other,Others,Secondary,"500,001-1,000,000",M-Pesa,3,0.31,0.79,0.85,0.5,Huawei,China,Premium,New,618278,9.7,Online,Cash,0,2,0.593,0.824,1.0,0.731,1.0,1.0,0.763,0.86,1
CUST_03918,15,Male,Dar es Salaam,Christian,Makonde,Primary,"200,000-500,000",None,3,0.29,0.81,0.76,0.5,Xiaomi,China,Mid-Range,New,517728,7.6,Physical Store,Cash,0,11,0.0,0.578,1.0,0.773,1.0,1.0,0.544,0.75,1
CUST_04729,15,Male,Zanzibar,Other,Sukuma,No formal,"1,000,001-2,000,000",Tigo Pesa,5,0.09,0.41,0.61,0.5,Infinix,China,Mid-Range,New,598225,7.3,Physical Store,Mobile Money,0,1,0.387,0.445,1.0,0.92,1.0,1.0,0.628,0.72,1
CUST_04458,22,Male,Dar es Salaam,Christian,Others,No formal,"1,000,001-2,000,000",Airtel Money,5,0.31,0.34,0.3,0.0,Huawei,China,Premium,New,1790997,9.2,Physical Store,Mobile Money,0,2,0.493,0.276,1.0,0.873,1.0,1.0,0.647,0.59,1
CUST_01435,24,Male,Morogoro,Muslim,Others,Diploma,"200,000-500,000",M-Pesa,4,0.08,0.82,0.4,0.0,Huawei,China,Premium,New,1176697,9.0,Physical Store,Mobile Money,0,12,0.196,0.36,0.9,0.613,1.0,1.0,0.516,0.7,1
CUST_02265,21,Female,Dodoma,Christian,Others,Primary,"<200,000",M-Pesa,2,0.35,0.97,0.68,1.0,Oppo,China,Mid-Range,New,568401,7.3,Physical Store,Cash,0,2,0.0,0.496,1.0,0.921,1.0,0.8,0.465,0.72,1
CUST_00729,27,Male,Dodoma,Christian,Sukuma,Master+,"200,000-500,000",M-Pesa,5,0.31,0.98,0.65,0.3,Nokia,Finland,Mid-Range,New,311063,7.0,Physical Store,Mobile Money,0,2,0.238,0.455,1.0,0.948,1.0,1.0,0.559,0.76,0
CUST_01245,16,Female,Mwanza,Christian,Chagga,Primary,"<200,000",M-Pesa,2,0.36,0.91,0.65,1.0,Huawei,China,Premium,New,870889,8.5,Mobile,Cash,0,2,0.34,0.552,1.0,0.859,1.0,0.8,0.592,0.74,1
CUST_04736,29,Female,Mbeya,Christian,Others,Diploma,"200,000-500,000",M-Pesa,3,0.44,0.86,0.52,0.3,Oppo,China,Mid-Range,New,311423,7.1,Online,Cash,0,1,0.33,0.369,1.0,0.796,1.0,1.0,0.656,0.76,1
CUST_04460,28,Male,Mbeya,Christian,Sukuma,Secondary,">2,000,000",Tigo Pesa,4,0.09,0.38,0.75,0.5,Nokia,Finland,Mid-Range,New,530003,7.6,Physical Store,Cash,1,2,0.496,0.57,1.0,0.602,1.0,1.0,0.569,0.75,1
CUST_01192,23,Male,Arusha,Christian,Others,Primary,"<200,000",Airtel Money,3,0.24,0.9,0.66,0.7,Tecno,China,Mid-Range,Used,307709,6.3,Physical Store,Card,0,12,0.308,0.416,1.0,0.982,0.6,1.0,0.778,0.72,1
CUST_01914,46,Female,Dodoma,Christian,Others,Secondary,"<200,000",M-Pesa,2,0.32,0.99,0.53,0.5,Xiaomi,China,Mid-Range,New,495284,7.0,Online,Cash,1,2,0.0,0.371,1.0,0.55,1.0,1.0,0.324,0.72,1
CUST_02468,30,Female,Dodoma,Muslim,Gogo,Secondary,"<200,000",M-Pesa,3,0.29,0.96,0.65,0.3,Huawei,China,Premium,New,2340315,9.4,Online,Card,0,1,0.0,0.611,0.9,0.85,1.0,1.0,0.351,0.5,1
CUST_01852,15,Female,Arusha,Christian,Sukuma,No formal,">2,000,000",M-Pesa,4,0.5,0.37,0.55,0.5,Itel,China,Budget,New,187692,6.4,Online,Card,0,12,0.537,0.352,1.0,0.832,1.0,1.0,0.604,0.75,1
CUST_00147,15,Female,Mwanza,Other,Others,Secondary,"500,001-1,000,000",M-Pesa,3,0.31,0.79,0.85,0.5,Oppo,China,Mid-Range,Used,205261,6.7,Physical Store,Cash,0,2,0.595,0.57,1.0,0.788,0.6,1.0,0.79,0.76,1
CUST_00981,39,Male,Arusha,Christian,Gogo,Secondary,"500,001-1,000,000",M-Pesa,3,0.29,0.8,0.33,0.3,Itel,China,Budget,New,247180,4.2,Online,Mobile Money,1,2,0.0,0.139,1.0,0.807,1.0,1.0,0.476,0.6,1
CUST_00066,24,Female,Dodoma,Christian,Sukuma,Secondary,"<200,000",Airtel Money,2,0.05,0.73,0.83,0.3,Samsung,South Korea,Premium,New,1674378,9.0,Physical Store,Cash,0,2,0.0,0.747,1.0,0.653,1.0,1.0,0.506,0.61,1
CUST_00419,41,Female,Dar es Salaam,Muslim,Chagga,Secondary,"200,000-500,000",Airtel Money,2,0.8,0.82,0.69,0.0,Apple,USA,Premium,New,1017425,8.2,Mobile,Cash,1,2,0.305,0.566,0.9,1.033,1.0,1.0,0.578,0.69,1
CUST_03095,28,Male,Dodoma,Other,Others,Primary,"200,000-500,000",M-Pesa,3,0.25,0.82,0.8,0.7,Infinix,China,Mid-Range,New,524734,6.4,Physical Store,Cash,0,2,0.0,0.512,1.0,0.593,1.0,1.0,0.402,0.68,0
CUST_04572,30,Female,Dar es Salaam,Christian,Others,Master+,"<200,000",Airtel Money,3,0.55,0.82,0.41,0.3,Xiaomi,China,Mid-Range,Used,429447,6.3,Online,Mobile Money,0,2,0.12,0.258,1.0,0.937,0.6,1.0,0.432,0.69,1
CUST_02198,31,Female,Dar es Salaam,Christian,Others,Diploma,"500,001-1,000,000",Tigo Pesa,5,0.31,0.66,0.65,0.5,Samsung,South Korea,Premium,New,2238966,8.3,Online,Mobile Money,0,2,0.0,0.54,1.0,0.803,1.0,1.0,0.443,0.45,1
CUST_01582,40,Female,Dodoma,Christian,Sukuma,No formal,"<200,000",M-Pesa,1,0.08,0.77,0.31,0.3,Oppo,China,Mid-Range,Used,161570,6.0,Online,Cash,0,2,0.689,0.186,1.0,0.667,0.6,1.0,0.537,0.73,1
CUST_01616,16,Male,Zanzibar,Other,Sukuma,No formal,"200,000-500,000",Tigo Pesa,5,0.5,0.98,0.35,0.5,Vivo,China,Mid-Range,New,536211,6.2,Physical Store,Cash,0,2,0.0,0.217,1.0,0.633,1.0,1.0,0.686,0.66,1
CUST_00291,42,Male,Dar es Salaam,Christian,Others,Secondary,"<200,000",Airtel Money,3,0.35,0.72,0.39,0.3,Samsung,South Korea,Premium,New,817846,8.2,Physical Store,Card,0,12,0.509,0.32,1.0,0.872,1.0,1.0,0.765,0.73,1
CUST_01422,26,Male,Dar es Salaam,Other,Sukuma,Primary,"500,001-1,000,000",Airtel Money,3,0.22,0.53,0.35,0.3,Samsung,South Korea,Premium,New,2232377,9.6,Physical Store,Mobile Money,0,11,0.014,0.336,1.0,0.747,1.0,1.0,0.55,0.53,1
CUST_00648,15,Female,Arusha,Christian,Others,Secondary,"500,001-1,000,000",Tigo Pesa,3,0.47,0.66,0.42,0.7,Apple,USA,Premium,New,991403,8.2,Mobile,Mobile Money,0,1,0.455,0.344,1.0,0.706,1.0,1.0,0.642,0.69,1
CUST_02409,15,Male,Arusha,Christian,Others,Primary,"<200,000",Tigo Pesa,2,0.19,0.84,0.34,0.0,Vivo,China,Mid-Range,New,433072,6.9,Physical Store,Mobile Money,1,2,0.091,0.235,1.0,0.975,1.0,1.0,0.522,0.73,1
CUST_01714,38,Female,Mbeya,Christian,Others,Diploma,"500,001-1,000,000",Airtel Money,3,0.37,0.57,0.67,0.0,Huawei,China,Premium,New,1759524,9.1,Physical Store,Mobile Money,0,2,0.164,0.61,1.0,0.555,1.0,1.0,0.579,0.59,1
CUST_04064,25,Female,Tanga,Christian,Haya,Bachelor,"500,001-1,000,000",M-Pesa,5,0.29,0.41,0.45,1.0,Vivo,China,Mid-Range,New,344122,6.2,Physical Store,Mobile Money,1,2,0.647,0.279,1.0,0.742,1.0,0.8,0.489,0.7,1
CUST_01063,42,Female,Tanga,Muslim,Others,No formal,"500,001-1,000,000",Airtel Money,4,0.35,0.55,0.67,0.5,Nokia,Finland,Mid-Range,New,413642,6.9,Physical Store,Mobile Money,1,2,0.431,0.462,0.9,0.998,1.0,1.0,0.713,0.73,1
CUST_02986,28,Male,Dar es Salaam,Christian,Sukuma,Bachelor,"<200,000",Tigo Pesa,5,0.21,0.8,0.49,0.3,Samsung,South Korea,Premium,New,1179635,8.3,Physical Store,Mobile Money,0,2,0.214,0.407,1.0,0.693,1.0,1.0,0.645,0.66,1
CUST_03307,27,Male,Mwanza,Christian,Others,Primary,"<200,000",Airtel Money,3,0.25,0.92,0.6,0.7,Samsung,South Korea,Premium,New,1755994,8.7,Online,Cash,0,2,0.0,0.522,1.0,1.124,1.0,1.0,0.63,0.57,1
CUST_02516,29,Male,Mwanza,Muslim,Others,Primary,"500,001-1,000,000",Tigo Pesa,4,0.14,0.42,0.46,0.3,Tecno,China,Mid-Range,New,555878,7.3,Physical Store,Mobile Money,0,2,0.416,0.336,0.9,0.567,1.0,1.0,0.564,0.73,1
CUST_03434,37,Female,Tanga,Christian,Sukuma,Primary,"200,000-500,000",Tigo Pesa,5,0.57,0.75,0.87,0.0,Samsung,South Korea,Premium,New,2303621,8.2,Mobile,Mobile Money,0,1,0.0,0.713,1.0,0.631,1.0,1.0,0.664,0.43,1
CUST_04904,25,Female,Zanzibar,Christian,Chagga,Primary,"500,001-1,000,000",Tigo Pesa,4,0.38,0.58,0.46,0.7,Oppo,China,Mid-Range,New,548280,7.5,Online,Cash,0,2,0.205,0.345,1.0,0.858,1.0,1.0,0.51,0.74,1
CUST_03943,33,Male,Arusha,Muslim,Sukuma,Primary,"500,001-1,000,000",Airtel Money,4,0.37,0.41,0.83,0.5,Infinix,China,Mid-Range,New,531026,7.1,Physical Store,Cash,1,1,0.456,0.589,0.9,0.883,1.0,1.0,0.701,0.72,1
CUST_04229,32,Female,Mwanza,Christian,Others,No formal,"<200,000",Halopesa,3,0.25,0.82,0.77,0.3,Oppo,China,Mid-Range,New,350577,7.7,Physical Store,Card,0,2,0.281,0.593,1.0,0.596,1.0,1.0,0.702,0.79,1
CUST_00930,29,Male,Mwanza,Christian,Others,Secondary,"<200,000",Tigo Pesa,4,0.53,0.97,0.49,0.7,Nokia,Finland,Mid-Range,New,481230,7.5,Online,Mobile Money,1,1,0.0,0.368,1.0,0.882,1.0,1.0,0.417,0.75,1
CUST_02320,21,Female,Dar es Salaam,Christian,Others,No formal,"200,000-500,000",Airtel Money,3,0.36,0.92,0.77,0.0,Samsung,South Korea,Premium,New,2084499,8.0,Physical Store,Mobile Money,0,2,0.0,0.616,1.0,0.876,1.0,1.0,0.662,0.46,1
CUST_01958,15,Male,Arusha,Muslim,Nyamwezi,Secondary,"500,001-1,000,000",Tigo Pesa,3,0.3,0.69,0.48,0.3,Samsung,South Korea,Premium,New,1906695,8.5,Physical Store,Mobile Money,0,2,0.0,0.408,0.9,1.082,1.0,1.0,0.674,0.53,1
CUST_03478,28,Female,Tanga,Christian,Others,Primary,"<200,000",Airtel Money,5,0.3,0.71,0.77,0.5,Nokia,Finland,Mid-Range,New,515319,7.4,Online,Mobile Money,1,2,0.085,0.57,1.0,0.95,1.0,1.0,0.728,0.74,1
CUST_03561,36,Male,Mwanza,Muslim,Chagga,Primary,"200,000-500,000",M-Pesa,3,0.12,0.96,0.5,0.3,Nokia,Finland,Mid-Range,New,380600,7.2,Mobile,Card,0,2,0.087,0.36,0.9,0.517,1.0,1.0,0.233,0.76,1
CUST_02440,29,Male,Arusha,Muslim,Sukuma,Diploma,"<200,000",Airtel Money,4,0.03,0.72,0.64,0.3,Nokia,Finland,Mid-Range,New,271773,6.6,Physical Store,Cash,0,2,0.511,0.422,0.9,0.723,1.0,1.0,0.598,0.74,1
CUST_01851,15,Female,Mwanza,Muslim,Nyamwezi,No formal,"200,000-500,000",M-Pesa,5,0.61,0.98,0.51,0.0,Samsung,South Korea,Premium,New,2261430,9.3,Physical Store,Mobile Money,0,2,0.0,0.474,0.9,1.04,1.0,1.0,0.417,0.51,1
CUST_02469,19,Male,Morogoro,Christian,Chagga,Primary,"200,000-500,000",Tigo Pesa,3,0.17,0.84,0.39,0.0,Nokia,Finland,Mid-Range,Used,449396,5.9,Online,Cash,0,2,0.056,0.23,1.0,0.52,0.6,1.0,0.297,0.66,1
CUST_04548,28,Female,Dodoma,Christian,Nyamwezi,Secondary,"200,000-500,000",Tigo Pesa,2,0.36,0.89,0.3,0.0,Samsung,South Korea,Premium,New,2126319,9.7,Online,Cash,1,2,0.0,0.291,1.0,1.131,1.0,1.0,0.512,0.56,1
CUST_01192,23,Male,Arusha,Christian,Others,Primary,"<200,000",Airtel Money,3,0.24,0.9,0.66,0.7,Oppo,China,Mid-Range,New,305664,8.0,Online,Cash,0,9,0.312,0.528,1.0,0.602,1.0,1.0,0.565,0.82,1
CUST_01523,27,Female,Mbeya,Christian,Others,No formal,"500,001-1,000,000",Tigo Pesa,3,0.51,0.53,0.51,0.0,Nokia,Finland,Mid-Range,New,311623,6.9,Physical Store,Mobile Money,0,2,0.587,0.352,1.0,0.961,1.0,1.0,0.798,0.75,1
CUST_04305,23,Female,Dar es Salaam,Christian,Haya,Secondary,"500,001-1,000,000",M-Pesa,3,0.32,0.57,0.31,0.3,Huawei,China,Premium,New,2069394,8.8,Mobile,Card,0,1,0.017,0.273,1.0,0.836,1.0,1.0,0.4,0.51,1
CUST_04999,15,Female,Tanga,Christian,Others,Diploma,"1,000,001-2,000,000",M-Pesa,3,0.35,0.41,0.74,0.7,Infinix,China,Mid-Range,New,375430,6.4,Online,Cash,1,12,0.615,0.474,1.0,0.715,1.0,1.0,0.882,0.71,1
CUST_00279,29,Male,Arusha,Muslim,Gogo,No formal,"200,000-500,000",None,3,0.16,0.96,0.6,0.5,Tecno,China,Mid-Range,New,510068,7.1,Physical Store,Cash,1,12,0.0,0.426,0.9,0.905,1.0,1.0,0.443,0.72,1
CUST_03114,16,Female,Mwanza,Muslim,Others,Diploma,"<200,000",Halopesa,3,0.12,0.84,0.54,0.3,Infinix,China,Mid-Range,New,552547,6.2,Mobile,Mobile Money,0,2,0.0,0.335,0.9,0.995,1.0,1.0,0.44,0.66,1
CUST_01525,29,Male,Dodoma,Christian,Others,Secondary,"200,000-500,000",M-Pesa,4,0.44,0.97,0.35,0.3,Oppo,China,Mid-Range,New,494286,7.5,Physical Store,Mobile Money,0,2,0.0,0.262,1.0,0.548,1.0,1.0,0.39,0.75,1
CUST_02979,27,Male,Dar es Salaam,Muslim,Others,Bachelor,"<200,000",Airtel Money,4,0.34,0.93,0.86,0.3,Infinix,China,Mid-Range,New,306710,7.5,Physical Store,Cash,0,2,0.287,0.645,0.9,0.581,1.0,1.0,0.444,0.79,1
CUST_03570,40,Male,Mwanza,Christian,Others,Secondary,"1,000,001-2,000,000",M-Pesa,2,0.16,0.2,0.59,0.3,Nokia,Finland,Mid-Range,New,527264,7.5,Physical Store,Cash,0,10,0.736,0.442,1.0,0.595,1.0,1.0,0.744,0.74,1
CUST_02320,21,Female,Dar es Salaam,Christian,Others,No formal,"200,000-500,000",Airtel Money,3,0.36,0.92,0.77,0.0,Huawei,China,Premium,New,1565502,8.2,Mobile,Cash,0,2,0.0,0.631,1.0,0.637,1.0,1.0,0.612,0.58,1
CUST_02752,15,Female,Arusha,Muslim,Others,Primary,"<200,000",Airtel Money,3,0.28,0.78,0.32,0.5,Samsung,South Korea,Premium,New,880163,9.5,Physical Store,Mobile Money,1,2,0.428,0.304,0.9,0.715,1.0,1.0,0.714,0.79,1
CUST_03011,22,Male,Mbeya,Christian,Nyamwezi,Primary,">2,000,000",Tigo Pesa,4,0.1,0.36,0.86,0.0,Huawei,China,Premium,New,1245011,9.7,Physical Store,Cash,0,1,0.626,0.834,1.0,0.976,1.0,1.0,0.796,0.73,1
CUST_04109,33,Male,Arusha,Christian,Others,Primary,"200,000-500,000",Airtel Money,3,0.19,0.77,0.79,0.5,Tecno,China,Mid-Range,New,568273,6.7,Online,Cash,0,2,0.0,0.529,1.0,0.823,1.0,1.0,0.365,0.69,1
CUST_02095,31,Female,Dar es Salaam,Christian,Others,No formal,"<200,000",M-Pesa,5,0.33,0.76,0.68,0.0,Nokia,Finland,Mid-Range,New,453002,7.2,Physical Store,Cash,0,2,0.139,0.49,1.0,0.688,1.0,1.0,0.519,0.74,1
CUST_00249,45,Female,Dar es Salaam,Muslim,Sukuma,Diploma,"1,000,001-2,000,000",Tigo Pesa,4,0.42,0.44,0.42,0.0,Tecno,China,Mid-Range,Used,380742,6.2,Online,Cash,0,12,0.581,0.26,0.9,0.513,0.6,1.0,0.691,0.7,1
CUST_03368,35,Female,Mwanza,Christian,Others,Secondary,"<200,000",Tigo Pesa,4,0.64,0.84,0.46,0.3,Infinix,China,Mid-Range,New,397795,7.7,Physical Store,Cash,0,1,0.165,0.354,1.0,0.863,1.0,1.0,0.481,0.78,1
CUST_01866,37,Female,Morogoro,Muslim,Makonde,Secondary,"500,001-1,000,000",M-Pesa,3,0.08,0.65,0.87,0.5,Apple,USA,Premium,New,2101476,9.6,Physical Store,Mobile Money,0,2,0.0,0.835,0.9,0.873,1.0,1.0,0.584,0.56,1
CUST_04755,34,Male,Dar es Salaam,Christian,Others,Secondary,"<200,000",M-Pesa,5,0.14,0.94,0.71,0.5,Infinix,China,Mid-Range,New,575064,7.2,Physical Store,Cash,0,2,0.0,0.511,1.0,0.735,1.0,1.0,0.535,0.72,1
CUST_00959,15,Female,Mbeya,Christian,Others,Secondary,">2,000,000",Tigo Pesa,4,0.03,0.5,0.47,0.5,Infinix,China,Mid-Range,New,472142,7.3,Physical Store,Card,0,2,0.41,0.343,1.0,0.576,1.0,1.0,0.411,0.74,1
CUST_04072,35,Female,Mwanza,Christian,Nyamwezi,Secondary,"<200,000",M-Pesa,3,0.08,0.79,0.67,0.3,Nokia,Finland,Mid-Range,New,399073,6.3,Mobile,Cash,1,2,0.212,0.422,1.0,0.632,1.0,1.0,0.528,0.7,1
CUST_04597,16,Female,Zanzibar,Christian,Sukuma,Bachelor,"<200,000",M-Pesa,4,0.37,0.85,0.62,0.3,Infinix,China,Mid-Range,New,568626,7.9,Physical Store,Mobile Money,0,2,0.0,0.49,1.0,0.936,1.0,1.0,0.556,0.76,1
CUST_03716,27,Female,Dar es Salaam,Muslim,Chagga,Primary,"<200,000",Tigo Pesa,5,0.26,0.97,0.55,0.7,Huawei,China,Premium,Used,449222,8.1,Physical Store,Cash,0,2,0.637,0.446,0.9,0.586,0.6,1.0,0.762,0.8,1
CUST_00650,23,Male,Mwanza,Christian,Others,Primary,"1,000,001-2,000,000",M-Pesa,1,0.29,0.23,0.5,0.5,Tecno,China,Mid-Range,Used,326721,5.6,Physical Store,Mobile Money,0,2,0.812,0.28,1.0,0.682,0.6,1.0,0.77,0.67,1
CUST_04220,15,Female,Dar es Salaam,Christian,Others,Secondary,"1,000,001-2,000,000",M-Pesa,1,0.25,0.36,0.68,0.3,Itel,China,Budget,Used,173380,4.1,Physical Store,Mobile Money,0,1,0.584,0.279,1.0,0.669,0.6,1.0,0.693,0.61,1
CUST_04718,16,Male,Zanzibar,Other,Sukuma,Diploma,"200,000-500,000",Tigo Pesa,4,0.22,0.85,0.62,0.3,Apple,USA,Premium,Used,815492,7.3,Physical Store,Mobile Money,1,2,0.422,0.453,1.0,0.785,0.6,1.0,0.691,0.67,0
CUST_01885,15,Male,Dar es Salaam,Muslim,Others,Primary,"<200,000",Halopesa,5,0.14,0.83,0.54,0.3,Infinix,China,Mid-Range,New,469360,6.1,Online,Cash,0,2,0.026,0.329,0.9,0.765,1.0,1.0,0.564,0.67,1
CUST_02274,28,Male,Dar es Salaam,Christian,Others,Secondary,"200,000-500,000",Airtel Money,4,0.11,0.8,0.51,0.7,Oppo,China,Mid-Range,New,351038,7.4,Physical Store,Cash,0,2,0.298,0.377,1.0,0.653,1.0,1.0,0.312,0.77,1
CUST_02080,27,Female,Mwanza,Muslim,Makonde,Secondary,"500,001-1,000,000",M-Pesa,1,0.35,0.48,0.72,0.5,Infinix,China,Mid-Range,New,278538,6.9,Physical Store,Mobile Money,0,2,0.666,0.497,0.9,0.685,1.0,1.0,0.828,0.76,1
CUST_03535,15,Female,Dodoma,Christian,Sukuma,Secondary,"200,000-500,000",Tigo Pesa,4,0.2,0.89,0.79,0.5,Apple,USA,Premium,Used,879702,8.3,Physical Store,Mobile Money,0,1,0.348,0.656,1.0,1.139,0.6,1.0,0.745,0.72,1
CUST_04666,27,Male,Mwanza,Christian,Others,Secondary,"500,001-1,000,000",Airtel Money,3,0.24,0.49,0.45,0.0,Huawei,China,Premium,New,1013274,9.7,Physical Store,Mobile Money,0,2,0.586,0.436,1.0,0.521,1.0,1.0,0.874,0.78,1
CUST_03461,36,Female,Arusha,Muslim,Others,Secondary,"200,000-500,000",M-Pesa,3,0.31,0.79,0.65,0.3,Huawei,China,Premium,New,2235829,8.8,Physical Store,Cash,0,2,0.0,0.572,0.9,0.702,1.0,1.0,0.429,0.48,1
CUST_04123,19,Female,Mwanza,Muslim,Others,Diploma,"200,000-500,000",Halopesa,4,0.16,0.83,0.78,0.3,Huawei,China,Premium,New,1261999,9.7,Physical Store,Mobile Money,0,1,0.127,0.757,0.9,0.789,1.0,1.0,0.658,0.73,1
CUST_00531,28,Female,Zanzibar,Christian,Others,Diploma,"1,000,001-2,000,000",M-Pesa,1,0.88,0.33,0.62,0.0,Itel,China,Budget,New,191790,5.3,Online,Cash,0,1,0.578,0.329,1.0,0.731,1.0,1.0,0.657,0.68,1
CUST_03787,22,Male,Dar es Salaam,Muslim,Others,Primary,"<200,000",Airtel Money,2,0.27,0.86,0.75,0.3,Itel,China,Budget,New,150711,6.3,Physical Store,Cash,0,10,0.136,0.473,0.9,0.782,1.0,1.0,0.363,0.75,1
CUST_00770,35,Male,Dar es Salaam,Christian,Nyamwezi,Secondary,"500,001-1,000,000",M-Pesa,3,0.2,0.69,0.41,0.5,Oppo,China,Mid-Range,New,356174,7.6,Physical Store,Mobile Money,1,2,0.386,0.312,1.0,0.544,1.0,1.0,0.657,0.78,1
CUST_00717,36,Female,Dar es Salaam,Christian,Sukuma,Secondary,"200,000-500,000",M-Pesa,2,0.07,0.75,0.82,0.5,Samsung,South Korea,Premium,New,1324880,8.9,Online,Cash,0,2,0.172,0.73,1.0,1.051,1.0,1.0,0.71,0.67,1
CUST_00485,28,Male,Morogoro,Christian,Chagga,Secondary,"500,001-1,000,000",M-Pesa,5,0.19,0.73,0.36,0.7,Vivo,China,Mid-Range,New,569771,7.6,Physical Store,Mobile Money,1,2,0.0,0.274,1.0,0.709,1.0,1.0,0.458,0.74,1
CUST_03092,32,Male,Mbeya,Christian,Makonde,Primary,"200,000-500,000",Halopesa,2,0.15,0.87,0.4,0.3,Vivo,China,Mid-Range,New,263543,6.2,Physical Store,Card,0,11,0.427,0.248,1.0,0.695,1.0,1.0,0.688,0.72,1
CUST_04199,32,Male,Mwanza,Muslim,Others,Primary,"<200,000",M-Pesa,2,0.14,0.77,0.64,0.0,Infinix,China,Mid-Range,New,522387,7.2,Physical Store,Mobile Money,1,11,0.0,0.461,0.9,0.673,1.0,1.0,0.452,0.73,1
CUST_00033,29,Female,Mbeya,Muslim,Others,Diploma,"200,000-500,000",M-Pesa,1,0.3,0.74,0.31,0.3,Apple,USA,Premium,New,1245939,9.5,Physical Store,Cash,0,1,0.232,0.294,0.9,1.024,1.0,1.0,0.627,0.72,1
CUST_03791,41,Female,Dodoma,Muslim,Nyamwezi,Diploma,"1,000,001-2,000,000",M-Pesa,3,0.32,0.24,0.9,0.0,Apple,USA,Premium,New,734957,8.5,Online,Mobile Money,1,2,0.853,0.765,0.9,0.61,1.0,1.0,0.777,0.76,0
CUST_01638,27,Female,Dar es Salaam,Christian,Gogo,Secondary,"<200,000",Tigo Pesa,4,0.18,0.98,0.65,0.3,Infinix,China,Mid-Range,Used,407399,6.1,Physical Store,Mobile Money,0,2,0.002,0.396,1.0,0.749,0.6,1.0,0.401,0.68,1
CUST_04759,33,Female,Dodoma,Christian,Others,Secondary,"500,001-1,000,000",M-Pesa,1,0.31,0.78,0.61,0.0,Infinix,China,Mid-Range,New,502807,6.4,Mobile,Cash,0,1,0.02,0.39,1.0,0.536,1.0,1.0,0.4,0.68,1
CUST_00492,41,Female,Dar es Salaam,Christian,Others,Primary,"<200,000",M-Pesa,3,0.07,0.82,0.32,0.3,Tecno,China,Mid-Range,New,385998,7.5,Online,Card,0,2,0.209,0.24,1.0,0.733,1.0,1.0,0.588,0.77,1
CUST_01597,34,Female,Dar es Salaam,Christian,Others,Primary,"<200,000",Airtel Money,3,0.11,0.87,0.38,0.3,Samsung,South Korea,Premium,New,1991105,9.3,Physical Store,Mobile Money,1,2,0.0,0.353,1.0,1.182,1.0,1.0,0.491,0.56,1
CUST_02137,15,Male,Arusha,Christian,Sukuma,Secondary,"500,001-1,000,000",Halopesa,3,0.3,0.69,0.55,0.5,Tecno,China,Mid-Range,Used,277028,6.5,Online,Mobile Money,0,2,0.522,0.358,1.0,0.864,0.6,1.0,0.505,0.73,1
CUST_03293,33,Male,Zanzibar,Christian,Others,Secondary,"<200,000",M-Pesa,2,0.1,0.91,0.65,1.0,Infinix,China,Mid-Range,New,308554,6.1,Physical Store,Mobile Money,0,2,0.298,0.396,1.0,0.549,1.0,0.8,0.675,0.7,1
CUST_02128,15,Female,Dodoma,Christian,Sukuma,Secondary,">2,000,000",M-Pesa,3,0.07,0.19,0.6,0.0,Samsung,South Korea,Premium,New,1727858,9.8,Physical Store,Mobile Money,0,2,0.726,0.588,1.0,1.003,1.0,1.0,0.806,0.64,1
CUST_00996,29,Male,Arusha,Muslim,Others,Bachelor,"500,001-1,000,000",M-Pesa,2,0.34,0.73,0.77,0.7,Itel,China,Budget,New,178557,5.7,Physical Store,Mobile Money,0,2,0.131,0.439,0.9,0.87,1.0,1.0,0.591,0.71,1
CUST_00390,37,Female,Arusha,Christian,Sukuma,Secondary,"<200,000",Tigo Pesa,3,0.55,0.91,0.52,0.0,Samsung,South Korea,Premium,New,1014341,9.4,Online,Mobile Money,0,2,0.231,0.489,1.0,0.694,1.0,1.0,0.662,0.76,1
CUST_04494,28,Female,Mwanza,Christian,Others,Secondary,"<200,000",Airtel Money,1,0.5,0.72,0.33,0.3,Samsung,South Korea,Premium,New,1735493,9.7,Physical Store,Cash,0,2,0.0,0.32,1.0,0.853,1.0,1.0,0.604,0.63,1
CUST_00769,26,Female,Mbeya,Christian,Others,Secondary,"200,000-500,000",Tigo Pesa,4,0.17,0.7,0.32,0.7,Tecno,China,Mid-Range,New,360985,7.1,Online,Cash,0,12,0.368,0.227,1.0,0.7,1.0,1.0,0.619,0.75,1
CUST_00307,36,Male,Dodoma,Muslim,Chagga,Diploma,"200,000-500,000",M-Pesa,4,0.27,1.0,0.43,0.0,Infinix,China,Mid-Range,New,575067,6.8,Physical Store,Mobile Money,1,12,0.0,0.292,0.9,0.702,1.0,1.0,0.511,0.69,1
CUST_02491,25,Male,Mbeya,Christian,Others,Master+,"<200,000",None,4,0.35,0.8,0.49,0.7,Tecno,China,Mid-Range,New,446560,6.2,Mobile,Cash,1,1,0.107,0.304,1.0,0.603,1.0,1.0,0.381,0.68,1
CUST_00390,37,Female,Arusha,Christian,Sukuma,Secondary,"<200,000",Tigo Pesa,3,0.55,0.91,0.52,0.0,Samsung,South Korea,Premium,New,735685,9.1,Physical Store,Mobile Money,0,2,0.442,0.473,1.0,0.882,1.0,1.0,0.527,0.8,1
CUST_03549,26,Male,Dar es Salaam,Other,Sukuma,No formal,"<200,000",None,4,0.13,0.78,0.67,0.5,Samsung,South Korea,Premium,New,1202380,9.3,Physical Store,Cash,1,2,0.218,0.623,1.0,1.06,1.0,1.0,0.65,0.72,1
CUST_00113,38,Male,Tanga,Muslim,Others,Secondary,"<200,000",M-Pesa,4,0.51,0.92,0.67,0.0,Samsung,South Korea,Premium,New,1496176,9.0,Physical Store,Cash,0,2,0.0,0.603,0.9,1.148,1.0,1.0,0.566,0.64,1
CUST_03430,15,Male,Arusha,Muslim,Others,No formal,"500,001-1,000,000",Tigo Pesa,4,0.46,0.61,0.52,0.0,Samsung,South Korea,Premium,New,2164853,9.5,Physical Store,Mobile Money,0,12,0.0,0.494,0.9,0.733,1.0,1.0,0.641,0.54,1
CUST_01633,22,Male,Dar es Salaam,Muslim,Others,Primary,"200,000-500,000",Tigo Pesa,3,0.19,0.84,0.72,0.3,Samsung,South Korea,Premium,New,1766905,8.8,Physical Store,Mobile Money,0,2,0.0,0.634,0.9,1.111,1.0,1.0,0.536,0.57,1
CUST_03798,35,Male,Mbeya,Christian,Others,Secondary,"<200,000",Airtel Money,2,0.26,0.72,0.86,0.0,Apple,USA,Premium,New,2076902,9.9,Online,Mobile Money,0,2,0.0,0.851,1.0,1.187,1.0,1.0,0.648,0.58,1
CUST_02296,22,Female,Dar es Salaam,Christian,Others,Bachelor,"<200,000",M-Pesa,5,0.04,0.84,0.81,0.0,Itel,China,Budget,Used,44196,5.2,Physical Store,Mobile Money,1,11,0.753,0.421,1.0,0.897,0.6,1.0,0.756,0.7,1
CUST_04950,31,Male,Arusha,Christian,Chagga,Primary,"500,001-1,000,000",Airtel Money,4,0.39,0.53,0.53,0.7,Nokia,Finland,Mid-Range,New,373491,7.4,Physical Store,Mobile Money,1,2,0.505,0.392,1.0,0.846,1.0,1.0,0.684,0.77,0
CUST_01574,33,Female,Dar es Salaam,Muslim,Haya,Secondary,"<200,000",Airtel Money,2,0.68,0.94,0.77,0.3,Samsung,South Korea,Premium,New,2466696,9.2,Online,Cash,0,12,0.0,0.708,0.9,0.804,1.0,1.0,0.588,0.46,1
CUST_02250,22,Male,Dodoma,Christian,Others,Primary,"500,001-1,000,000",M-Pesa,5,0.17,0.75,0.4,0.7,Vivo,China,Mid-Range,New,455829,6.4,Online,Cash,0,2,0.145,0.256,1.0,0.606,1.0,1.0,0.461,0.69,0
CUST_03868,43,Female,Mbeya,Christian,Others,Diploma,"200,000-500,000",None,4,0.48,0.82,0.87,0.3,Xiaomi,China,Mid-Range,New,546203,6.6,Online,Card,0,11,0.0,0.574,1.0,0.656,1.0,1.0,0.592,0.69,1
CUST_03968,18,Female,Dar es Salaam,Muslim,Others,Primary,"<200,000",M-Pesa,4,0.21,0.99,0.69,0.3,Vivo,China,Mid-Range,New,446201,7.8,Mobile,Card,1,2,0.0,0.538,0.9,0.689,1.0,1.0,0.437,0.78,1
CUST_04131,42,Male,Dodoma,Muslim,Nyamwezi,Primary,"200,000-500,000",Airtel Money,4,0.55,0.86,0.6,0.0,Apple,USA,Premium,New,1831400,9.5,Physical Store,Mobile Money,1,1,0.0,0.57,0.9,0.776,1.0,1.0,0.449,0.6,0
CUST_02540,21,Female,Mbeya,Christian,Others,Secondary,"500,001-1,000,000",M-Pesa,2,0.21,0.71,0.61,0.3,Tecno,China,Mid-Range,New,590505,6.8,Physical Store,Cash,0,2,0.0,0.415,1.0,0.822,1.0,1.0,0.454,0.69,1
CUST_04043,20,Male,Tanga,Christian,Others,Diploma,"500,001-1,000,000",M-Pesa,3,0.05,0.66,0.83,0.3,Huawei,China,Premium,New,2123031,8.2,Physical Store,Cash,0,1,0.0,0.681,1.0,0.776,1.0,1.0,0.408,0.47,1
CUST_01064,15,Male,Mwanza,Christian,Gogo,Diploma,"200,000-500,000",M-Pesa,3,0.62,0.72,0.88,0.3,Samsung,South Korea,Premium,New,1364207,9.6,Physical Store,Cash,1,2,0.181,0.845,1.0,1.18,1.0,1.0,0.91,0.7,1
CUST_03518,20,Male,Mwanza,Muslim,Chagga,Primary,"200,000-500,000",Airtel Money,3,0.37,0.97,0.31,0.5,Infinix,China,Mid-Range,New,411443,7.2,Physical Store,Mobile Money,0,2,0.002,0.223,0.9,0.743,1.0,1.0,0.351,0.75,1
CUST_03552,35,Male,Tanga,Christian,Others,Secondary,"200,000-500,000",M-Pesa,3,0.15,0.72,0.66,0.5,Samsung,South Korea,Premium,New,1502127,8.5,Mobile,Card,1,12,0.099,0.561,1.0,0.674,1.0,1.0,0.408,0.61,1
CUST_03378,34,Male,Mwanza,Christian,Nyamwezi,No formal,"500,001-1,000,000",Tigo Pesa,4,0.24,0.75,0.65,0.5,Vivo,China,Mid-Range,New,257108,7.4,Physical Store,Mobile Money,0,1,0.518,0.481,1.0,0.869,1.0,1.0,0.699,0.79,1
CUST_01967,34,Male,Mwanza,Christian,Others,Diploma,"<200,000",M-Pesa,2,0.16,0.87,0.43,0.3,Apple,USA,Premium,New,2005458,8.1,Physical Store,Cash,0,1,0.0,0.348,1.0,0.983,1.0,1.0,0.407,0.48,1
CUST_04982,31,Male,Dodoma,Christian,Sukuma,Secondary,"500,001-1,000,000",M-Pesa,3,0.28,0.75,0.58,0.3,Apple,USA,Premium,Used,1079403,7.0,Online,Mobile Money,0,2,0.325,0.406,1.0,0.936,0.6,1.0,0.736,0.6,1
CUST_00133,22,Male,Mbeya,Christian,Nyamwezi,Secondary,"200,000-500,000",Tigo Pesa,2,0.53,0.96,0.7,0.5,Huawei,China,Premium,New,2493467,9.1,Physical Store,Cash,1,2,0.0,0.637,1.0,0.595,1.0,1.0,0.429,0.45,1
CUST_00311,42,Male,Dar es Salaam,Christian,Makonde,Primary,"200,000-500,000",M-Pesa,3,0.41,0.82,0.6,0.0,Samsung,South Korea,Premium,New,2262515,9.1,Physical Store,Mobile Money,0,2,0.0,0.546,1.0,0.809,1.0,1.0,0.698,0.49,1
CUST_02035,15,Male,Dar es Salaam,Muslim,Others,Primary,"200,000-500,000",Tigo Pesa,1,0.3,0.95,0.77,1.0,Vivo,China,Mid-Range,New,346199,6.1,Physical Store,Card,0,2,0.178,0.47,0.9,0.777,1.0,0.8,0.419,0.7,0
CUST_04895,33,Male,Mwanza,Muslim,Chagga,Primary,"200,000-500,000",M-Pesa,4,0.09,0.95,0.48,0.3,Itel,China,Budget,New,201628,5.9,Physical Store,Cash,0,1,0.0,0.283,0.9,0.508,1.0,1.0,0.388,0.71,1
CUST_02827,27,Male,Arusha,Muslim,Others,Bachelor,"500,001-1,000,000",M-Pesa,3,0.48,0.72,0.7,0.3,Vivo,China,Mid-Range,New,502614,6.6,Physical Store,Mobile Money,1,11,0.095,0.462,0.9,0.917,1.0,1.0,0.491,0.7,1
CUST_03285,41,Male,Dar es Salaam,Christian,Chagga,Secondary,"1,000,001-2,000,000",Airtel Money,1,0.16,0.26,0.54,0.5,Infinix,China,Mid-Range,Used,306993,6.7,Physical Store,Mobile Money,0,2,0.8,0.362,1.0,0.942,0.6,1.0,0.831,0.74,1
CUST_01233,51,Male,Morogoro,Christian,Others,Bachelor,"200,000-500,000",Tigo Pesa,5,0.27,0.76,0.54,0.3,Itel,China,Budget,New,209188,4.9,Physical Store,Cash,0,2,0.0,0.265,1.0,0.571,1.0,1.0,0.486,0.65,1
CUST_00702,47,Male,Morogoro,Christian,Sukuma,Diploma,"500,001-1,000,000",Halopesa,3,0.39,0.47,0.31,0.5,Apple,USA,Premium,New,636002,8.7,Physical Store,Cash,1,1,0.751,0.27,1.0,0.828,1.0,1.0,0.83,0.79,1
CUST_01436,31,Female,Mwanza,Other,Others,Secondary,"200,000-500,000",Tigo Pesa,2,0.12,0.81,0.73,0.5,Infinix,China,Mid-Range,New,479769,7.3,Mobile,Card,1,12,0.028,0.533,1.0,0.903,1.0,1.0,0.571,0.74,1
CUST_00126,36,Female,Dar es Salaam,Muslim,Others,Primary,">2,000,000",M-Pesa,2,0.18,0.28,0.67,0.0,Itel,China,Budget,New,155527,6.4,Online,Mobile Money,0,2,0.71,0.429,0.9,0.984,1.0,1.0,0.66,0.75,1
CUST_04140,32,Female,Tanga,Christian,Others,No formal,"200,000-500,000",M-Pesa,1,0.26,0.72,0.85,0.5,Samsung,South Korea,Premium,New,654421,9.9,Physical Store,Cash,0,2,0.607,0.842,1.0,0.808,1.0,1.0,0.583,0.86,1
CUST_03464,32,Female,Mbeya,Christian,Others,Primary,"500,001-1,000,000",None,2,0.34,0.45,0.32,0.0,Nokia,Finland,Mid-Range,New,390213,6.4,Physical Store,Mobile Money,1,2,0.561,0.205,1.0,0.521,1.0,1.0,0.587,0.71,1
CUST_02568,19,Female,Mwanza,Christian,Others,No formal,"500,001-1,000,000",Tigo Pesa,3,0.35,0.44,0.62,0.5,Itel,China,Budget,New,223387,5.0,Physical Store,Card,0,12,0.345,0.31,1.0,0.653,1.0,1.0,0.549,0.66,1
CUST_03356,15,Female,Arusha,Christian,Others,Bachelor,"200,000-500,000",Airtel Money,3,0.2,0.72,0.36,0.3,Infinix,China,Mid-Range,New,282015,6.7,Mobile,Mobile Money,0,1,0.492,0.241,1.0,0.839,1.0,1.0,0.812,0.75,1
CUST_02969,32,Female,Morogoro,Christian,Nyamwezi,No formal,"200,000-500,000",Airtel Money,3,0.3,0.82,0.48,0.5,Apple,USA,Premium,New,1759920,9.9,Physical Store,Cash,0,1,0.0,0.475,1.0,0.806,1.0,1.0,0.471,0.64,0
CUST_00836,15,Female,Mbeya,Christian,Others,Primary,"200,000-500,000",M-Pesa,1,0.32,0.89,0.51,0.5,Infinix,China,Mid-Range,New,272099,6.3,Online,Mobile Money,0,1,0.395,0.321,1.0,0.506,1.0,1.0,0.503,0.72,1
CUST_02828,24,Male,Morogoro,Christian,Others,No formal,"200,000-500,000",None,4,0.12,0.8,0.7,0.7,Nokia,Finland,Mid-Range,New,296932,6.9,Physical Store,Cash,1,2,0.406,0.483,1.0,0.691,1.0,1.0,0.612,0.75,1
CUST_02246,15,Male,Dodoma,Christian,Others,Secondary,"1,000,001-2,000,000",M-Pesa,3,0.37,0.4,0.8,0.7,Nokia,Finland,Mid-Range,New,303368,7.7,Mobile,Cash,0,2,0.697,0.616,1.0,0.944,1.0,1.0,0.699,0.8,1
CUST_02992,49,Female,Mwanza,Muslim,Others,No formal,"500,001-1,000,000",M-Pesa,1,0.18,0.72,0.67,0.3,Xiaomi,China,Mid-Range,New,543847,6.9,Online,Cash,0,2,0.021,0.462,0.9,0.945,1.0,1.0,0.403,0.71,1
CUST_00219,25,Female,Dar es Salaam,Muslim,Sukuma,Primary,"<200,000",M-Pesa,4,0.55,0.77,0.71,0.5,Tecno,China,Mid-Range,New,572786,7.7,Physical Store,Cash,0,2,0.0,0.547,0.9,0.852,1.0,1.0,0.595,0.75,1
CUST_04029,36,Male,Dar es Salaam,Christian,Others,Secondary,"500,001-1,000,000",Halopesa,2,0.27,0.74,0.87,0.0,Tecno,China,Mid-Range,New,554123,7.2,Physical Store,Cash,0,2,0.0,0.626,1.0,0.774,1.0,1.0,0.779,0.72,1
CUST_02672,30,Male,Dar es Salaam,Christian,Others,No formal,"<200,000",Tigo Pesa,4,0.42,0.93,0.47,0.3,Samsung,South Korea,Premium,New,1985192,8.7,Online,Mobile Money,0,2,0.0,0.409,1.0,0.773,1.0,1.0,0.543,0.52,1
CUST_04285,15,Female,Mbeya,Christian,Makonde,Bachelor,"500,001-1,000,000",Tigo Pesa,1,0.22,0.71,0.81,0.3,Huawei,China,Premium,New,2162751,9.2,Physical Store,Mobile Money,0,1,0.0,0.745,1.0,0.907,1.0,1.0,0.372,0.52,1
CUST_04910,30,Female,Mbeya,Christian,Others,No formal,"500,001-1,000,000",Airtel Money,4,0.16,0.66,0.68,0.5,Samsung,South Korea,Premium,New,1063241,9.9,Online,Cash,0,2,0.415,0.673,1.0,0.798,1.0,1.0,0.819,0.78,1
CUST_02357,37,Female,Mbeya,Christian,Sukuma,Primary,"<200,000",Tigo Pesa,5,0.84,0.88,0.62,0.5,Apple,USA,Premium,New,927159,9.0,Physical Store,Cash,1,11,0.32,0.558,1.0,1.152,1.0,1.0,0.671,0.75,1
CUST_03500,32,Male,Arusha,Christian,Makonde,Bachelor,"1,000,001-2,000,000",M-Pesa,4,0.41,0.21,0.88,0.5,Nokia,Finland,Mid-Range,New,456773,6.7,Physical Store,Cash,0,2,0.76,0.59,1.0,0.622,1.0,1.0,0.887,0.71,1
CUST_01508,19,Female,Dar es Salaam,Other,Others,Primary,"<200,000",Airtel Money,5,0.44,0.83,0.55,0.5,Huawei,China,Premium,New,2102677,10.0,Mobile,Cash,0,1,0.0,0.55,1.0,0.898,1.0,1.0,0.651,0.58,1
CUST_03221,32,Male,Dar es Salaam,Christian,Others,Secondary,"<200,000",Tigo Pesa,3,0.31,0.78,0.37,0.3,Samsung,South Korea,Premium,New,1508455,9.8,Online,Mobile Money,0,2,0.02,0.363,1.0,0.63,1.0,1.0,0.531,0.69,1
CUST_02805,28,Female,Dar es Salaam,Muslim,Others,Secondary,"200,000-500,000",Tigo Pesa,3,0.31,0.95,0.37,0.5,Tecno,China,Mid-Range,New,381941,7.8,Physical Store,Cash,0,2,0.093,0.289,0.9,0.528,1.0,1.0,0.331,0.79,1
CUST_03513,19,Female,Zanzibar,Christian,Gogo,Primary,"500,001-1,000,000",Halopesa,4,0.19,0.72,0.68,0.3,Samsung,South Korea,Premium,Used,885754,8.7,Physical Store,Cash,1,2,0.469,0.592,1.0,0.655,0.6,1.0,0.603,0.74,1
CUST_00070,28,Male,Dar es Salaam,Christian,Others,Secondary,"200,000-500,000",Airtel Money,2,0.23,0.89,0.86,0.0,Nokia,Finland,Mid-Range,New,592340,6.2,Physical Store,Card,0,2,0.0,0.533,1.0,0.765,1.0,1.0,0.416,0.65,0
CUST_01974,31,Female,Zanzibar,Christian,Sukuma,Bachelor,"200,000-500,000",Halopesa,3,0.33,0.79,0.83,0.5,Samsung,South Korea,Premium,New,2241036,8.6,Physical Store,Cash,0,2,0.0,0.714,1.0,0.871,1.0,1.0,0.666,0.47,1
CUST_00121,16,Female,Zanzibar,Other,Others,No formal,"200,000-500,000",M-Pesa,4,0.09,0.99,0.67,0.3,Apple,USA,Premium,New,1132675,9.4,Physical Store,Mobile Money,1,2,0.066,0.63,1.0,0.704,1.0,1.0,0.701,0.74,1
CUST_02890,15,Female,Dar es Salaam,Christian,Others,Diploma,">2,000,000",M-Pesa,3,0.06,0.49,0.63,0.0,Itel,China,Budget,Used,51299,4.6,Mobile,Cash,1,2,0.832,0.29,1.0,0.624,0.6,1.0,0.817,0.67,1
CUST_02037,29,Male,Dodoma,Christian,Nyamwezi,Secondary,"200,000-500,000",Airtel Money,1,0.39,0.83,0.51,0.0,Infinix,China,Mid-Range,New,381580,7.1,Physical Store,Cash,1,2,0.208,0.362,1.0,0.875,1.0,1.0,0.537,0.75,1
CUST_04012,34,Male,Morogoro,Christian,Others,Primary,"200,000-500,000",Airtel Money,2,0.19,0.87,0.52,0.3,Apple,USA,Premium,New,1017648,8.7,Physical Store,Cash,0,10,0.262,0.452,1.0,0.852,1.0,1.0,0.73,0.72,1
CUST_02013,34,Male,Arusha,Christian,Gogo,Primary,"<200,000",M-Pesa,4,0.25,0.92,0.43,0.0,Huawei,China,Premium,New,1212642,9.3,Online,Cash,0,12,0.07,0.4,1.0,0.971,1.0,1.0,0.386,0.72,1
CUST_01110,46,Male,Dodoma,Other,Others,Primary,"<200,000",M-Pesa,2,0.44,0.98,0.6,0.7,Nokia,Finland,Mid-Range,New,324929,6.7,Physical Store,Mobile Money,0,2,0.204,0.402,1.0,0.906,1.0,1.0,0.504,0.74,1
CUST_04659,32,Female,Mwanza,Christian,Others,Secondary,"500,001-1,000,000",Tigo Pesa,5,0.48,0.42,0.88,0.7,Vivo,China,Mid-Range,New,354685,7.2,Physical Store,Mobile Money,0,2,0.628,0.634,1.0,0.975,1.0,1.0,0.85,0.76,1
CUST_03857,32,Female,Dodoma,Muslim,Others,Diploma,"<200,000",M-Pesa,3,0.15,0.94,0.42,0.5,Vivo,China,Mid-Range,New,280091,7.7,Physical Store,Mobile Money,0,2,0.342,0.323,0.9,0.775,1.0,1.0,0.498,0.81,1
CUST_04731,19,Female,Mwanza,Christian,Others,No formal,"<200,000",Halopesa,4,0.36,0.77,0.7,0.3,Tecno,China,Mid-Range,New,494485,6.9,Online,Mobile Money,1,1,0.048,0.483,1.0,0.651,1.0,1.0,0.542,0.72,1
CUST_01864,25,Male,Mwanza,Christian,Sukuma,No formal,"200,000-500,000",Airtel Money,4,0.05,0.84,0.42,0.0,Huawei,China,Premium,New,1996326,8.6,Physical Store,Cash,0,12,0.0,0.361,1.0,0.667,1.0,1.0,0.282,0.52,1
CUST_02310,48,Male,Mwanza,Christian,Others,Diploma,"500,001-1,000,000",M-Pesa,2,0.33,0.5,0.47,0.5,Samsung,South Korea,Premium,New,2043024,9.4,Physical Store,Card,0,2,0.149,0.442,1.0,1.114,1.0,1.0,0.541,0.56,1
CUST_00692,20,Female,Mbeya,Christian,Nyamwezi,Secondary,">2,000,000",None,3,0.16,0.33,0.8,0.5,Huawei,China,Premium,New,1460881,8.6,Physical Store,Cash,0,2,0.598,0.688,1.0,0.946,1.0,1.0,0.629,0.62,1
CUST_00678,54,Female,Dar es Salaam,Christian,Chagga,Primary,"500,001-1,000,000",Tigo Pesa,4,0.44,0.67,0.3,0.3,Nokia,Finland,Mid-Range,New,463495,7.6,Physical Store,Cash,0,1,0.224,0.228,1.0,0.996,1.0,1.0,0.695,0.76,1
CUST_04884,33,Male,Dodoma,Muslim,Chagga,Bachelor,"500,001-1,000,000",M-Pesa,3,0.39,0.57,0.77,0.3,Infinix,China,Mid-Range,New,556905,6.6,Physical Store,Cash,0,1,0.206,0.508,0.9,0.867,1.0,1.0,0.745,0.68,1
CUST_00915,15,Female,Dodoma,Muslim,Others,No formal,"1,000,001-2,000,000",M-Pesa,4,0.25,0.12,0.78,0.0,Apple,USA,Premium,New,1227224,8.6,Mobile,Mobile Money,0,2,0.877,0.671,0.9,0.954,1.0,1.0,0.789,0.67,1
CUST_00484,15,Male,Arusha,Muslim,Sukuma,No formal,"1,000,001-2,000,000",Halopesa,2,0.37,0.37,0.34,0.3,Huawei,China,Premium,New,1491855,8.2,Mobile,Cash,0,9,0.54,0.279,0.9,0.81,1.0,1.0,0.665,0.59,0
CUST_03416,33,Male,Arusha,Muslim,Others,Diploma,"200,000-500,000",Tigo Pesa,3,0.36,0.93,0.73,0.3,Nokia,Finland,Mid-Range,New,262031,7.2,Physical Store,Cash,0,2,0.391,0.526,0.9,0.982,1.0,1.0,0.606,0.78,1
CUST_01845,38,Female,Dodoma,Other,Haya,Secondary,"500,001-1,000,000",M-Pesa,2,0.18,0.8,0.72,0.5,Samsung,South Korea,Premium,New,1683092,9.6,Physical Store,Card,1,2,0.0,0.691,1.0,0.712,1.0,1.0,0.541,0.64,1
CUST_02688,24,Female,Mbeya,Muslim,Sukuma,Primary,"<200,000",Tigo Pesa,3,0.28,0.8,0.6,0.3,Tecno,China,Mid-Range,New,412816,6.6,Physical Store,Mobile Money,0,11,0.174,0.396,0.9,0.88,1.0,1.0,0.52,0.71,0
CUST_00047,23,Male,Zanzibar,Muslim,Others,Primary,"<200,000",Halopesa,3,0.38,0.88,0.6,0.5,Nokia,Finland,Mid-Range,New,544609,7.7,Physical Store,Cash,1,11,0.0,0.462,0.9,0.959,1.0,1.0,0.65,0.75,1
CUST_02797,41,Female,Dodoma,Muslim,Others,Primary,"<200,000",Airtel Money,1,0.03,0.93,0.34,0.7,Xiaomi,China,Mid-Range,Used,369257,5.4,Physical Store,Cash,1,2,0.141,0.184,0.9,0.781,0.6,1.0,0.338,0.65,1
CUST_00433,17,Male,Mwanza,Christian,Haya,Bachelor,"500,001-1,000,000",M-Pesa,3,0.16,0.64,0.64,0.0,Tecno,China,Mid-Range,New,334861,6.3,Physical Store,Cash,0,2,0.464,0.403,1.0,0.648,1.0,1.0,0.618,0.71,1
CUST_03192,22,Male,Dar es Salaam,Christian,Haya,Secondary,"<200,000",Tigo Pesa,5,0.11,0.77,0.84,0.3,Huawei,China,Premium,Used,1289992,8.4,Online,Card,0,2,0.172,0.706,1.0,0.577,0.6,1.0,0.6,0.65,1
CUST_04501,15,Female,Mwanza,Muslim,Others,Secondary,"<200,000",Airtel Money,4,0.69,0.73,0.53,0.7,Itel,China,Budget,Used,191424,5.0,Physical Store,Cash,0,1,0.068,0.265,0.9,0.609,0.6,1.0,0.453,0.66,1
CUST_04076,22,Female,Mbeya,Christian,Others,Primary,">2,000,000",Halopesa,5,0.49,0.48,0.39,0.0,Nokia,Finland,Mid-Range,Used,292171,5.5,Mobile,Cash,0,1,0.649,0.215,1.0,0.565,0.6,1.0,0.703,0.67,1
CUST_00822,38,Female,Mbeya,Christian,Others,Primary,"<200,000",Tigo Pesa,3,0.09,0.9,0.36,0.3,Apple,USA,Premium,New,1717686,9.2,Physical Store,Mobile Money,0,2,0.0,0.331,1.0,1.084,1.0,1.0,0.492,0.61,1
CUST_03412,26,Female,Mwanza,Muslim,Others,No formal,"200,000-500,000",M-Pesa,2,0.04,0.88,0.46,0.3,Itel,China,Budget,New,121256,5.1,Mobile,Mobile Money,0,2,0.289,0.235,0.9,0.546,1.0,1.0,0.479,0.68,1
CUST_00413,39,Male,Zanzibar,Christian,Sukuma,No formal,"1,000,001-2,000,000",Tigo Pesa,3,0.15,0.45,0.7,0.0,Huawei,China,Premium,New,723917,8.3,Physical Store,Mobile Money,0,2,0.729,0.581,1.0,0.835,1.0,1.0,0.776,0.75,1
CUST_02692,18,Female,Dar es Salaam,Muslim,Chagga,Primary,"<200,000",M-Pesa,2,0.12,0.95,0.47,0.3,Apple,USA,Premium,New,2032742,8.7,Physical Store,Cash,0,2,0.0,0.409,0.9,1.156,1.0,1.0,0.436,0.52,0
CUST_00765,25,Male,Mbeya,Christian,Sukuma,Bachelor,"500,001-1,000,000",Airtel Money,3,0.18,0.6,0.82,0.7,Huawei,China,Premium,New,917282,8.7,Physical Store,Mobile Money,1,11,0.541,0.713,1.0,0.735,1.0,1.0,0.645,0.74,1
CUST_00798,30,Male,Dar es Salaam,Christian,Others,No formal,">2,000,000",M-Pesa,5,0.3,0.33,0.62,0.7,Nokia,Finland,Mid-Range,New,478300,6.3,Physical Store,Cash,1,2,0.605,0.391,1.0,0.505,1.0,1.0,0.737,0.68,1
CUST_02595,36,Female,Mwanza,Christian,Others,Secondary,"200,000-500,000",Airtel Money,4,0.12,0.79,0.86,0.5,Apple,USA,Premium,New,887851,8.7,Mobile,Cash,1,2,0.415,0.748,1.0,0.713,1.0,1.0,0.57,0.74,1
CUST_04641,40,Female,Zanzibar,Muslim,Others,Secondary,">2,000,000",M-Pesa,4,0.24,0.47,0.71,0.5,Tecno,China,Mid-Range,New,335755,6.9,Physical Store,Mobile Money,0,2,0.605,0.49,0.9,0.621,1.0,1.0,0.64,0.75,1
CUST_04344,15,Female,Mwanza,Muslim,Nyamwezi,Secondary,"1,000,001-2,000,000",Tigo Pesa,3,0.2,0.33,0.82,0.3,Samsung,South Korea,Premium,New,836345,8.3,Online,Cash,0,1,0.77,0.681,0.9,1.173,1.0,1.0,0.844,0.73,1
CUST_00953,40,Male,Dar es Salaam,Christian,Chagga,Secondary,"<200,000",M-Pesa,1,0.27,0.96,0.83,0.0,Xiaomi,China,Mid-Range,New,343241,6.3,Physical Store,Mobile Money,0,2,0.176,0.523,1.0,0.796,1.0,1.0,0.508,0.71,1
CUST_01293,16,Male,Morogoro,Muslim,Gogo,Secondary,"200,000-500,000",Airtel Money,3,0.5,0.9,0.34,0.5,Huawei,China,Premium,New,2265585,9.1,Physical Store,Mobile Money,0,2,0.0,0.309,0.9,0.549,1.0,1.0,0.483,0.49,0
CUST_01176,37,Female,Dar es Salaam,Muslim,Others,Primary,">2,000,000",Airtel Money,4,0.23,0.38,0.35,0.3,Tecno,China,Mid-Range,New,411233,7.0,Physical Store,Cash,0,2,0.609,0.245,0.9,0.754,1.0,1.0,0.464,0.74,1
CUST_02195,35,Female,Morogoro,Christian,Nyamwezi,Diploma,"<200,000",Airtel Money,4,0.05,0.77,0.49,0.3,Infinix,China,Mid-Range,Used,196024,7.0,Online,Mobile Money,0,2,0.623,0.343,1.0,0.693,0.6,1.0,0.628,0.78,1
CUST_01830,28,Male,Zanzibar,Muslim,Others,Bachelor,"500,001-1,000,000",Tigo Pesa,5,0.07,0.74,0.82,0.5,Apple,USA,Premium,New,2270883,9.3,Physical Store,Mobile Money,0,1,0.0,0.763,0.9,0.951,1.0,1.0,0.576,0.5,1
CUST_01650,37,Male,Dar es Salaam,Christian,Others,Secondary,"500,001-1,000,000",None,5,0.4,0.47,0.79,0.7,Nokia,Finland,Mid-Range,New,594632,6.6,Online,Cash,1,2,0.301,0.521,1.0,0.698,1.0,1.0,0.71,0.68,1
CUST_04117,15,Female,Morogoro,Christian,Others,Secondary,"1,000,001-2,000,000",Airtel Money,3,0.47,0.24,0.47,0.5,Tecno,China,Mid-Range,New,584258,7.0,Online,Cash,1,2,0.649,0.329,1.0,0.928,1.0,1.0,0.58,0.7,1
CUST_04802,19,Female,Mwanza,Muslim,Others,Secondary,"500,001-1,000,000",M-Pesa,3,0.12,0.72,0.42,0.0,Samsung,South Korea,Premium,New,617806,8.8,Physical Store,Mobile Money,0,2,0.629,0.37,0.9,1.169,1.0,1.0,0.796,0.8,1
CUST_03694,51,Female,Dar es Salaam,Christian,Others,No formal,"200,000-500,000",Tigo Pesa,4,0.35,0.89,0.84,0.5,Nokia,Finland,Mid-Range,New,444225,7.5,Physical Store,Card,0,2,0.012,0.63,1.0,0.61,1.0,1.0,0.376,0.76,1
CUST_04576,28,Female,Dar es Salaam,Muslim,Gogo,Secondary,"<200,000",M-Pesa,2,0.37,0.96,0.63,0.3,Apple,USA,Premium,New,1704574,9.9,Physical Store,Mobile Money,1,12,0.0,0.624,0.9,0.97,1.0,1.0,0.713,0.65,1
CUST_02472,31,Male,Mwanza,Muslim,Others,No formal,"500,001-1,000,000",Halopesa,2,0.17,0.47,0.41,0.5,Nokia,Finland,Mid-Range,New,364757,6.1,Physical Store,Mobile Money,0,12,0.571,0.25,0.9,0.971,1.0,1.0,0.609,0.69,0
CUST_04309,28,Male,Mbeya,Christian,Others,Primary,"500,001-1,000,000",M-Pesa,5,0.44,0.76,0.51,1.0,Nokia,Finland,Mid-Range,New,572220,7.3,Physical Store,Card,1,1,0.0,0.372,1.0,0.962,1.0,0.8,0.544,0.72,1
CUST_03750,27,Male,Dar es Salaam,Muslim,Chagga,Primary,"200,000-500,000",M-Pesa,5,0.12,0.84,0.47,0.5,Oppo,China,Mid-Range,New,286769,7.7,Physical Store,Cash,0,2,0.398,0.362,0.9,0.754,1.0,1.0,0.511,0.8,1
CUST_03191,18,Male,Dodoma,Other,Makonde,Secondary,"500,001-1,000,000",Airtel Money,1,0.17,0.58,0.42,0.3,Huawei,China,Premium,New,1571143,8.3,Physical Store,Cash,0,2,0.241,0.349,1.0,0.585,1.0,1.0,0.508,0.58,1
CUST_01823,24,Male,Arusha,Christian,Others,Diploma,"200,000-500,000",M-Pesa,4,0.44,0.97,0.76,1.0,Oppo,China,Mid-Range,New,582089,6.3,Online,Cash,0,2,0.0,0.479,1.0,0.978,1.0,0.8,0.495,0.66,1
CUST_00050,15,Male,Arusha,Christian,Others,No formal,"<200,000",Tigo Pesa,3,0.15,0.7,0.7,0.0,Nokia,Finland,Mid-Range,New,400858,7.4,Physical Store,Cash,0,2,0.298,0.518,1.0,0.522,1.0,1.0,0.433,0.76,1
CUST_02661,17,Male,Dar es Salaam,Christian,Others,Diploma,"200,000-500,000",Halopesa,4,0.41,0.84,0.36,0.5,Tecno,China,Mid-Range,New,560022,6.7,Physical Store,Mobile Money,1,2,0.0,0.241,1.0,0.652,1.0,1.0,0.625,0.69,1
CUST_04625,21,Female,Mwanza,Christian,Chagga,Primary,">2,000,000",M-Pesa,2,0.01,0.37,0.77,0.3,Xiaomi,China,Mid-Range,New,510224,7.2,Physical Store,Cash,1,2,0.528,0.554,1.0,0.734,1.0,1.0,0.534,0.73,1
CUST_02468,30,Female,Dodoma,Muslim,Gogo,Secondary,"<200,000",M-Pesa,3,0.29,0.96,0.65,0.3,Nokia,Finland,Mid-Range,Used,336518,5.0,Online,Mobile Money,0,1,0.192,0.325,0.9,0.918,0.6,1.0,0.455,0.63,1
CUST_01049,22,Female,Arusha,Christian,Others,No formal,"500,001-1,000,000",Tigo Pesa,5,0.26,0.57,0.88,0.5,Tecno,China,Mid-Range,New,508695,7.2,Online,Mobile Money,0,1,0.275,0.634,1.0,0.573,1.0,1.0,0.586,0.73,1
CUST_03826,25,Female,Mwanza,Christian,Others,Bachelor,"200,000-500,000",M-Pesa,3,0.37,0.95,0.86,0.7,Infinix,China,Mid-Range,New,481273,6.3,Mobile,Cash,1,1,0.0,0.542,1.0,0.882,1.0,1.0,0.495,0.68,1
CUST_04454,37,Male,Tanga,Muslim,Haya,Secondary,"<200,000",M-Pesa,2,0.07,0.72,0.54,0.3,Itel,China,Budget,New,83913,6.5,Physical Store,Mobile Money,1,2,0.597,0.351,0.9,0.582,1.0,1.0,0.805,0.77,1
CUST_02372,27,Female,Mwanza,Muslim,Others,Primary,"200,000-500,000",Tigo Pesa,2,0.23,0.84,0.61,0.3,Vivo,China,Mid-Range,New,367105,7.3,Physical Store,Mobile Money,0,2,0.229,0.445,0.9,0.543,1.0,1.0,0.472,0.76,1
CUST_03118,15,Female,Morogoro,Muslim,Others,Secondary,"<200,000",Halopesa,3,0.38,0.95,0.49,0.3,Huawei,China,Premium,New,1092821,8.7,Physical Store,Mobile Money,0,2,0.135,0.426,0.9,0.741,1.0,1.0,0.57,0.7,1
CUST_03031,20,Male,Tanga,Christian,Nyamwezi,Diploma,"200,000-500,000",Tigo Pesa,2,0.22,0.86,0.35,0.5,Apple,USA,Premium,New,1317426,9.1,Physical Store,Card,0,2,0.056,0.318,1.0,0.884,1.0,1.0,0.472,0.68,1
CUST_04868,36,Male,Tanga,Christian,Sukuma,Primary,"200,000-500,000",Tigo Pesa,4,0.06,0.85,0.3,0.7,Apple,USA,Premium,New,1928873,9.0,Physical Store,Mobile Money,1,11,0.0,0.27,1.0,1.038,1.0,1.0,0.469,0.55,1
CUST_00904,15,Male,Dar es Salaam,Christian,Haya,Master+,"200,000-500,000",Tigo Pesa,5,0.5,0.94,0.46,0.0,Nokia,Finland,Mid-Range,New,585951,7.0,Online,Mobile Money,0,2,0.0,0.322,1.0,0.839,1.0,1.0,0.442,0.7,1
CUST_01954,22,Male,Dodoma,Muslim,Others,Secondary,"500,001-1,000,000",Airtel Money,4,0.28,0.77,0.84,0.7,Samsung,South Korea,Premium,New,1415018,8.5,Physical Store,Cash,0,2,0.092,0.714,0.9,1.032,1.0,1.0,0.79,0.63,1
CUST_01465,26,Female,Arusha,Christian,Gogo,No formal,"500,001-1,000,000",Halopesa,5,0.44,0.45,0.8,0.0,Tecno,China,Mid-Range,New,465570,6.3,Physical Store,Cash,0,2,0.476,0.504,1.0,0.69,1.0,1.0,0.55,0.68,1
CUST_04666,27,Male,Mwanza,Christian,Others,Secondary,"500,001-1,000,000",Airtel Money,3,0.24,0.49,0.45,0.0,Itel,China,Budget,New,199567,5.6,Online,Cash,0,1,0.348,0.252,1.0,0.971,1.0,1.0,0.647,0.7,1
CUST_04680,37,Male,Zanzibar,Muslim,Nyamwezi,Primary,"200,000-500,000",None,2,0.23,0.85,0.51,0.3,Xiaomi,China,Mid-Range,Used,221000,6.3,Physical Store,Mobile Money,0,1,0.53,0.321,0.9,0.522,0.6,1.0,0.55,0.73,1
CUST_01048,28,Female,Mbeya,Muslim,Sukuma,Primary,"200,000-500,000",Airtel Money,4,0.41,0.96,0.72,0.5,Nokia,Finland,Mid-Range,New,394520,7.6,Physical Store,Cash,1,2,0.053,0.547,0.9,0.597,1.0,1.0,0.625,0.78,1
CUST_03205,28,Male,Mwanza,Christian,Others,Secondary,"500,001-1,000,000",M-Pesa,5,0.38,0.54,0.76,0.0,Nokia,Finland,Mid-Range,New,289794,7.5,Physical Store,Cash,0,2,0.609,0.57,1.0,0.515,1.0,1.0,0.734,0.79,1
CUST_03159,26,Male,Zanzibar,Christian,Others,Primary,"500,001-1,000,000",M-Pesa,4,0.12,0.8,0.52,0.0,Tecno,China,Mid-Range,New,499399,7.7,Physical Store,Cash,0,2,0.001,0.4,1.0,0.996,1.0,1.0,0.496,0.76,1
CUST_00716,41,Male,Morogoro,Muslim,Haya,Primary,"<200,000",None,3,0.21,0.93,0.65,0.5,Infinix,China,Mid-Range,Used,409735,6.6,Physical Store,Cash,0,2,0.047,0.429,0.9,0.702,0.6,1.0,0.541,0.71,1
CUST_00287,28,Male,Dar es Salaam,Christian,Chagga,Primary,"200,000-500,000",M-Pesa,4,0.27,0.92,0.69,0.0,Itel,China,Budget,New,192794,6.2,Physical Store,Mobile Money,0,2,0.0,0.428,1.0,0.889,1.0,1.0,0.491,0.73,0
CUST_00045,19,Male,Mbeya,Muslim,Others,Bachelor,"500,001-1,000,000",M-Pesa,2,0.23,0.72,0.39,0.3,Xiaomi,China,Mid-Range,New,473688,6.5,Physical Store,Cash,0,2,0.147,0.254,0.9,0.994,1.0,1.0,0.372,0.7,0
CUST_04874,32,Female,Mbeya,Christian,Makonde,Secondary,"200,000-500,000",M-Pesa,4,0.2,0.76,0.71,0.3,Samsung,South Korea,Premium,New,600052,8.9,Online,Mobile Money,1,2,0.62,0.632,1.0,1.105,1.0,1.0,0.644,0.81,0
CUST_00699,20,Female,Dar es Salaam,Christian,Nyamwezi,Diploma,"500,001-1,000,000",M-Pesa,3,0.15,0.75,0.65,0.3,Oppo,China,Mid-Range,New,491578,6.1,Physical Store,Cash,0,2,0.078,0.396,1.0,0.934,1.0,1.0,0.497,0.67,1
CUST_00073,26,Female,Zanzibar,Muslim,Chagga,Primary,"200,000-500,000",Halopesa,3,0.05,0.82,0.84,0.3,Nokia,Finland,Mid-Range,New,537994,7.2,Physical Store,Cash,0,1,0.0,0.605,0.9,0.572,1.0,1.0,0.416,0.72,1
CUST_03060,41,Male,Arusha,Christian,Sukuma,Secondary,"200,000-500,000",Airtel Money,3,0.32,0.72,0.78,0.7,Tecno,China,Mid-Range,New,368924,7.2,Physical Store,Mobile Money,0,2,0.336,0.562,1.0,0.642,1.0,1.0,0.606,0.76,1
CUST_04601,24,Female,Zanzibar,Christian,Nyamwezi,Diploma,"500,001-1,000,000",Tigo Pesa,4,0.5,0.51,0.38,0.0,Tecno,China,Mid-Range,New,456558,7.0,Physical Store,Mobile Money,1,1,0.418,0.266,1.0,0.532,1.0,1.0,0.434,0.73,1
CUST_00514,15,Female,Arusha,Muslim,Others,Diploma,"200,000-500,000",Tigo Pesa,4,0.32,0.86,0.57,0.3,Samsung,South Korea,Premium,New,1951765,9.5,Physical Store,Cash,1,1,0.0,0.542,0.9,0.896,1.0,1.0,0.525,0.58,1
CUST_00502,25,Female,Dar es Salaam,Christian,Sukuma,No formal,"1,000,001-2,000,000",None,2,0.21,0.21,0.42,0.5,Tecno,China,Mid-Range,Used,415846,6.1,Online,Mobile Money,1,2,0.782,0.256,1.0,0.808,0.6,1.0,0.669,0.68,0
CUST_03763,24,Male,Mwanza,Christian,Haya,Primary,"500,001-1,000,000",Airtel Money,4,0.08,0.45,0.77,0.5,Apple,USA,Premium,New,2105667,8.9,Physical Store,Cash,0,2,0.21,0.685,1.0,0.954,1.0,1.0,0.525,0.51,0
CUST_04846,21,Female,Zanzibar,Muslim,Sukuma,Secondary,"500,001-1,000,000",Tigo Pesa,4,0.7,0.73,0.88,0.0,Apple,USA,Premium,New,1051934,8.3,Physical Store,Cash,0,1,0.36,0.73,0.9,1.143,1.0,1.0,0.652,0.69,1
CUST_01779,15,Male,Morogoro,Muslim,Sukuma,Primary,"500,001-1,000,000",Tigo Pesa,5,0.5,0.56,0.71,0.3,Apple,USA,Premium,New,1721469,9.4,Online,Mobile Money,0,1,0.197,0.667,0.9,0.655,1.0,1.0,0.682,0.62,1
CUST_02527,23,Female,Arusha,Christian,Others,Secondary,">2,000,000",M-Pesa,3,0.4,0.23,0.67,0.5,Tecno,China,Mid-Range,Used,382873,5.3,Physical Store,Mobile Money,0,2,0.78,0.355,1.0,0.833,0.6,1.0,0.622,0.64,1
CUST_00508,28,Female,Zanzibar,Muslim,Others,Secondary,"200,000-500,000",M-Pesa,5,0.2,0.94,0.7,0.3,Itel,China,Budget,New,89903,4.1,Mobile,Cash,0,1,0.437,0.287,0.9,0.604,1.0,1.0,0.582,0.63,1
CUST_01018,23,Female,Zanzibar,Christian,Others,Bachelor,"500,001-1,000,000",None,4,0.36,0.48,0.3,0.5,Xiaomi,China,Mid-Range,Used,420393,5.3,Online,Mobile Money,0,10,0.496,0.159,1.0,0.95,0.6,1.0,0.523,0.63,0
CUST_03079,22,Male,Tanga,Muslim,Others,Primary,"1,000,001-2,000,000",Tigo Pesa,5,0.32,0.15,0.88,0.0,Xiaomi,China,Mid-Range,Used,315809,5.0,Mobile,Cash,0,2,0.882,0.44,0.9,0.892,0.6,1.0,0.567,0.64,1
CUST_02270,28,Female,Dodoma,Muslim,Others,Secondary,"200,000-500,000",Halopesa,4,0.58,0.78,0.87,1.0,Infinix,China,Mid-Range,New,326841,6.8,Physical Store,Mobile Money,1,2,0.363,0.592,0.9,0.612,1.0,0.8,0.638,0.74,1
CUST_02763,20,Female,Tanga,Muslim,Others,Primary,"200,000-500,000",Halopesa,4,0.27,0.83,0.84,0.5,Tecno,China,Mid-Range,New,383707,7.1,Physical Store,Cash,0,12,0.204,0.596,0.9,0.927,1.0,1.0,0.494,0.75,1
CUST_02314,26,Female,Mwanza,Muslim,Nyamwezi,Diploma,"200,000-500,000",Airtel Money,2,0.16,0.84,0.56,0.5,Infinix,China,Mid-Range,New,362993,7.4,Physical Store,Card,0,2,0.238,0.414,0.9,0.701,1.0,1.0,0.83,0.77,1
CUST_01860,24,Male,Dar es Salaam,Christian,Others,No formal,"200,000-500,000",Halopesa,1,0.24,0.94,0.38,0.3,Samsung,South Korea,Premium,New,2253787,9.1,Online,Cash,0,10,0.0,0.346,1.0,1.013,1.0,1.0,0.568,0.5,1
CUST_04437,27,Male,Dar es Salaam,Christian,Sukuma,Secondary,"<200,000",M-Pesa,1,0.08,0.87,0.6,0.3,Infinix,China,Mid-Range,New,485129,7.7,Physical Store,Mobile Money,0,2,0.0,0.462,1.0,0.963,1.0,1.0,0.482,0.76,1
CUST_01419,15,Male,Morogoro,Christian,Sukuma,Diploma,"200,000-500,000",Airtel Money,4,0.15,0.85,0.67,0.0,Samsung,South Korea,Premium,New,1224286,9.8,Physical Store,Cash,1,2,0.133,0.657,1.0,0.689,1.0,1.0,0.572,0.74,0
CUST_01496,35,Female,Mwanza,Christian,Nyamwezi,Primary,"500,001-1,000,000",M-Pesa,5,0.13,0.5,0.65,0.5,Apple,USA,Premium,New,872294,8.8,Physical Store,Cash,0,1,0.637,0.572,1.0,0.754,1.0,1.0,0.64,0.75,1
CUST_02491,25,Male,Mbeya,Christian,Others,Master+,"<200,000",None,4,0.35,0.8,0.49,0.7,Itel,China,Budget,Used,149279,5.8,Online,Cash,0,2,0.204,0.284,1.0,0.707,0.6,1.0,0.558,0.72,1
CUST_04762,22,Male,Morogoro,Christian,Chagga,No formal,">2,000,000",Airtel Money,4,0.09,0.37,0.49,0.7,Infinix,China,Mid-Range,New,386632,7.8,Mobile,Cash,1,2,0.642,0.382,1.0,0.644,1.0,1.0,0.63,0.79,0
CUST_03615,32,Male,Arusha,Christian,Haya,Primary,">2,000,000",M-Pesa,4,0.53,0.29,0.53,0.3,Itel,China,Budget,New,176017,5.9,Online,Mobile Money,0,2,0.66,0.313,1.0,0.708,1.0,1.0,0.467,0.72,1
CUST_02584,15,Male,Mwanza,Muslim,Nyamwezi,No formal,"200,000-500,000",M-Pesa,1,0.21,0.78,0.44,0.7,Oppo,China,Mid-Range,New,349369,7.0,Online,Cash,0,1,0.319,0.308,0.9,0.779,1.0,1.0,0.663,0.75,1
CUST_02195,35,Female,Morogoro,Christian,Nyamwezi,Diploma,"<200,000",Airtel Money,4,0.05,0.77,0.49,0.3,Infinix,China,Mid-Range,Used,204034,6.2,Physical Store,Cash,0,1,0.607,0.304,1.0,0.925,0.6,1.0,0.464,0.73,1
CUST_00857,35,Female,Tanga,Christian,Nyamwezi,Master+,"<200,000",Halopesa,3,0.39,0.76,0.35,0.5,Itel,China,Budget,Used,160447,3.2,Physical Store,Cash,0,2,0.187,0.112,1.0,0.7,0.6,1.0,0.394,0.56,0
CUST_02879,20,Male,Dar es Salaam,Christian,Others,Diploma,"1,000,001-2,000,000",Tigo Pesa,5,0.65,0.16,0.45,0.5,Vivo,China,Mid-Range,New,571282,6.5,Physical Store,Mobile Money,0,2,0.771,0.293,1.0,0.815,1.0,1.0,0.618,0.68,1
CUST_02482,32,Female,Arusha,Muslim,Chagga,Secondary,"200,000-500,000",Airtel Money,4,0.24,0.76,0.84,0.0,Samsung,South Korea,Premium,Used,1981357,8.5,Physical Store,Cash,0,2,0.0,0.714,0.9,0.71,0.6,1.0,0.527,0.51,1
CUST_00638,15,Female,Mwanza,Christian,Nyamwezi,Diploma,"500,001-1,000,000",M-Pesa,2,0.67,0.47,0.77,0.3,Nokia,Finland,Mid-Range,Used,140723,6.1,Physical Store,Mobile Money,0,1,0.835,0.47,1.0,0.685,0.6,1.0,0.744,0.74,1
CUST_03645,15,Male,Dar es Salaam,Muslim,Nyamwezi,Primary,"<200,000",Airtel Money,3,0.17,0.92,0.45,0.3,Infinix,China,Mid-Range,New,529527,7.6,Online,Mobile Money,0,2,0.0,0.342,0.9,0.764,1.0,1.0,0.491,0.75,1
CUST_00551,36,Female,Zanzibar,Christian,Chagga,Primary,"<200,000",M-Pesa,4,0.36,0.89,0.79,0.0,Itel,China,Budget,Used,181352,4.3,Physical Store,Cash,0,1,0.0,0.34,1.0,0.951,0.6,1.0,0.321,0.62,1
CUST_00161,28,Female,Arusha,Muslim,Others,Bachelor,"<200,000",M-Pesa,4,0.21,0.79,0.76,0.5,Huawei,China,Premium,New,2167436,8.1,Mobile,Cash,0,2,0.0,0.616,0.9,0.703,1.0,1.0,0.499,0.45,1
CUST_01380,50,Male,Mbeya,Muslim,Others,Primary,"200,000-500,000",M-Pesa,2,0.23,1.0,0.39,0.3,Apple,USA,Premium,New,2165767,9.7,Physical Store,Cash,0,1,0.0,0.378,0.9,0.844,1.0,1.0,0.501,0.55,1
CUST_01349,25,Female,Arusha,Muslim,Others,Primary,"500,001-1,000,000",Airtel Money,3,0.26,0.5,0.68,1.0,Samsung,South Korea,Premium,New,2041128,8.9,Physical Store,Cash,0,2,0.15,0.605,0.9,0.708,1.0,0.8,0.342,0.53,1
CUST_02098,35,Female,Morogoro,Christian,Makonde,Primary,"1,000,001-2,000,000",Halopesa,2,0.6,0.47,0.86,0.0,Tecno,China,Mid-Range,New,271609,7.7,Physical Store,Cash,1,2,0.681,0.662,1.0,0.818,1.0,1.0,0.738,0.81,1
CUST_01122,23,Male,Mwanza,Christian,Others,Bachelor,"200,000-500,000",Airtel Money,2,0.29,0.83,0.71,0.0,Infinix,China,Mid-Range,New,294088,7.8,Physical Store,Cash,0,2,0.39,0.554,1.0,0.678,1.0,1.0,0.555,0.81,1
CUST_02415,15,Female,Morogoro,Muslim,Makonde,Primary,"500,001-1,000,000",M-Pesa,3,0.53,0.49,0.45,0.5,Huawei,China,Premium,New,1040042,9.1,Online,Cash,0,2,0.575,0.41,0.9,0.98,1.0,1.0,0.665,0.74,0
CUST_00043,35,Male,Morogoro,Muslim,Others,Secondary,"1,000,001-2,000,000",M-Pesa,1,0.21,0.42,0.42,0.0,Xiaomi,China,Mid-Range,New,478513,7.7,Online,Cash,0,2,0.498,0.323,0.9,0.503,1.0,1.0,0.556,0.77,1
CUST_02089,38,Female,Mwanza,Christian,Others,Bachelor,"500,001-1,000,000",Tigo Pesa,3,0.24,0.62,0.4,0.3,Xiaomi,China,Mid-Range,Used,231301,5.1,Physical Store,Mobile Money,0,2,0.641,0.204,1.0,0.859,0.6,1.0,0.474,0.66,1
CUST_04591,33,Male,Tanga,Christian,Others,Bachelor,"<200,000",Halopesa,5,0.32,0.93,0.58,0.7,Samsung,South Korea,Premium,New,2354508,9.1,Mobile,Mobile Money,0,1,0.0,0.528,1.0,1.154,1.0,1.0,0.475,0.48,1
CUST_04605,33,Female,Mbeya,Muslim,Haya,Secondary,"500,001-1,000,000",None,4,0.32,0.69,0.79,0.0,Infinix,China,Mid-Range,Used,414572,5.7,Physical Store,Cash,0,2,0.285,0.45,0.9,0.549,0.6,1.0,0.687,0.66,0
CUST_03805,26,Male,Tanga,Muslim,Others,No formal,"200,000-500,000",Tigo Pesa,4,0.45,0.93,0.56,0.0,Vivo,China,Mid-Range,Used,432156,5.8,Physical Store,Cash,0,2,0.0,0.325,0.9,0.581,0.6,1.0,0.285,0.66,1
CUST_00655,30,Female,Morogoro,Christian,Others,Primary,">2,000,000",Airtel Money,1,0.76,0.16,0.58,0.7,Vivo,China,Mid-Range,New,409045,7.5,Physical Store,Cash,0,2,0.836,0.435,1.0,0.99,1.0,1.0,0.81,0.77,1
CUST_03926,29,Female,Dodoma,Muslim,Others,Bachelor,"<200,000",M-Pesa,2,0.21,0.83,0.79,0.7,Nokia,Finland,Mid-Range,New,440548,6.5,Physical Store,Cash,1,2,0.086,0.514,0.9,0.566,1.0,1.0,0.532,0.7,1
CUST_04280,27,Female,Dar es Salaam,Muslim,Others,Primary,"500,001-1,000,000",Tigo Pesa,4,0.54,0.7,0.46,0.3,Tecno,China,Mid-Range,New,324063,6.7,Physical Store,Cash,1,2,0.433,0.308,0.9,0.581,1.0,1.0,0.374,0.74,1
CUST_01283,17,Male,Dar es Salaam,Muslim,Sukuma,Secondary,"500,001-1,000,000",Airtel Money,3,0.23,0.68,0.79,0.5,Tecno,China,Mid-Range,New,277469,7.0,Physical Store,Cash,0,1,0.528,0.553,0.9,0.926,1.0,1.0,0.738,0.76,1
CUST_03372,38,Female,Dar es Salaam,Christian,Others,Primary,"<200,000",Airtel Money,3,0.37,0.87,0.65,1.0,Tecno,China,Mid-Range,New,477168,6.5,Physical Store,Mobile Money,0,2,0.0,0.423,1.0,0.677,1.0,0.8,0.454,0.69,1
CUST_00079,37,Male,Dodoma,Christian,Sukuma,Primary,"1,000,001-2,000,000",M-Pesa,5,0.15,0.3,0.63,0.5,Huawei,China,Premium,New,2254084,9.6,Mobile,Card,1,2,0.436,0.605,1.0,0.752,1.0,1.0,0.782,0.53,0
CUST_01639,22,Male,Dodoma,Christian,Sukuma,Secondary,"<200,000",M-Pesa,2,0.48,0.89,0.85,0.0,Nokia,Finland,Mid-Range,New,599371,7.9,Physical Store,Cash,0,2,0.0,0.672,1.0,0.772,1.0,1.0,0.635,0.75,1
CUST_00798,30,Male,Dar es Salaam,Christian,Others,No formal,">2,000,000",M-Pesa,5,0.3,0.33,0.62,0.7,Vivo,China,Mid-Range,New,383426,7.8,Physical Store,Cash,0,2,0.684,0.484,1.0,0.625,1.0,1.0,0.552,0.79,1
CUST_00946,24,Male,Arusha,Christian,Sukuma,Secondary,"<200,000",Airtel Money,3,0.29,0.94,0.76,0.3,Xiaomi,China,Mid-Range,New,509927,6.4,Physical Store,Cash,0,2,0.0,0.486,1.0,0.577,1.0,1.0,0.463,0.68,1
CUST_03759,30,Male,Arusha,Other,Sukuma,Primary,"200,000-500,000",Airtel Money,3,0.23,0.89,0.51,0.3,Vivo,China,Mid-Range,New,452547,7.5,Mobile,Cash,0,1,0.0,0.382,1.0,0.823,1.0,1.0,0.531,0.76,1
CUST_00530,25,Male,Arusha,Muslim,Others,Primary,"200,000-500,000",M-Pesa,5,0.26,0.88,0.68,0.5,Oppo,China,Mid-Range,New,331070,6.2,Physical Store,Cash,1,11,0.272,0.422,0.9,0.778,1.0,1.0,0.426,0.71,1
CUST_02771,24,Male,Dodoma,Muslim,Others,Secondary,"500,001-1,000,000",M-Pesa,2,0.24,0.73,0.39,0.5,Xiaomi,China,Mid-Range,New,590548,7.2,Physical Store,Mobile Money,0,2,0.0,0.281,0.9,0.769,1.0,1.0,0.474,0.71,1
CUST_00155,35,Male,Mbeya,Christian,Others,Secondary,"200,000-500,000",M-Pesa,4,0.17,0.72,0.8,0.0,Tecno,China,Mid-Range,New,493800,6.9,Mobile,Mobile Money,0,2,0.111,0.552,1.0,0.988,1.0,1.0,0.56,0.72,1
CUST_02700,28,Female,Tanga,Christian,Others,Primary,"200,000-500,000",M-Pesa,3,0.11,0.95,0.79,0.3,Nokia,Finland,Mid-Range,New,481026,7.9,Online,Card,0,1,0.0,0.624,1.0,0.922,1.0,1.0,0.501,0.78,1
CUST_02926,18,Female,Mbeya,Christian,Others,Primary,"200,000-500,000",M-Pesa,4,0.55,0.79,0.33,0.5,Infinix,China,Mid-Range,New,426732,7.1,Online,Cash,0,12,0.157,0.234,1.0,0.769,1.0,1.0,0.505,0.74,1
CUST_03474,26,Male,Mbeya,Christian,Others,Diploma,"200,000-500,000",Airtel Money,5,0.4,0.77,0.44,0.7,Oppo,China,Mid-Range,Used,377860,6.7,Physical Store,Mobile Money,0,2,0.273,0.295,1.0,0.745,0.6,1.0,0.511,0.73,1
CUST_01991,45,Female,Tanga,Christian,Others,Primary,"200,000-500,000",M-Pesa,3,0.15,0.79,0.87,0.5,Infinix,China,Mid-Range,New,382128,7.7,Online,Mobile Money,1,11,0.245,0.67,1.0,0.639,1.0,1.0,0.542,0.79,1
CUST_04080,39,Male,Arusha,Christian,Others,Bachelor,"<200,000",Tigo Pesa,2,0.19,0.82,0.61,0.0,Vivo,China,Mid-Range,New,400443,7.8,Mobile,Card,0,2,0.179,0.476,1.0,0.881,1.0,1.0,0.606,0.79,1
CUST_03472,30,Female,Dar es Salaam,Christian,Others,Primary,"200,000-500,000",Tigo Pesa,4,0.44,0.7,0.83,0.5,Tecno,China,Mid-Range,Used,264358,6.7,Physical Store,Mobile Money,0,2,0.537,0.556,1.0,0.606,0.6,1.0,0.665,0.75,1
CUST_04062,29,Female,Dar es Salaam,Christian,Others,No formal,"<200,000",Tigo Pesa,3,0.37,0.71,0.83,0.3,Nokia,Finland,Mid-Range,New,414777,6.8,Physical Store,Cash,0,1,0.264,0.564,1.0,0.776,1.0,1.0,0.701,0.73,1
CUST_03093,20,Female,Mwanza,Christian,Others,Primary,"500,001-1,000,000",Airtel Money,1,0.45,0.47,0.37,0.3,Infinix,China,Mid-Range,New,412101,7.4,Online,Cash,0,1,0.516,0.274,1.0,0.584,1.0,1.0,0.647,0.76,1
CUST_04275,33,Female,Arusha,Christian,Others,Primary,"200,000-500,000",Airtel Money,5,0.35,0.88,0.67,0.3,Vivo,China,Mid-Range,Used,345019,6.4,Physical Store,Cash,0,2,0.241,0.429,1.0,0.795,0.6,1.0,0.57,0.71,1
CUST_01091,23,Female,Mbeya,Christian,Sukuma,Diploma,"200,000-500,000",Tigo Pesa,3,0.24,0.99,0.64,0.0,Itel,China,Budget,New,190011,6.3,Physical Store,Cash,0,1,0.0,0.403,1.0,0.877,1.0,1.0,0.422,0.74,1
CUST_04055,15,Male,Tanga,Muslim,Others,Secondary,"1,000,001-2,000,000",Tigo Pesa,5,0.3,0.12,0.34,0.3,Xiaomi,China,Mid-Range,New,332305,6.4,Physical Store,Card,0,2,0.9,0.218,0.9,0.973,1.0,1.0,0.729,0.72,1
CUST_02279,33,Female,Dar es Salaam,Muslim,Sukuma,Primary,"500,001-1,000,000",Tigo Pesa,1,0.22,0.57,0.88,0.7,Vivo,China,Mid-Range,New,320750,7.2,Mobile,Cash,0,2,0.543,0.634,0.9,0.996,1.0,1.0,0.737,0.77,0
CUST_01051,29,Female,Dar es Salaam,Muslim,Others,Secondary,"200,000-500,000",M-Pesa,3,0.06,0.8,0.48,0.3,Huawei,China,Premium,New,1956036,9.3,Physical Store,Cash,1,2,0.0,0.446,0.9,0.887,1.0,1.0,0.533,0.57,1
CUST_00175,15,Female,Dar es Salaam,Muslim,Others,No formal,"200,000-500,000",Tigo Pesa,2,0.33,0.85,0.52,0.7,Xiaomi,China,Mid-Range,Used,155060,6.0,Physical Store,Mobile Money,0,2,0.67,0.312,0.9,0.703,0.6,1.0,0.8,0.73,1
CUST_01797,39,Male,Morogoro,Christian,Others,Secondary,"500,001-1,000,000",M-Pesa,2,0.5,0.8,0.53,0.3,Nokia,Finland,Mid-Range,New,381162,6.7,Physical Store,Mobile Money,0,2,0.238,0.355,1.0,0.616,1.0,1.0,0.561,0.73,1
CUST_04680,37,Male,Zanzibar,Muslim,Nyamwezi,Primary,"200,000-500,000",None,2,0.23,0.85,0.51,0.3,Nokia,Finland,Mid-Range,Used,253670,6.7,Physical Store,Card,0,2,0.461,0.342,0.9,0.868,0.6,1.0,0.595,0.75,1
CUST_03470,23,Female,Dodoma,Christian,Others,Bachelor,"500,001-1,000,000",M-Pesa,2,0.25,0.62,0.76,0.5,Oppo,China,Mid-Range,New,352767,6.2,Physical Store,Cash,0,2,0.453,0.471,1.0,0.751,1.0,1.0,0.492,0.7,1
CUST_01491,45,Female,Tanga,Muslim,Nyamwezi,No formal,"200,000-500,000",M-Pesa,1,0.68,0.94,0.58,0.5,Nokia,Finland,Mid-Range,New,395956,7.5,Mobile,Cash,0,2,0.07,0.435,0.9,0.614,1.0,1.0,0.444,0.77,1
CUST_01045,48,Female,Mwanza,Christian,Others,Secondary,"200,000-500,000",Tigo Pesa,4,0.43,0.85,0.79,0.3,Apple,USA,Premium,New,1740398,9.5,Physical Store,Mobile Money,1,12,0.0,0.75,1.0,1.061,1.0,1.0,0.754,0.62,1
CUST_02090,43,Female,Mbeya,Christian,Gogo,Primary,"<200,000",Airtel Money,4,0.39,0.81,0.39,0.7,Infinix,China,Mid-Range,New,427178,6.9,Physical Store,Mobile Money,0,1,0.135,0.269,1.0,0.946,1.0,1.0,0.677,0.73,1
CUST_00203,39,Female,Dar es Salaam,Christian,Others,Diploma,">2,000,000",M-Pesa,1,0.1,0.23,0.69,0.3,Nokia,Finland,Mid-Range,New,284681,7.1,Physical Store,Mobile Money,0,2,0.836,0.49,1.0,0.794,1.0,1.0,0.821,0.77,0
CUST_03124,36,Female,Arusha,Christian,Others,Secondary,"200,000-500,000",Halopesa,3,0.11,0.92,0.57,0.3,Samsung,South Korea,Premium,New,982286,8.8,Physical Store,Cash,1,2,0.247,0.502,1.0,0.777,1.0,1.0,0.584,0.73,1
CUST_04739,34,Male,Morogoro,Christian,Gogo,Diploma,"200,000-500,000",Halopesa,4,0.21,0.75,0.82,0.7,Tecno,China,Mid-Range,New,476093,7.8,Physical Store,Mobile Money,1,2,0.107,0.64,1.0,0.983,1.0,1.0,0.542,0.77,1
CUST_00912,35,Male,Dar es Salaam,Muslim,Others,Diploma,"200,000-500,000",M-Pesa,4,0.49,0.84,0.84,0.0,Huawei,China,Premium,New,1430101,9.6,Physical Store,Card,0,2,0.0,0.806,0.9,0.615,1.0,1.0,0.882,0.69,1
CUST_00150,26,Female,Tanga,Christian,Others,Secondary,"1,000,001-2,000,000",M-Pesa,3,0.32,0.22,0.52,0.7,Samsung,South Korea,Premium,Used,305809,7.9,Physical Store,Cash,0,1,0.944,0.411,1.0,1.158,0.6,1.0,0.95,0.81,1
CUST_02900,40,Female,Mbeya,Christian,Sukuma,No formal,"200,000-500,000",None,2,0.11,0.99,0.83,0.5,Nokia,Finland,Mid-Range,New,359780,6.4,Mobile,Mobile Money,0,1,0.11,0.531,1.0,0.518,1.0,1.0,0.474,0.71,1
CUST_03460,30,Female,Arusha,Muslim,Others,Secondary,"500,001-1,000,000",Airtel Money,3,0.18,0.59,0.47,0.0,Tecno,China,Mid-Range,New,535771,6.4,Mobile,Cash,1,1,0.21,0.301,0.9,0.789,1.0,1.0,0.481,0.68,0
CUST_03317,22,Female,Tanga,Christian,Nyamwezi,Diploma,"200,000-500,000",Tigo Pesa,3,0.32,0.76,0.87,0.7,Xiaomi,China,Mid-Range,New,337612,7.6,Mobile,Cash,0,2,0.359,0.661,1.0,0.551,1.0,1.0,0.654,0.79,1
CUST_03668,22,Female,Mwanza,Christian,Gogo,Primary,"<200,000",M-Pesa,2,0.24,0.79,0.3,0.5,Nokia,Finland,Mid-Range,New,495218,7.9,Physical Store,Cash,1,1,0.022,0.237,1.0,0.91,1.0,1.0,0.434,0.77,1
CUST_01542,31,Female,Mwanza,Muslim,Others,No formal,"<200,000",M-Pesa,2,0.32,0.88,0.83,0.5,Xiaomi,China,Mid-Range,Used,466350,5.3,Online,Mobile Money,0,2,0.0,0.44,0.9,0.816,0.6,1.0,0.604,0.62,1
CUST_00404,24,Female,Dar es Salaam,Christian,Chagga,Secondary,">2,000,000",M-Pesa,3,0.32,0.43,0.48,0.3,Tecno,China,Mid-Range,New,462981,7.9,Physical Store,Card,0,2,0.502,0.379,1.0,0.573,1.0,1.0,0.512,0.78,1
CUST_02746,36,Female,Dar es Salaam,Muslim,Others,Primary,"<200,000",Tigo Pesa,3,0.31,0.73,0.73,0.7,Xiaomi,China,Mid-Range,Used,467593,5.8,Physical Store,Cash,0,11,0.147,0.423,0.9,0.821,0.6,1.0,0.512,0.65,1
CUST_00895,17,Female,Dar es Salaam,Muslim,Sukuma,Primary,"<200,000",Tigo Pesa,3,0.71,0.87,0.7,0.0,Samsung,South Korea,Premium,Used,319386,8.0,Physical Store,Cash,0,2,0.768,0.56,0.9,1.014,0.6,1.0,0.844,0.82,1
CUST_02440,29,Male,Arusha,Muslim,Sukuma,Diploma,"<200,000",Airtel Money,4,0.03,0.72,0.64,0.3,Itel,China,Budget,New,165298,4.2,Physical Store,Cash,0,2,0.207,0.269,0.9,0.967,1.0,1.0,0.495,0.62,1
CUST_03194,19,Male,Zanzibar,Christian,Others,Bachelor,"200,000-500,000",M-Pesa,4,0.36,0.76,0.38,0.3,Apple,USA,Premium,New,1202851,9.5,Physical Store,Mobile Money,0,2,0.238,0.361,1.0,1.057,1.0,1.0,0.635,0.73,1
CUST_04720,21,Male,Mbeya,Muslim,Sukuma,Bachelor,"200,000-500,000",Tigo Pesa,3,0.49,0.74,0.68,0.5,Xiaomi,China,Mid-Range,New,456261,7.3,Mobile,Cash,1,2,0.156,0.496,0.9,0.569,1.0,1.0,0.702,0.75,1
CUST_00033,29,Female,Mbeya,Muslim,Others,Diploma,"200,000-500,000",M-Pesa,1,0.3,0.74,0.31,0.3,Xiaomi,China,Mid-Range,New,343507,6.6,Online,Mobile Money,1,2,0.365,0.205,0.9,0.596,1.0,1.0,0.392,0.73,1
CUST_01929,20,Female,Zanzibar,Christian,Sukuma,Primary,"200,000-500,000",M-Pesa,5,0.46,0.78,0.89,1.0,Samsung,South Korea,Premium,New,2236813,8.7,Physical Store,Mobile Money,0,1,0.0,0.774,1.0,0.611,1.0,0.8,0.782,0.47,0
CUST_02949,26,Female,Zanzibar,Muslim,Others,Secondary,">2,000,000",None,3,0.5,0.31,0.32,0.7,Itel,China,Budget,New,169867,6.7,Physical Store,Mobile Money,0,2,0.649,0.214,0.9,0.552,1.0,1.0,0.629,0.77,1
CUST_01359,15,Female,Arusha,Christian,Chagga,Secondary,"<200,000",M-Pesa,4,0.28,0.79,0.59,0.3,Apple,USA,Premium,New,1744846,8.2,Physical Store,Cash,0,2,0.0,0.484,1.0,0.637,1.0,1.0,0.558,0.54,1
CUST_03957,29,Female,Mwanza,Christian,Others,Primary,"500,001-1,000,000",M-Pesa,3,0.24,0.44,0.78,0.7,Tecno,China,Mid-Range,New,288757,6.5,Physical Store,Mobile Money,0,2,0.682,0.507,1.0,0.951,1.0,1.0,0.764,0.73,1
CUST_01132,22,Male,Morogoro,Christian,Others,Primary,"<200,000",None,4,0.03,0.81,0.58,0.3,Xiaomi,China,Mid-Range,Used,240668,6.3,Physical Store,Cash,0,2,0.513,0.365,1.0,0.818,0.6,1.0,0.512,0.73,1
CUST_01370,20,Male,Arusha,Christian,Nyamwezi,Primary,"<200,000",M-Pesa,4,0.21,0.86,0.41,0.7,Samsung,South Korea,Premium,New,895917,9.7,Physical Store,Cash,1,2,0.358,0.398,1.0,0.663,1.0,1.0,0.424,0.8,0
CUST_00441,30,Female,Dar es Salaam,Christian,Others,Primary,"200,000-500,000",M-Pesa,4,0.04,0.95,0.59,0.5,Itel,China,Budget,New,88774,6.2,Physical Store,Mobile Money,0,1,0.438,0.366,1.0,0.586,1.0,1.0,0.498,0.75,1
CUST_01819,37,Male,Dar es Salaam,Christian,Others,Primary,"<200,000",Tigo Pesa,5,0.01,0.72,0.88,0.3,Tecno,China,Mid-Range,New,273189,7.8,Online,Cash,1,1,0.508,0.686,1.0,0.775,1.0,1.0,0.6,0.81,1
CUST_01207,42,Female,Arusha,Christian,Haya,Primary,"1,000,001-2,000,000",Tigo Pesa,5,0.28,0.44,0.32,0.3,Infinix,China,Mid-Range,New,447772,6.5,Physical Store,Cash,0,1,0.507,0.208,1.0,0.58,1.0,1.0,0.416,0.7,1
CUST_04201,15,Female,Dar es Salaam,Muslim,Chagga,Primary,"200,000-500,000",Tigo Pesa,4,0.24,0.86,0.88,0.5,Samsung,South Korea,Premium,New,1207965,8.9,Mobile,Mobile Money,0,2,0.134,0.783,0.9,0.654,1.0,1.0,0.738,0.69,1
CUST_00787,26,Male,Mbeya,Muslim,Sukuma,Primary,"500,001-1,000,000",Airtel Money,3,0.37,0.71,0.34,0.5,Samsung,South Korea,Premium,New,2463081,9.2,Physical Store,Cash,0,2,0.0,0.313,0.9,0.938,1.0,1.0,0.363,0.46,1
CUST_04173,41,Male,Dar es Salaam,Christian,Others,No formal,"200,000-500,000",Tigo Pesa,2,0.02,0.96,0.89,0.7,Samsung,South Korea,Premium,New,1900409,9.5,Online,Mobile Money,1,2,0.0,0.845,1.0,1.107,1.0,1.0,0.598,0.59,1
CUST_00355,32,Male,Tanga,Christian,Others,Diploma,"1,000,001-2,000,000",M-Pesa,5,0.33,0.36,0.31,1.0,Tecno,China,Mid-Range,New,282163,6.0,Physical Store,Cash,1,1,0.746,0.186,1.0,0.565,1.0,0.8,0.605,0.7,1
CUST_04366,31,Male,Mbeya,Christian,Nyamwezi,Secondary,"500,001-1,000,000",M-Pesa,3,0.52,0.6,0.48,0.7,Infinix,China,Mid-Range,New,477406,6.9,Physical Store,Mobile Money,0,2,0.284,0.331,1.0,0.879,1.0,1.0,0.56,0.72,1
CUST_01356,41,Female,Dar es Salaam,Muslim,Chagga,Primary,"500,001-1,000,000",M-Pesa,1,0.13,0.79,0.44,0.7,Xiaomi,China,Mid-Range,New,290030,6.3,Online,Mobile Money,1,2,0.427,0.277,0.9,0.799,1.0,1.0,0.525,0.72,1
CUST_02724,30,Male,Morogoro,Christian,Nyamwezi,Diploma,"<200,000",Airtel Money,2,0.2,0.75,0.53,0.5,Apple,USA,Premium,New,1939268,9.0,Mobile,Cash,0,2,0.0,0.477,1.0,1.165,1.0,1.0,0.462,0.55,1
CUST_01315,26,Female,Dar es Salaam,Christian,Chagga,Secondary,"200,000-500,000",M-Pesa,2,0.31,0.92,0.74,0.7,Huawei,China,Premium,New,1943995,9.4,Online,Cash,0,2,0.0,0.696,1.0,0.985,1.0,1.0,0.413,0.58,1
CUST_02885,15,Female,Dar es Salaam,Christian,Sukuma,Master+,"500,001-1,000,000",Airtel Money,3,0.35,0.68,0.84,0.3,Apple,USA,Premium,New,2058634,9.3,Physical Store,Cash,0,12,0.0,0.781,1.0,0.778,1.0,1.0,0.376,0.55,1
CUST_02699,32,Male,Arusha,Christian,Others,Primary,"<200,000",M-Pesa,3,0.35,0.89,0.49,0.3,Itel,China,Budget,New,192602,6.5,Online,Card,1,12,0.0,0.318,1.0,0.655,1.0,1.0,0.379,0.75,1
CUST_04119,18,Female,Dodoma,Christian,Others,Diploma,"200,000-500,000",Halopesa,1,0.36,0.8,0.38,0.7,Vivo,China,Mid-Range,New,573473,7.0,Online,Mobile Money,0,2,0.0,0.266,1.0,0.626,1.0,1.0,0.47,0.71,1
CUST_01487,36,Male,Tanga,Muslim,Others,Bachelor,"500,001-1,000,000",M-Pesa,4,0.37,0.59,0.51,0.5,Infinix,China,Mid-Range,New,549928,6.9,Online,Cash,0,2,0.189,0.352,0.9,0.56,1.0,1.0,0.578,0.7,1
CUST_02910,15,Female,Tanga,Muslim,Others,Primary,"500,001-1,000,000",Airtel Money,5,0.02,0.75,0.69,0.7,Tecno,China,Mid-Range,New,510466,6.9,Physical Store,Mobile Money,0,2,0.043,0.476,0.9,0.591,1.0,1.0,0.281,0.71,1
CUST_03275,23,Male,Dar es Salaam,Christian,Sukuma,Secondary,"1,000,001-2,000,000",Airtel Money,4,0.69,0.43,0.4,0.5,Itel,China,Budget,New,182519,5.8,Physical Store,Cash,0,2,0.477,0.232,1.0,0.687,1.0,1.0,0.522,0.71,1
CUST_00273,29,Female,Morogoro,Christian,Sukuma,Secondary,"200,000-500,000",M-Pesa,3,0.34,0.77,0.54,0.3,Huawei,China,Premium,New,2478323,8.1,Physical Store,Card,0,2,0.0,0.437,1.0,0.812,1.0,1.0,0.428,0.39,1
CUST_01560,15,Male,Arusha,Muslim,Gogo,Secondary,"<200,000",M-Pesa,3,0.09,0.94,0.81,0.3,Infinix,China,Mid-Range,New,405418,7.8,Physical Store,Mobile Money,1,1,0.047,0.632,0.9,0.756,1.0,1.0,0.448,0.79,1
CUST_01098,22,Male,Morogoro,Christian,Others,Primary,"200,000-500,000",Airtel Money,1,0.39,0.85,0.4,0.7,Infinix,China,Mid-Range,New,498246,6.8,Mobile,Cash,0,2,0.0,0.272,1.0,0.801,1.0,1.0,0.456,0.71,1
CUST_02995,25,Male,Mwanza,Christian,Sukuma,Primary,"200,000-500,000",M-Pesa,4,0.28,0.82,0.61,0.3,Samsung,South Korea,Premium,Used,1498343,7.5,Physical Store,Cash,1,2,0.0,0.458,1.0,0.656,0.6,1.0,0.355,0.55,0
CUST_00680,30,Male,Mwanza,Christian,Others,Secondary,"<200,000",M-Pesa,5,0.33,0.96,0.44,0.0,Tecno,China,Mid-Range,New,293055,7.6,Physical Store,Cash,0,12,0.297,0.334,1.0,0.821,1.0,1.0,0.537,0.8,1
CUST_00129,15,Male,Tanga,Christian,Nyamwezi,Primary,"200,000-500,000",Airtel Money,4,0.05,0.99,0.68,0.0,Samsung,South Korea,Premium,New,1281766,9.9,Mobile,Mobile Money,1,2,0.0,0.673,1.0,0.948,1.0,1.0,0.63,0.74,1
CUST_03090,20,Female,Dar es Salaam,Muslim,Others,Diploma,"1,000,001-2,000,000",Tigo Pesa,1,0.43,0.25,0.89,1.0,Tecno,China,Mid-Range,New,374522,7.6,Physical Store,Cash,0,1,0.766,0.676,0.9,0.837,1.0,0.8,0.728,0.78,1
CUST_02521,34,Female,Mwanza,Muslim,Others,Primary,"200,000-500,000",M-Pesa,2,0.21,0.73,0.89,0.7,Vivo,China,Mid-Range,New,254727,7.4,Physical Store,Mobile Money,1,2,0.535,0.659,0.9,0.964,1.0,1.0,0.843,0.79,1
CUST_00853,51,Male,Dar es Salaam,Christian,Gogo,Diploma,"200,000-500,000",M-Pesa,1,0.4,0.94,0.67,0.3,Huawei,China,Premium,New,1626094,9.7,Physical Store,Mobile Money,0,2,0.0,0.65,1.0,0.646,1.0,1.0,0.547,0.66,1
CUST_02891,38,Male,Arusha,Christian,Others,Secondary,"<200,000",M-Pesa,2,0.15,0.99,0.84,0.5,Tecno,China,Mid-Range,New,401112,6.1,Physical Store,Cash,0,2,0.007,0.512,1.0,0.513,1.0,1.0,0.482,0.69,1
CUST_04474,29,Female,Morogoro,Christian,Others,Primary,"200,000-500,000",Airtel Money,2,0.42,0.84,0.55,0.5,Itel,China,Budget,New,182295,5.1,Physical Store,Mobile Money,0,1,0.0,0.28,1.0,0.918,1.0,1.0,0.609,0.67,0
CUST_02135,30,Male,Mwanza,Muslim,Haya,Bachelor,"500,001-1,000,000",Halopesa,2,0.43,0.75,0.55,1.0,Huawei,China,Premium,New,650473,9.9,Physical Store,Card,0,2,0.593,0.544,0.9,0.73,1.0,0.8,0.556,0.86,0
CUST_02235,48,Male,Zanzibar,Muslim,Others,Bachelor,"200,000-500,000",Tigo Pesa,5,0.43,0.91,0.43,0.7,Xiaomi,China,Mid-Range,New,510958,8.0,Mobile,Mobile Money,0,1,0.0,0.344,0.9,0.666,1.0,1.0,0.465,0.78,1
CUST_04714,27,Female,Dar es Salaam,Muslim,Others,Primary,"1,000,001-2,000,000",Tigo Pesa,5,0.06,0.26,0.41,0.5,Infinix,China,Mid-Range,New,387899,7.3,Online,Mobile Money,0,2,0.748,0.299,0.9,0.655,1.0,1.0,0.47,0.76,1
CUST_01356,41,Female,Dar es Salaam,Muslim,Chagga,Primary,"500,001-1,000,000",M-Pesa,1,0.13,0.79,0.44,0.7,Infinix,China,Mid-Range,New,310023,6.2,Physical Store,Mobile Money,0,2,0.388,0.273,0.9,0.959,1.0,1.0,0.619,0.71,1
CUST_04181,24,Male,Dar es Salaam,Christian,Others,Primary,"<200,000",M-Pesa,2,0.27,0.76,0.89,0.3,Apple,USA,Premium,New,2245304,8.0,Online,Cash,0,2,0.0,0.712,1.0,0.918,1.0,1.0,0.696,0.43,1
CUST_03172,36,Male,Dar es Salaam,Muslim,Others,Secondary,"<200,000",Airtel Money,2,0.34,0.93,0.6,0.7,Huawei,China,Premium,New,1510818,9.8,Physical Store,Cash,0,2,0.0,0.588,0.9,0.64,1.0,1.0,0.405,0.69,0
CUST_02469,19,Male,Morogoro,Christian,Chagga,Primary,"200,000-500,000",Tigo Pesa,3,0.17,0.84,0.39,0.0,Samsung,South Korea,Premium,New,1962270,8.0,Mobile,Mobile Money,0,2,0.0,0.312,1.0,1.126,1.0,1.0,0.378,0.49,1
CUST_00189,29,Female,Dar es Salaam,Christian,Others,No formal,"200,000-500,000",M-Pesa,2,0.57,0.95,0.77,0.3,Infinix,China,Mid-Range,New,263830,7.4,Physical Store,Card,0,12,0.373,0.57,1.0,0.834,1.0,1.0,0.757,0.79,1
CUST_04999,15,Female,Tanga,Christian,Others,Diploma,"1,000,001-2,000,000",M-Pesa,3,0.35,0.41,0.74,0.7,Tecno,China,Mid-Range,New,464734,7.8,Physical Store,Mobile Money,0,2,0.524,0.577,1.0,0.636,1.0,1.0,0.601,0.78,1
CUST_03589,28,Female,Dar es Salaam,Muslim,Others,Bachelor,"500,001-1,000,000",Airtel Money,3,0.49,0.6,0.63,0.5,Samsung,South Korea,Premium,New,2069210,8.3,Physical Store,Mobile Money,1,2,0.0,0.523,0.9,0.797,1.0,1.0,0.534,0.48,1
CUST_03610,28,Male,Zanzibar,Christian,Makonde,Bachelor,"500,001-1,000,000",M-Pesa,2,0.4,0.74,0.89,0.3,Tecno,China,Mid-Range,Used,154604,5.7,Physical Store,Cash,1,2,0.714,0.507,1.0,0.749,0.6,1.0,0.72,0.71,1
CUST_03141,18,Female,Dar es Salaam,Christian,Others,Secondary,"500,001-1,000,000",Tigo Pesa,3,0.51,0.59,0.47,0.3,Nokia,Finland,Mid-Range,New,332711,6.2,Physical Store,Mobile Money,0,1,0.509,0.291,1.0,0.973,1.0,1.0,0.68,0.71,1
CUST_04436,16,Female,Morogoro,Muslim,Others,No formal,"200,000-500,000",Tigo Pesa,4,0.38,0.96,0.59,0.3,Apple,USA,Premium,New,790243,9.0,Online,Mobile Money,1,2,0.368,0.531,0.9,1.008,1.0,1.0,0.467,0.78,1
CUST_04602,25,Male,Dodoma,Christian,Haya,Primary,"200,000-500,000",Tigo Pesa,3,0.44,0.9,0.65,0.3,Apple,USA,Premium,New,1415013,9.4,Physical Store,Mobile Money,0,2,0.0,0.611,1.0,0.967,1.0,1.0,0.51,0.68,1
CUST_02285,36,Male,Morogoro,Christian,Others,Primary,"1,000,001-2,000,000",Tigo Pesa,2,0.09,0.44,0.65,0.0,Tecno,China,Mid-Range,New,552275,7.3,Online,Cash,0,2,0.392,0.474,1.0,0.666,1.0,1.0,0.761,0.73,1
CUST_00695,15,Male,Mwanza,Christian,Haya,Secondary,"1,000,001-2,000,000",None,3,0.39,0.26,0.42,0.3,Oppo,China,Mid-Range,New,499071,7.5,Online,Mobile Money,0,2,0.676,0.315,1.0,0.649,1.0,1.0,0.791,0.75,1
CUST_02190,47,Male,Arusha,Christian,Gogo,Bachelor,"200,000-500,000",Airtel Money,2,0.2,0.85,0.69,0.0,Huawei,China,Premium,New,1440244,9.4,Physical Store,Mobile Money,0,2,0.0,0.649,1.0,0.725,1.0,1.0,0.556,0.68,1
CUST_01730,19,Female,Zanzibar,Christian,Others,Primary,"<200,000",Halopesa,2,0.01,0.76,0.51,0.0,Samsung,South Korea,Premium,New,999614,9.7,Physical Store,Cash,0,1,0.367,0.495,1.0,1.134,1.0,1.0,0.671,0.78,1
CUST_01713,31,Female,Mwanza,Christian,Others,Secondary,"200,000-500,000",M-Pesa,1,0.31,0.78,0.46,0.0,Apple,USA,Premium,New,1730191,8.2,Physical Store,Mobile Money,0,2,0.0,0.377,1.0,0.722,1.0,1.0,0.656,0.55,1
CUST_00993,40,Female,Mwanza,Christian,Others,Diploma,"1,000,001-2,000,000",M-Pesa,3,0.32,0.34,0.42,0.3,Apple,USA,Premium,New,2011881,8.2,Physical Store,Cash,0,12,0.43,0.344,1.0,0.695,1.0,1.0,0.679,0.49,1
CUST_03101,18,Female,Dodoma,Muslim,Others,No formal,"200,000-500,000",M-Pesa,3,0.34,0.96,0.59,0.0,Tecno,China,Mid-Range,New,514010,6.1,Physical Store,Cash,0,1,0.0,0.36,0.9,0.514,1.0,1.0,0.56,0.66,1
CUST_00066,24,Female,Dodoma,Christian,Sukuma,Secondary,"<200,000",Airtel Money,2,0.05,0.73,0.83,0.3,Tecno,China,Mid-Range,New,561942,7.3,Physical Store,Cash,1,2,0.0,0.606,1.0,0.593,1.0,1.0,0.536,0.73,1
CUST_00518,35,Female,Morogoro,Christian,Makonde,Primary,"<200,000",M-Pesa,3,0.36,0.94,0.47,0.5,Huawei,China,Premium,New,2230722,8.1,Physical Store,Cash,0,12,0.0,0.381,1.0,0.757,1.0,1.0,0.412,0.44,1
CUST_04628,32,Male,Tanga,Christian,Nyamwezi,Primary,"200,000-500,000",M-Pesa,2,0.2,0.84,0.38,0.7,Huawei,China,Premium,New,1689032,9.1,Mobile,Mobile Money,0,2,0.0,0.346,1.0,0.704,1.0,1.0,0.385,0.61,1
CUST_02512,28,Male,Dar es Salaam,Christian,Others,No formal,"<200,000",Tigo Pesa,2,0.11,0.96,0.72,0.5,Xiaomi,China,Mid-Range,New,566682,7.8,Physical Store,Mobile Money,1,2,0.0,0.562,1.0,0.837,1.0,1.0,0.55,0.75,1
CUST_03906,28,Male,Dar es Salaam,Other,Others,Primary,"<200,000",Tigo Pesa,4,0.45,0.91,0.33,0.0,Samsung,South Korea,Premium,New,1585690,9.4,Physical Store,Mobile Money,0,2,0.0,0.31,1.0,0.603,1.0,1.0,0.628,0.65,1
CUST_02255,15,Female,Zanzibar,Christian,Others,Primary,"<200,000",Tigo Pesa,4,0.17,0.83,0.52,0.5,Nokia,Finland,Mid-Range,New,383023,6.1,Physical Store,Cash,1,1,0.205,0.317,1.0,0.759,1.0,1.0,0.452,0.69,1
CUST_04797,18,Male,Dodoma,Christian,Others,Secondary,"500,001-1,000,000",M-Pesa,3,0.31,0.77,0.54,0.3,Apple,USA,Premium,New,1497633,9.8,Physical Store,Mobile Money,1,1,0.039,0.529,1.0,0.869,1.0,1.0,0.404,0.69,1
CUST_02683,18,Female,Dar es Salaam,Christian,Others,Diploma,"500,001-1,000,000",M-Pesa,4,0.06,0.43,0.62,0.0,Itel,China,Budget,New,176458,5.7,Physical Store,Mobile Money,0,2,0.494,0.353,1.0,0.999,1.0,1.0,0.58,0.71,1
CUST_01687,28,Female,Mwanza,Other,Others,Secondary,"500,001-1,000,000",Tigo Pesa,2,0.08,0.43,0.88,0.0,Nokia,Finland,Mid-Range,New,547688,6.7,Physical Store,Mobile Money,1,2,0.411,0.59,1.0,0.643,1.0,1.0,0.554,0.69,1
CUST_02850,26,Male,Dar es Salaam,Muslim,Haya,Bachelor,"200,000-500,000",Tigo Pesa,5,0.2,0.94,0.43,0.3,Apple,USA,Premium,New,1678774,9.3,Physical Store,Mobile Money,1,2,0.0,0.4,0.9,0.964,1.0,1.0,0.451,0.62,0
CUST_03101,18,Female,Dodoma,Muslim,Others,No formal,"200,000-500,000",M-Pesa,3,0.34,0.96,0.59,0.0,Samsung,South Korea,Premium,Used,999242,7.4,Mobile,Mobile Money,0,11,0.201,0.437,0.9,0.883,0.6,1.0,0.549,0.64,1
CUST_02712,21,Male,Zanzibar,Christian,Others,No formal,"200,000-500,000",M-Pesa,4,0.66,0.97,0.8,0.3,Nokia,Finland,Mid-Range,Used,458871,6.8,Physical Store,Cash,0,11,0.0,0.544,1.0,0.897,0.6,1.0,0.417,0.72,1
CUST_03368,35,Female,Mwanza,Christian,Others,Secondary,"<200,000",Tigo Pesa,4,0.64,0.84,0.46,0.3,Itel,China,Budget,New,106916,6.6,Physical Store,Cash,0,2,0.401,0.304,1.0,0.832,1.0,1.0,0.601,0.77,1
CUST_02888,18,Male,Dodoma,Muslim,Others,Secondary,"1,000,001-2,000,000",Airtel Money,3,0.22,0.24,0.4,0.0,Samsung,South Korea,Premium,New,669791,9.6,Physical Store,Cash,0,2,0.866,0.384,0.9,0.61,1.0,1.0,0.79,0.84,1
CUST_03251,27,Male,Mwanza,Christian,Sukuma,No formal,"200,000-500,000",Halopesa,3,0.22,0.71,0.57,0.7,Apple,USA,Premium,New,2136362,9.4,Online,Cash,0,2,0.0,0.536,1.0,0.927,1.0,1.0,0.589,0.54,1
CUST_04301,31,Female,Dodoma,Muslim,Others,No formal,"500,001-1,000,000",M-Pesa,3,0.28,0.47,0.6,0.5,Tecno,China,Mid-Range,New,451537,7.8,Physical Store,Cash,0,1,0.469,0.468,0.9,0.855,1.0,1.0,0.717,0.78,1
CUST_04598,36,Female,Mbeya,Christian,Sukuma,Diploma,"500,001-1,000,000",M-Pesa,3,0.18,0.69,0.89,0.7,Infinix,China,Mid-Range,New,299747,6.6,Physical Store,Cash,0,12,0.483,0.587,1.0,0.993,1.0,1.0,0.609,0.74,1
CUST_03672,24,Female,Mbeya,Christian,Others,Secondary,"200,000-500,000",Tigo Pesa,1,0.28,0.86,0.47,0.7,Huawei,China,Premium,New,1559393,10.0,Physical Store,Mobile Money,0,1,0.0,0.47,1.0,0.971,1.0,1.0,0.47,0.69,1
CUST_04349,15,Female,Tanga,Christian,Others,Primary,"500,001-1,000,000",Halopesa,4,0.17,0.41,0.49,0.5,Xiaomi,China,Mid-Range,New,420331,7.4,Online,Cash,0,12,0.569,0.363,1.0,0.836,1.0,1.0,0.726,0.76,0
CUST_01599,38,Male,Arusha,Christian,Others,Diploma,"500,001-1,000,000",M-Pesa,4,0.25,0.69,0.53,0.3,Huawei,China,Premium,New,972437,8.8,Online,Cash,0,2,0.441,0.466,1.0,0.519,1.0,1.0,0.74,0.73,1
CUST_00038,15,Male,Tanga,Christian,Others,Primary,"200,000-500,000",M-Pesa,2,0.24,0.8,0.37,0.7,Nokia,Finland,Mid-Range,New,353728,8.0,Online,Cash,1,1,0.293,0.296,1.0,0.96,1.0,1.0,0.607,0.81,1
CUST_02690,37,Male,Zanzibar,Christian,Sukuma,Primary,"<200,000",Tigo Pesa,4,0.44,0.8,0.31,0.5,Samsung,South Korea,Premium,New,1340674,8.4,Physical Store,Cash,0,2,0.106,0.26,1.0,1.102,1.0,1.0,0.48,0.64,1
CUST_01613,51,Male,Zanzibar,Christian,Others,No formal,"<200,000",M-Pesa,1,0.3,0.8,0.54,0.7,Infinix,China,Mid-Range,New,386758,6.1,Physical Store,Cash,0,1,0.226,0.329,1.0,0.537,1.0,1.0,0.653,0.69,1
CUST_00192,45,Male,Tanga,Christian,Haya,Primary,"200,000-500,000",Tigo Pesa,2,0.3,0.99,0.67,0.5,Samsung,South Korea,Premium,New,660589,9.1,Online,Mobile Money,1,2,0.455,0.61,1.0,0.902,1.0,1.0,0.72,0.81,1
CUST_01136,21,Female,Dodoma,Muslim,Sukuma,Secondary,"1,000,001-2,000,000",M-Pesa,3,0.21,0.39,0.63,0.7,Tecno,China,Mid-Range,New,294255,6.7,Online,Mobile Money,1,12,0.713,0.422,0.9,0.688,1.0,1.0,0.575,0.74,1
CUST_01519,26,Female,Mwanza,Christian,Others,Bachelor,"<200,000",M-Pesa,1,0.38,0.97,0.86,0.0,Nokia,Finland,Mid-Range,New,280697,7.0,Online,Cash,0,2,0.319,0.602,1.0,0.945,1.0,1.0,0.663,0.76,1
CUST_01253,29,Male,Mbeya,Muslim,Others,Secondary,"200,000-500,000",Tigo Pesa,2,0.18,0.74,0.4,1.0,Infinix,China,Mid-Range,New,390564,6.1,Physical Store,Cash,1,2,0.277,0.244,0.9,0.684,1.0,0.8,0.566,0.69,1
CUST_04457,38,Male,Zanzibar,Christian,Others,Secondary,"<200,000",Airtel Money,4,0.05,0.79,0.55,0.5,Xiaomi,China,Mid-Range,New,549742,6.7,Physical Store,Mobile Money,1,2,0.0,0.369,1.0,0.867,1.0,1.0,0.401,0.69,1
CUST_01794,20,Female,Tanga,Muslim,Others,Secondary,"<200,000",Airtel Money,3,0.12,0.84,0.87,0.0,Samsung,South Korea,Premium,New,1409541,9.5,Mobile,Cash,1,11,0.013,0.826,0.9,0.627,1.0,1.0,0.662,0.69,1
CUST_02217,15,Male,Dar es Salaam,Muslim,Chagga,No formal,"200,000-500,000",Tigo Pesa,4,0.35,0.82,0.43,0.5,Samsung,South Korea,Premium,New,1648607,9.9,Physical Store,Mobile Money,0,2,0.0,0.426,0.9,0.87,1.0,1.0,0.284,0.66,1
CUST_03477,18,Male,Mbeya,Christian,Gogo,Diploma,"500,001-1,000,000",Airtel Money,3,0.19,0.71,0.62,0.3,Oppo,China,Mid-Range,New,517187,7.7,Physical Store,Cash,0,2,0.082,0.477,1.0,0.586,1.0,1.0,0.466,0.76,1
CUST_04992,35,Female,Tanga,Christian,Others,Primary,"1,000,001-2,000,000",M-Pesa,3,0.42,0.38,0.76,0.0,Nokia,Finland,Mid-Range,New,253940,7.7,Physical Store,Mobile Money,0,1,0.759,0.585,1.0,0.577,1.0,1.0,0.771,0.81,0
CUST_02535,29,Female,Dar es Salaam,Christian,Others,Primary,"500,001-1,000,000",Airtel Money,3,0.17,0.57,0.39,1.0,Samsung,South Korea,Premium,New,1987885,8.4,Physical Store,Cash,0,1,0.056,0.328,1.0,0.803,1.0,0.8,0.631,0.51,1
CUST_02076,36,Male,Mwanza,Muslim,Others,Secondary,"200,000-500,000",M-Pesa,5,0.11,0.74,0.64,0.5,Samsung,South Korea,Premium,New,1608447,8.5,Physical Store,Mobile Money,0,2,0.008,0.544,0.9,0.665,1.0,1.0,0.599,0.59,1
CUST_04037,27,Male,Zanzibar,Muslim,Others,Secondary,"200,000-500,000",Tigo Pesa,3,0.16,0.76,0.79,0.5,Vivo,China,Mid-Range,New,450627,6.9,Online,Cash,0,2,0.144,0.545,0.9,0.766,1.0,1.0,0.418,0.72,0
CUST_03705,42,Female,Mbeya,Christian,Others,Diploma,"200,000-500,000",Airtel Money,2,0.25,0.92,0.54,0.0,Huawei,China,Premium,New,674111,8.1,Physical Store,Cash,0,1,0.483,0.437,1.0,0.525,1.0,1.0,0.771,0.75,1
CUST_02381,38,Female,Morogoro,Christian,Nyamwezi,Bachelor,"500,001-1,000,000",M-Pesa,1,0.21,0.75,0.54,0.3,Infinix,China,Mid-Range,New,543005,6.9,Physical Store,Cash,1,2,0.0,0.373,1.0,0.842,1.0,1.0,0.432,0.71,1
CUST_03710,30,Female,Dodoma,Muslim,Others,Diploma,"<200,000",Airtel Money,4,0.23,0.82,0.53,0.3,Huawei,China,Premium,New,893566,9.2,Physical Store,Cash,0,2,0.389,0.488,0.9,0.565,1.0,1.0,0.537,0.77,1
CUST_04646,23,Female,Morogoro,Christian,Chagga,Secondary,"200,000-500,000",Halopesa,3,0.31,1.0,0.52,0.5,Nokia,Finland,Mid-Range,Used,448948,5.1,Online,Cash,0,1,0.0,0.265,1.0,0.818,0.6,1.0,0.218,0.62,1
CUST_02002,23,Female,Arusha,Muslim,Chagga,No formal,"200,000-500,000",M-Pesa,2,0.06,0.77,0.46,0.0,Vivo,China,Mid-Range,New,516885,7.1,Physical Store,Cash,0,12,0.005,0.327,0.9,0.904,1.0,1.0,0.547,0.72,1
CUST_01312,19,Male,Dodoma,Christian,Makonde,Secondary,"200,000-500,000",M-Pesa,5,0.64,0.79,0.59,0.3,Huawei,China,Premium,New,1885578,9.4,Physical Store,Cash,0,2,0.0,0.555,1.0,1.0,1.0,1.0,0.608,0.59,1
CUST_02935,46,Male,Arusha,Muslim,Others,Secondary,"200,000-500,000",M-Pesa,4,0.38,0.72,0.54,0.5,Huawei,China,Premium,New,666928,8.5,Physical Store,Cash,0,2,0.6,0.459,0.9,0.528,1.0,1.0,0.585,0.78,1
CUST_03101,18,Female,Dodoma,Muslim,Others,No formal,"200,000-500,000",M-Pesa,3,0.34,0.96,0.59,0.0,Itel,China,Budget,New,113850,5.1,Physical Store,Mobile Money,0,2,0.271,0.301,0.9,0.552,1.0,1.0,0.461,0.68,1
CUST_02174,20,Male,Morogoro,Christian,Others,Secondary,"200,000-500,000",M-Pesa,2,0.34,0.82,0.36,1.0,Nokia,Finland,Mid-Range,Used,245080,5.2,Mobile,Cash,1,2,0.498,0.187,1.0,0.756,0.6,0.8,0.44,0.66,1
CUST_01925,29,Female,Dodoma,Christian,Sukuma,No formal,"<200,000",Airtel Money,5,0.56,0.78,0.33,0.5,Vivo,China,Mid-Range,Used,235430,6.1,Physical Store,Mobile Money,1,2,0.541,0.201,1.0,0.778,0.6,1.0,0.621,0.72,1
CUST_01121,41,Female,Mwanza,Christian,Others,Primary,"500,001-1,000,000",Tigo Pesa,5,0.4,0.5,0.51,0.5,Nokia,Finland,Mid-Range,New,484991,7.9,Physical Store,Mobile Money,1,2,0.394,0.403,1.0,0.506,1.0,1.0,0.659,0.78,0
CUST_03104,34,Male,Dodoma,Muslim,Others,Secondary,"1,000,001-2,000,000",Tigo Pesa,5,0.51,0.45,0.43,0.3,Samsung,South Korea,Premium,New,1131426,8.9,Physical Store,Cash,0,2,0.576,0.383,0.9,1.069,1.0,1.0,0.691,0.71,1
CUST_03438,19,Female,Mwanza,Christian,Others,Secondary,"<200,000",Halopesa,1,0.29,0.78,0.36,0.0,Samsung,South Korea,Premium,New,1854887,9.2,Physical Store,Mobile Money,0,2,0.0,0.331,1.0,0.671,1.0,1.0,0.137,0.58,0
CUST_01261,17,Male,Dodoma,Christian,Sukuma,Diploma,"200,000-500,000",M-Pesa,3,0.1,0.95,0.78,0.0,Nokia,Finland,Mid-Range,New,356969,6.6,Online,Cash,0,2,0.152,0.515,1.0,0.52,1.0,1.0,0.55,0.72,1
CUST_00391,18,Female,Dodoma,Muslim,Nyamwezi,Primary,"200,000-500,000",Airtel Money,3,0.11,0.72,0.83,0.0,Samsung,South Korea,Premium,New,954677,9.7,Physical Store,Cash,0,2,0.427,0.805,0.9,0.959,1.0,1.0,0.523,0.79,1
CUST_01539,28,Male,Arusha,Christian,Others,Secondary,"200,000-500,000",Halopesa,3,0.13,1.0,0.61,0.7,Nokia,Finland,Mid-Range,New,267881,6.2,Physical Store,Mobile Money,0,12,0.33,0.378,1.0,0.828,1.0,1.0,0.634,0.72,1
CUST_02393,18,Male,Morogoro,Christian,Others,Master+,"500,001-1,000,000",M-Pesa,1,0.54,0.67,0.59,0.7,Samsung,South Korea,Premium,New,1695956,9.1,Physical Store,Mobile Money,1,1,0.053,0.537,1.0,0.722,1.0,1.0,0.597,0.61,0
CUST_03699,48,Female,Morogoro,Muslim,Gogo,Secondary,">2,000,000",Tigo Pesa,4,0.17,0.25,0.37,0.3,Samsung,South Korea,Premium,New,1887464,8.9,Physical Store,Mobile Money,1,2,0.607,0.329,0.9,0.905,1.0,1.0,0.711,0.56,1
CUST_01840,42,Male,Mbeya,Christian,Others,Bachelor,"500,001-1,000,000",M-Pesa,4,0.41,0.48,0.51,0.7,Huawei,China,Premium,New,2216752,8.6,Physical Store,Cash,0,2,0.113,0.439,1.0,0.95,1.0,1.0,0.579,0.47,1
CUST_03120,33,Male,Arusha,Muslim,Haya,Secondary,"500,001-1,000,000",Tigo Pesa,4,0.51,0.76,0.8,1.0,Nokia,Finland,Mid-Range,New,319515,7.8,Physical Store,Mobile Money,0,1,0.393,0.624,0.9,0.78,1.0,0.8,0.602,0.8,1
CUST_00633,39,Female,Morogoro,Christian,Others,Primary,"200,000-500,000",Halopesa,3,0.31,0.87,0.53,0.7,Infinix,China,Mid-Range,New,338470,6.5,Physical Store,Mobile Money,1,2,0.264,0.344,1.0,0.994,1.0,1.0,0.581,0.72,1
CUST_02414,21,Male,Morogoro,Christian,Others,No formal,"500,001-1,000,000",Halopesa,2,0.15,0.58,0.84,0.5,Samsung,South Korea,Premium,New,1275563,9.5,Online,Mobile Money,0,2,0.383,0.798,1.0,0.947,1.0,1.0,0.664,0.71,1
CUST_04978,26,Female,Dar es Salaam,Muslim,Nyamwezi,Diploma,">2,000,000",Tigo Pesa,4,0.15,0.49,0.79,0.5,Tecno,China,Mid-Range,New,491885,6.9,Mobile,Cash,1,2,0.397,0.545,0.9,0.864,1.0,1.0,0.618,0.72,1
CUST_04514,26,Male,Arusha,Muslim,Haya,Secondary,"<200,000",Tigo Pesa,5,0.09,0.77,0.77,0.7,Huawei,China,Premium,New,2330123,8.3,Mobile,Mobile Money,0,1,0.0,0.639,0.9,0.578,1.0,1.0,0.352,0.43,1
CUST_00930,29,Male,Mwanza,Christian,Others,Secondary,"<200,000",Tigo Pesa,4,0.53,0.97,0.49,0.7,Itel,China,Budget,New,206866,5.0,Mobile,Cash,1,11,0.0,0.245,1.0,0.616,1.0,1.0,0.506,0.66,1
CUST_00039,19,Female,Mbeya,Muslim,Others,Secondary,"500,001-1,000,000",Tigo Pesa,2,0.17,0.54,0.89,0.5,Nokia,Finland,Mid-Range,New,410834,6.6,Online,Mobile Money,0,2,0.445,0.587,0.9,0.807,1.0,1.0,0.553,0.71,1
CUST_03644,31,Male,Mwanza,Other,Haya,Bachelor,"200,000-500,000",M-Pesa,2,0.21,0.77,0.39,0.5,Infinix,China,Mid-Range,New,571307,7.4,Physical Store,Card,0,1,0.0,0.289,1.0,0.781,1.0,1.0,0.483,0.73,1
CUST_04493,40,Female,Arusha,Muslim,Others,Primary,"500,001-1,000,000",M-Pesa,3,0.11,0.51,0.36,0.0,Huawei,China,Premium,New,864516,9.3,Online,Cash,0,1,0.633,0.335,0.9,0.526,1.0,1.0,0.66,0.79,1
CUST_01297,37,Female,Dar es Salaam,Christian,Nyamwezi,Primary,"500,001-1,000,000",Airtel Money,3,0.26,0.5,0.79,0.0,Tecno,China,Mid-Range,New,283026,7.8,Physical Store,Mobile Money,0,2,0.646,0.616,1.0,0.952,1.0,1.0,0.652,0.81,0
CUST_02554,15,Female,Dar es Salaam,Muslim,Others,Bachelor,"<200,000",M-Pesa,2,0.42,0.98,0.75,0.7,Samsung,South Korea,Premium,New,1551349,8.2,Online,Cash,0,2,0.0,0.615,0.9,0.828,1.0,1.0,0.7,0.58,1
CUST_00679,41,Female,Dar es Salaam,Muslim,Others,Secondary,"1,000,001-2,000,000",Halopesa,4,0.41,0.29,0.8,0.7,Nokia,Finland,Mid-Range,New,326332,7.9,Mobile,Mobile Money,1,2,0.763,0.632,0.9,0.507,1.0,1.0,0.908,0.81,1
CUST_03547,43,Female,Arusha,Muslim,Others,No formal,"200,000-500,000",M-Pesa,4,0.19,0.93,0.38,0.5,Nokia,Finland,Mid-Range,New,297058,7.0,Physical Store,Cash,0,2,0.309,0.266,0.9,0.926,1.0,1.0,0.49,0.76,1
CUST_03416,33,Male,Arusha,Muslim,Others,Diploma,"200,000-500,000",Tigo Pesa,3,0.36,0.93,0.73,0.3,Oppo,China,Mid-Range,New,320072,6.9,Online,Mobile Money,0,1,0.256,0.504,0.9,0.672,1.0,1.0,0.529,0.75,1
CUST_04353,39,Male,Dar es Salaam,Other,Nyamwezi,Diploma,"500,001-1,000,000",Tigo Pesa,3,0.31,0.75,0.31,0.7,Xiaomi,China,Mid-Range,New,515118,7.8,Physical Store,Mobile Money,0,2,0.034,0.242,1.0,0.748,1.0,1.0,0.437,0.76,1
CUST_02050,34,Female,Zanzibar,Muslim,Others,No formal,"500,001-1,000,000",Halopesa,4,0.23,0.62,0.84,0.0,Samsung,South Korea,Premium,New,2004478,8.3,Physical Store,Mobile Money,0,2,0.0,0.697,0.9,1.095,1.0,1.0,0.447,0.5,0
CUST_04160,15,Female,Dar es Salaam,Christian,Others,Primary,"200,000-500,000",M-Pesa,4,0.44,0.89,0.66,0.3,Vivo,China,Mid-Range,Used,266366,5.3,Physical Store,Mobile Money,0,2,0.407,0.35,1.0,0.679,0.6,1.0,0.55,0.66,0
CUST_04317,55,Male,Dodoma,Christian,Haya,Secondary,"200,000-500,000",Airtel Money,4,0.08,0.8,0.74,0.0,Samsung,South Korea,Premium,New,2453093,9.4,Physical Store,Card,0,2,0.0,0.696,1.0,0.812,1.0,1.0,0.586,0.47,1
CUST_02100,15,Male,Mwanza,Christian,Others,Diploma,"<200,000",Tigo Pesa,4,0.4,0.85,0.85,0.5,Samsung,South Korea,Premium,New,1689042,9.7,Physical Store,Mobile Money,1,2,0.0,0.824,1.0,1.147,1.0,1.0,0.689,0.64,1
CUST_04256,19,Female,Dodoma,Christian,Others,No formal,">2,000,000",M-Pesa,2,0.38,0.36,0.5,0.7,Apple,USA,Premium,New,2212206,8.4,Physical Store,Mobile Money,1,2,0.336,0.42,1.0,1.127,1.0,1.0,0.682,0.46,0
CUST_03559,26,Male,Arusha,Christian,Gogo,Primary,"<200,000",Tigo Pesa,4,0.31,0.84,0.43,0.7,Vivo,China,Mid-Range,New,599166,6.7,Physical Store,Cash,0,1,0.0,0.288,1.0,0.639,1.0,1.0,0.437,0.68,1
CUST_00658,29,Female,Tanga,Muslim,Sukuma,Primary,"1,000,001-2,000,000",M-Pesa,1,0.12,0.15,0.79,1.0,Vivo,China,Mid-Range,New,427032,7.2,Physical Store,Cash,1,12,0.84,0.569,0.9,0.664,1.0,0.8,0.741,0.75,1
CUST_04192,31,Female,Dar es Salaam,Christian,Sukuma,Primary,"<200,000",Tigo Pesa,4,0.15,0.72,0.32,0.0,Oppo,China,Mid-Range,New,538921,7.2,Online,Cash,0,2,0.03,0.23,1.0,0.677,1.0,1.0,0.376,0.72,1
CUST_01703,21,Male,Arusha,Muslim,Others,Secondary,"500,001-1,000,000",M-Pesa,3,0.05,0.48,0.35,0.5,Samsung,South Korea,Premium,New,664016,9.0,Online,Mobile Money,0,2,0.734,0.315,0.9,0.689,1.0,1.0,0.646,0.81,1
CUST_00805,21,Female,Morogoro,Christian,Others,Bachelor,"500,001-1,000,000",M-Pesa,2,0.52,0.78,0.4,0.0,Samsung,South Korea,Premium,New,2228446,8.3,Physical Store,Cash,0,1,0.0,0.332,1.0,0.959,1.0,1.0,0.639,0.45,1
CUST_01279,32,Male,Morogoro,Muslim,Others,No formal,"500,001-1,000,000",Tigo Pesa,4,0.23,0.44,0.82,0.5,Nokia,Finland,Mid-Range,New,564597,6.4,Physical Store,Mobile Money,0,1,0.379,0.525,0.9,0.579,1.0,1.0,0.614,0.67,1
CUST_01670,22,Female,Dar es Salaam,Christian,Gogo,Secondary,"200,000-500,000",Tigo Pesa,1,0.3,0.79,0.62,0.5,Xiaomi,China,Mid-Range,New,538966,7.2,Online,Mobile Money,0,1,0.0,0.446,1.0,0.968,1.0,1.0,0.534,0.72,1
CUST_04233,20,Male,Dar es Salaam,Muslim,Others,Master+,"500,001-1,000,000",M-Pesa,4,0.21,0.78,0.33,0.5,Nokia,Finland,Mid-Range,New,511260,6.5,Physical Store,Mobile Money,0,1,0.003,0.215,0.9,0.921,1.0,1.0,0.498,0.69,1
CUST_02971,22,Male,Dodoma,Christian,Sukuma,Secondary,"1,000,001-2,000,000",Airtel Money,3,0.11,0.19,0.66,0.3,Apple,USA,Premium,New,1884756,9.7,Physical Store,Mobile Money,0,1,0.702,0.64,1.0,1.068,1.0,1.0,0.687,0.61,1
CUST_00238,20,Female,Mwanza,Christian,Nyamwezi,Diploma,"500,001-1,000,000",M-Pesa,2,0.26,0.42,0.32,0.3,Xiaomi,China,Mid-Range,New,483534,7.9,Physical Store,Cash,0,2,0.492,0.253,1.0,0.767,1.0,1.0,0.609,0.78,1
CUST_03578,34,Male,Zanzibar,Christian,Others,Primary,"500,001-1,000,000",M-Pesa,4,0.34,0.61,0.82,0.3,Huawei,China,Premium,New,1284051,8.8,Physical Store,Cash,1,12,0.347,0.722,1.0,0.863,1.0,1.0,0.676,0.67,1
CUST_01675,33,Male,Arusha,Christian,Others,Secondary,"200,000-500,000",M-Pesa,4,0.14,0.73,0.87,0.5,Nokia,Finland,Mid-Range,New,531298,7.7,Physical Store,Cash,0,1,0.03,0.67,1.0,0.944,1.0,1.0,0.595,0.76,1
CUST_01682,35,Female,Morogoro,Christian,Nyamwezi,Primary,"200,000-500,000",M-Pesa,2,0.21,1.0,0.39,0.0,Tecno,China,Mid-Range,New,519296,6.5,Physical Store,Cash,0,1,0.0,0.254,1.0,0.597,1.0,1.0,0.521,0.69,1
CUST_01402,27,Female,Mwanza,Christian,Sukuma,Secondary,">2,000,000",Tigo Pesa,3,0.46,0.49,0.9,0.5,Nokia,Finland,Mid-Range,New,476359,7.2,Mobile,Card,1,1,0.416,0.648,1.0,0.784,1.0,1.0,0.663,0.74,1
CUST_04094,25,Male,Dar es Salaam,Christian,Others,Secondary,"1,000,001-2,000,000",M-Pesa,3,0.08,0.37,0.65,0.3,Tecno,China,Mid-Range,Used,170507,6.3,Mobile,Card,1,12,0.842,0.41,1.0,0.826,0.6,1.0,0.834,0.74,1
CUST_02263,40,Male,Mbeya,Christian,Others,Secondary,"1,000,001-2,000,000",M-Pesa,4,0.3,0.39,0.89,1.0,Oppo,China,Mid-Range,Used,328137,5.3,Physical Store,Mobile Money,0,2,0.68,0.472,1.0,0.554,0.6,0.8,0.535,0.65,1
CUST_00623,15,Female,Tanga,Muslim,Sukuma,Primary,"200,000-500,000",M-Pesa,3,0.13,0.77,0.33,0.7,Tecno,China,Mid-Range,New,323059,6.7,Physical Store,Mobile Money,0,2,0.378,0.221,0.9,0.767,1.0,1.0,0.359,0.74,1
CUST_00854,31,Male,Mbeya,Muslim,Others,Bachelor,"200,000-500,000",Airtel Money,1,0.22,0.86,0.35,1.0,Itel,China,Budget,New,246771,6.7,Physical Store,Cash,1,2,0.0,0.234,0.9,0.851,1.0,0.8,0.376,0.75,1
CUST_02285,36,Male,Morogoro,Christian,Others,Primary,"1,000,001-2,000,000",Tigo Pesa,2,0.09,0.44,0.65,0.0,Tecno,China,Mid-Range,Used,181339,6.0,Physical Store,Mobile Money,0,2,0.801,0.39,1.0,0.653,0.6,1.0,0.579,0.72,1
CUST_00173,32,Male,Dar es Salaam,Christian,Others,Primary,"200,000-500,000",M-Pesa,5,0.24,0.7,0.74,1.0,Tecno,China,Mid-Range,New,560856,7.8,Online,Cash,0,12,0.019,0.577,1.0,0.903,1.0,0.8,0.528,0.76,1
CUST_00141,35,Male,Dar es Salaam,Christian,Sukuma,Primary,"200,000-500,000",Tigo Pesa,3,0.03,0.95,0.72,0.3,Infinix,China,Mid-Range,New,577195,6.5,Online,Card,0,2,0.0,0.468,1.0,0.986,1.0,1.0,0.294,0.67,0
CUST_00609,33,Female,Mwanza,Muslim,Others,Primary,"500,001-1,000,000",M-Pesa,3,0.41,0.79,0.4,0.5,Oppo,China,Mid-Range,New,354159,7.1,Physical Store,Mobile Money,1,2,0.301,0.284,0.9,0.655,1.0,1.0,0.457,0.76,1
CUST_01209,34,Female,Mwanza,Muslim,Nyamwezi,Bachelor,"1,000,001-2,000,000",M-Pesa,3,0.22,0.31,0.61,0.0,Samsung,South Korea,Premium,New,2346859,8.1,Physical Store,Cash,0,1,0.394,0.494,0.9,1.009,1.0,1.0,0.677,0.42,1
CUST_02449,30,Male,Dar es Salaam,Muslim,Others,Secondary,"500,001-1,000,000",Halopesa,4,0.1,0.71,0.71,0.0,Vivo,China,Mid-Range,New,383560,7.9,Physical Store,Cash,0,1,0.319,0.561,0.9,0.936,1.0,1.0,0.61,0.8,1
CUST_01467,40,Male,Dar es Salaam,Muslim,Others,Primary,"<200,000",Halopesa,2,0.14,0.96,0.41,0.5,Samsung,South Korea,Premium,New,2205282,9.4,Physical Store,Cash,1,2,0.0,0.385,0.9,0.934,1.0,1.0,0.464,0.52,1
CUST_01128,35,Male,Dar es Salaam,Christian,Others,Primary,"200,000-500,000",Airtel Money,3,0.39,0.85,0.38,0.3,Tecno,China,Mid-Range,Used,282843,6.8,Online,Cash,0,2,0.399,0.258,1.0,0.8,0.6,1.0,0.438,0.75,1
CUST_02130,26,Female,Dar es Salaam,Christian,Sukuma,Bachelor,"<200,000",Tigo Pesa,4,0.18,0.87,0.44,0.7,Xiaomi,China,Mid-Range,New,269047,6.4,Online,Mobile Money,1,2,0.415,0.282,1.0,0.685,1.0,1.0,0.45,0.73,1
CUST_03042,33,Male,Mwanza,Muslim,Gogo,No formal,"200,000-500,000",M-Pesa,1,0.12,0.84,0.72,0.0,Tecno,China,Mid-Range,New,259903,7.8,Physical Store,Card,1,2,0.454,0.562,0.9,0.862,1.0,1.0,0.61,0.82,1
CUST_04411,41,Male,Mwanza,Christian,Haya,Diploma,"200,000-500,000",Halopesa,4,0.09,0.83,0.73,0.5,Apple,USA,Premium,New,2111617,8.1,Physical Store,Mobile Money,0,12,0.0,0.591,1.0,1.188,1.0,1.0,0.62,0.46,1
CUST_00814,24,Female,Dodoma,Christian,Others,Primary,"<200,000",Airtel Money,4,0.22,0.72,0.47,0.3,Infinix,China,Mid-Range,New,581443,7.8,Mobile,Cash,0,2,0.0,0.367,1.0,0.67,1.0,1.0,0.387,0.75,1
CUST_03326,18,Male,Dodoma,Christian,Others,Primary,"<200,000",None,4,0.25,0.73,0.76,0.5,Samsung,South Korea,Premium,New,2124441,9.7,Online,Cash,0,2,0.0,0.737,1.0,0.645,1.0,1.0,0.683,0.56,1
CUST_00777,15,Male,Mwanza,Muslim,Nyamwezi,Primary,"<200,000",Halopesa,5,0.22,0.76,0.48,0.3,Oppo,China,Mid-Range,New,502560,7.4,Online,Card,1,2,0.045,0.355,0.9,0.886,1.0,1.0,0.606,0.74,1
CUST_03481,36,Female,Morogoro,Christian,Sukuma,Bachelor,"500,001-1,000,000",Tigo Pesa,3,0.38,0.59,0.53,0.3,Itel,China,Budget,New,131050,6.0,Physical Store,Cash,0,2,0.485,0.318,1.0,0.529,1.0,1.0,0.626,0.73,1
CUST_02100,15,Male,Mwanza,Christian,Others,Diploma,"<200,000",Tigo Pesa,4,0.4,0.85,0.85,0.5,Itel,China,Budget,New,198895,6.4,Physical Store,Cash,0,2,0.0,0.544,1.0,0.922,1.0,1.0,0.426,0.74,1
CUST_03857,32,Female,Dodoma,Muslim,Others,Diploma,"<200,000",M-Pesa,3,0.15,0.94,0.42,0.5,Samsung,South Korea,Premium,New,632888,8.1,Physical Store,Cash,0,2,0.504,0.34,0.9,0.994,1.0,1.0,0.592,0.76,1
CUST_03553,15,Female,Dar es Salaam,Muslim,Others,No formal,"500,001-1,000,000",Airtel Money,3,0.05,0.46,0.52,0.3,Samsung,South Korea,Premium,New,1352508,9.1,Physical Store,Cash,1,2,0.482,0.473,0.9,1.184,1.0,1.0,0.549,0.68,1
CUST_02016,38,Female,Dodoma,Muslim,Haya,Diploma,"200,000-500,000",Tigo Pesa,4,0.13,0.77,0.73,0.0,Apple,USA,Premium,New,1825101,9.7,Physical Store,Card,0,1,0.0,0.708,0.9,0.746,1.0,1.0,0.619,0.62,1
CUST_00882,15,Female,Dar es Salaam,Christian,Nyamwezi,Diploma,"500,001-1,000,000",M-Pesa,5,0.08,0.57,0.83,0.3,Infinix,China,Mid-Range,New,301788,7.0,Physical Store,Mobile Money,1,2,0.57,0.581,1.0,0.584,1.0,1.0,0.773,0.76,1
CUST_02788,26,Male,Dar es Salaam,Christian,Sukuma,Primary,"500,001-1,000,000",M-Pesa,3,0.01,0.76,0.76,0.3,Nokia,Finland,Mid-Range,New,301435,7.6,Physical Store,Mobile Money,1,2,0.427,0.578,1.0,0.941,1.0,1.0,0.659,0.8,0
CUST_01489,21,Male,Zanzibar,Christian,Sukuma,Bachelor,"200,000-500,000",Halopesa,2,0.32,0.76,0.43,0.7,Tecno,China,Mid-Range,New,528572,6.1,Physical Store,Mobile Money,1,1,0.0,0.262,1.0,0.55,1.0,1.0,0.333,0.66,1
CUST_01000,23,Male,Zanzibar,Muslim,Others,Primary,"200,000-500,000",M-Pesa,4,0.09,0.9,0.84,0.0,Itel,China,Budget,New,216103,6.7,Physical Store,Cash,1,2,0.0,0.563,0.9,0.94,1.0,1.0,0.33,0.76,1
CUST_04264,33,Male,Zanzibar,Muslim,Others,No formal,"500,001-1,000,000",M-Pesa,2,0.09,0.8,0.62,0.0,Nokia,Finland,Mid-Range,New,286165,7.1,Online,Cash,0,2,0.428,0.44,0.9,0.878,1.0,1.0,0.674,0.77,1
CUST_03482,32,Female,Dar es Salaam,Christian,Others,Primary,"200,000-500,000",Airtel Money,3,0.21,0.75,0.65,0.0,Nokia,Finland,Mid-Range,New,575314,7.8,Physical Store,Mobile Money,0,2,0.0,0.507,1.0,0.758,1.0,1.0,0.392,0.75,1
CUST_00157,35,Male,Mwanza,Muslim,Others,Primary,"500,001-1,000,000",Airtel Money,5,0.08,0.66,0.33,0.3,Itel,China,Budget,Used,128840,5.3,Mobile,Cash,0,2,0.433,0.175,0.9,0.951,0.6,1.0,0.575,0.69,1
CUST_03723,20,Female,Dar es Salaam,Christian,Others,Secondary,"<200,000",Tigo Pesa,4,0.23,0.98,0.73,0.3,Samsung,South Korea,Premium,New,1781403,8.2,Online,Cash,0,2,0.0,0.599,1.0,0.817,1.0,1.0,0.532,0.54,1
CUST_02086,29,Male,Morogoro,Christian,Nyamwezi,Primary,"200,000-500,000",Tigo Pesa,5,0.07,0.77,0.52,0.5,Huawei,China,Premium,New,2158151,8.9,Online,Mobile Money,1,2,0.0,0.463,1.0,0.563,1.0,1.0,0.464,0.5,1
CUST_04154,20,Female,Arusha,Christian,Others,Primary,"500,001-1,000,000",M-Pesa,5,0.44,0.73,0.52,0.3,Tecno,China,Mid-Range,Used,478991,5.4,Online,Mobile Money,0,2,0.126,0.281,1.0,0.948,0.6,1.0,0.61,0.63,1
CUST_00625,35,Male,Arusha,Muslim,Gogo,Secondary,"500,001-1,000,000",M-Pesa,2,0.03,0.6,0.67,0.5,Apple,USA,Premium,New,1658522,9.6,Physical Store,Cash,0,2,0.171,0.643,0.9,0.838,1.0,1.0,0.542,0.64,0
CUST_02532,33,Female,Arusha,Muslim,Others,Primary,"200,000-500,000",Airtel Money,3,0.48,0.96,0.58,0.5,Apple,USA,Premium,New,1516226,9.7,Physical Store,Mobile Money,1,2,0.0,0.563,0.9,0.611,1.0,1.0,0.541,0.68,1
CUST_01386,25,Male,Dodoma,Christian,Gogo,Secondary,"200,000-500,000",Tigo Pesa,4,0.01,0.8,0.69,0.0,Apple,USA,Premium,New,2272524,9.3,Physical Store,Cash,0,1,0.0,0.642,1.0,1.044,1.0,1.0,0.648,0.5,1
CUST_00348,21,Male,Morogoro,Muslim,Others,Diploma,"<200,000",M-Pesa,1,0.05,0.83,0.73,0.3,Nokia,Finland,Mid-Range,Used,150557,6.3,Online,Cash,0,1,0.688,0.46,0.9,0.685,0.6,1.0,0.547,0.75,1
CUST_00570,27,Female,Mwanza,Christian,Others,Primary,"<200,000",M-Pesa,1,0.29,0.72,0.43,0.3,Infinix,China,Mid-Range,New,512879,6.2,Online,Cash,0,2,0.077,0.267,1.0,0.584,1.0,1.0,0.476,0.67,1
CUST_01191,27,Male,Mbeya,Christian,Makonde,Primary,"500,001-1,000,000",None,5,0.45,0.43,0.47,0.5,Nokia,Finland,Mid-Range,Used,245140,5.1,Physical Store,Cash,0,2,0.736,0.24,1.0,0.937,0.6,1.0,0.728,0.66,1
CUST_04655,37,Male,Mbeya,Christian,Haya,Bachelor,"200,000-500,000",Halopesa,3,0.33,0.88,0.49,0.7,Itel,China,Budget,New,106027,4.1,Mobile,Cash,0,1,0.378,0.201,1.0,0.603,1.0,1.0,0.575,0.62,1
CUST_00793,39,Male,Dar es Salaam,Muslim,Others,No formal,"500,001-1,000,000",Tigo Pesa,3,0.24,0.43,0.4,0.5,Infinix,China,Mid-Range,New,585103,7.4,Online,Mobile Money,0,12,0.371,0.296,0.9,0.961,1.0,1.0,0.45,0.73,1
CUST_02849,18,Female,Zanzibar,Christian,Haya,No formal,"1,000,001-2,000,000",M-Pesa,4,0.3,0.13,0.78,0.3,Oppo,China,Mid-Range,New,409374,6.6,Physical Store,Cash,0,1,0.867,0.515,1.0,0.866,1.0,1.0,0.701,0.71,1
CUST_00571,18,Female,Mbeya,Christian,Sukuma,Diploma,"<200,000",Tigo Pesa,3,0.17,0.82,0.46,0.3,Apple,USA,Premium,New,2281606,8.0,Online,Mobile Money,0,2,0.0,0.368,1.0,1.152,1.0,1.0,0.572,0.42,1
CUST_04500,33,Male,Dar es Salaam,Christian,Others,Secondary,"200,000-500,000",Airtel Money,1,0.02,0.98,0.46,0.3,Infinix,China,Mid-Range,New,506317,6.2,Physical Store,Cash,0,2,0.0,0.285,1.0,0.851,1.0,1.0,0.542,0.67,1
CUST_00751,28,Female,Arusha,Christian,Others,Primary,"500,001-1,000,000",Airtel Money,4,0.16,0.53,0.36,0.0,Apple,USA,Premium,New,1686790,9.9,Physical Store,Cash,1,12,0.255,0.356,1.0,0.845,1.0,1.0,0.473,0.66,1
CUST_04328,17,Female,Mwanza,Christian,Sukuma,Primary,"200,000-500,000",Airtel Money,3,0.43,0.89,0.71,0.3,Tecno,China,Mid-Range,New,355990,6.1,Online,Cash,1,12,0.208,0.433,1.0,0.584,1.0,1.0,0.607,0.69,0
CUST_04273,15,Female,Mwanza,Muslim,Others,Primary,"<200,000",Tigo Pesa,2,0.21,0.73,0.83,0.3,Tecno,China,Mid-Range,New,315066,6.9,Physical Store,Mobile Money,1,2,0.425,0.573,0.9,0.558,1.0,1.0,0.502,0.75,0
CUST_01612,22,Male,Dar es Salaam,Muslim,Others,Secondary,"1,000,001-2,000,000",M-Pesa,3,0.21,0.42,0.4,0.7,Samsung,South Korea,Premium,New,1004474,8.8,Online,Cash,0,1,0.648,0.352,0.9,0.817,1.0,1.0,0.599,0.73,1
CUST_01524,26,Male,Dar es Salaam,Christian,Haya,Primary,"500,001-1,000,000",M-Pesa,2,0.29,0.51,0.4,0.0,Nokia,Finland,Mid-Range,New,474404,6.7,Physical Store,Cash,0,2,0.395,0.268,1.0,0.507,1.0,1.0,0.541,0.71,1
CUST_00844,23,Female,Dodoma,Christian,Sukuma,No formal,"1,000,001-2,000,000",Tigo Pesa,4,0.52,0.16,0.35,0.3,Apple,USA,Premium,New,1148186,8.3,Physical Store,Cash,0,1,0.847,0.29,1.0,1.066,1.0,1.0,0.687,0.67,1
CUST_01410,43,Female,Dar es Salaam,Muslim,Haya,Primary,"200,000-500,000",M-Pesa,3,0.18,0.79,0.43,0.3,Huawei,China,Premium,New,1877099,9.3,Physical Store,Cash,0,2,0.0,0.4,0.9,0.834,1.0,1.0,0.436,0.58,1
CUST_02739,30,Male,Mwanza,Christian,Chagga,No formal,"500,001-1,000,000",M-Pesa,3,0.14,0.75,0.83,0.5,Nokia,Finland,Mid-Range,New,498720,7.0,Physical Store,Cash,0,2,0.065,0.581,1.0,0.803,1.0,1.0,0.691,0.72,1
CUST_00294,34,Female,Morogoro,Christian,Makonde,Diploma,"500,001-1,000,000",M-Pesa,3,0.15,0.65,0.74,0.7,Itel,China,Budget,New,83532,6.4,Physical Store,Cash,0,2,0.638,0.474,1.0,0.945,1.0,1.0,0.664,0.77,1
CUST_00830,25,Female,Mwanza,Other,Others,Primary,"<200,000",Halopesa,1,0.29,0.81,0.43,0.5,Apple,USA,Premium,New,2151474,9.2,Physical Store,Mobile Money,0,2,0.0,0.396,1.0,1.081,1.0,1.0,0.559,0.52,1
CUST_03362,28,Male,Dar es Salaam,Christian,Others,Secondary,"1,000,001-2,000,000",M-Pesa,3,0.32,0.35,0.7,0.0,Itel,China,Budget,New,222384,4.2,Online,Mobile Money,1,2,0.481,0.294,1.0,0.985,1.0,1.0,0.48,0.61,1
CUST_03048,20,Female,Morogoro,Christian,Others,Secondary,"500,001-1,000,000",Tigo Pesa,5,0.09,0.74,0.82,0.7,Apple,USA,Premium,New,1910008,9.3,Physical Store,Cash,0,1,0.0,0.763,1.0,0.815,1.0,1.0,0.658,0.58,1
CUST_00942,30,Male,Morogoro,Muslim,Haya,No formal,"500,001-1,000,000",Tigo Pesa,3,0.04,0.48,0.71,0.3,Infinix,China,Mid-Range,New,367787,6.6,Online,Cash,0,2,0.559,0.469,0.9,0.904,1.0,1.0,0.807,0.72,1
CUST_01858,33,Male,Dar es Salaam,Christian,Others,No formal,"500,001-1,000,000",M-Pesa,3,0.35,0.68,0.87,0.5,Samsung,South Korea,Premium,New,1217439,10.0,Physical Store,Cash,0,2,0.31,0.87,1.0,0.609,1.0,1.0,0.664,0.76,1
CUST_04016,45,Female,Zanzibar,Christian,Haya,Diploma,"200,000-500,000",Airtel Money,4,0.3,0.81,0.31,0.0,Nokia,Finland,Mid-Range,New,341075,6.8,Physical Store,Mobile Money,0,2,0.309,0.211,1.0,0.998,1.0,1.0,0.47,0.74,1
CUST_00490,30,Female,Arusha,Christian,Haya,Primary,"200,000-500,000",Airtel Money,3,0.07,0.89,0.39,0.5,Infinix,China,Mid-Range,New,315693,7.5,Physical Store,Cash,1,2,0.298,0.292,1.0,0.761,1.0,1.0,0.459,0.79,1
CUST_02608,24,Male,Arusha,Muslim,Others,No formal,"200,000-500,000",Tigo Pesa,3,0.27,0.8,0.49,0.5,Apple,USA,Premium,New,1296821,8.1,Physical Store,Mobile Money,0,2,0.135,0.397,0.9,1.013,1.0,1.0,0.661,0.63,1
CUST_01434,19,Female,Morogoro,Muslim,Makonde,No formal,"200,000-500,000",Tigo Pesa,5,0.26,0.88,0.4,0.7,Samsung,South Korea,Premium,New,958383,8.1,Physical Store,Mobile Money,0,2,0.297,0.324,0.9,0.604,1.0,1.0,0.649,0.69,1
CUST_00493,45,Female,Morogoro,Muslim,Haya,Diploma,"200,000-500,000",M-Pesa,1,0.34,0.76,0.76,0.7,Nokia,Finland,Mid-Range,Used,453466,5.4,Online,Mobile Money,0,1,0.138,0.41,0.9,0.551,0.6,1.0,0.444,0.63,1
CUST_00884,25,Female,Dar es Salaam,Christian,Others,No formal,"<200,000",M-Pesa,3,0.67,0.93,0.52,0.5,Oppo,China,Mid-Range,New,595869,7.2,Mobile,Cash,0,1,0.0,0.374,1.0,0.562,1.0,1.0,0.402,0.71,1
CUST_03106,15,Female,Zanzibar,Christian,Sukuma,Primary,"200,000-500,000",M-Pesa,5,0.09,0.94,0.7,0.3,Infinix,China,Mid-Range,New,518734,6.2,Physical Store,Cash,0,2,0.0,0.434,1.0,0.933,1.0,1.0,0.574,0.67,0
CUST_00195,31,Female,Dodoma,Christian,Others,Primary,"500,001-1,000,000",Tigo Pesa,2,0.32,0.56,0.78,0.7,Oppo,China,Mid-Range,Used,248803,6.3,Physical Store,Mobile Money,0,2,0.652,0.491,1.0,0.55,0.6,1.0,0.582,0.73,1
CUST_00220,43,Male,Morogoro,Christian,Sukuma,Primary,"<200,000",None,4,0.23,0.8,0.81,0.7,Tecno,China,Mid-Range,New,515090,7.1,Mobile,Cash,1,12,0.0,0.575,1.0,0.982,1.0,1.0,0.705,0.72,1
CUST_02134,26,Male,Dar es Salaam,Christian,Others,Secondary,"1,000,001-2,000,000",None,1,0.46,0.44,0.57,0.3,Oppo,China,Mid-Range,New,324476,6.8,Online,Card,0,2,0.643,0.388,1.0,0.938,1.0,1.0,0.798,0.74,1
CUST_00924,38,Female,Mwanza,Christian,Sukuma,Diploma,"<200,000",M-Pesa,3,0.17,0.98,0.54,0.3,Tecno,China,Mid-Range,New,529967,7.1,Physical Store,Mobile Money,0,12,0.0,0.383,1.0,0.913,1.0,1.0,0.419,0.72,1
CUST_03077,27,Female,Mbeya,Christian,Haya,Primary,"500,001-1,000,000",Tigo Pesa,5,0.23,0.56,0.42,0.7,Itel,China,Budget,New,152660,5.8,Physical Store,Mobile Money,0,2,0.43,0.244,1.0,0.733,1.0,1.0,0.58,0.72,0
CUST_00586,18,Female,Dodoma,Christian,Gogo,Primary,"200,000-500,000",Tigo Pesa,4,0.4,0.87,0.5,0.0,Samsung,South Korea,Premium,New,1254482,8.0,Physical Store,Mobile Money,0,12,0.091,0.4,1.0,0.687,1.0,1.0,0.536,0.63,1
CUST_04650,51,Male,Morogoro,Muslim,Others,Primary,"200,000-500,000",M-Pesa,3,0.05,0.89,0.81,0.5,Xiaomi,China,Mid-Range,New,593524,7.5,Online,Mobile Money,0,2,0.0,0.608,0.9,0.547,1.0,1.0,0.459,0.73,0
CUST_04998,39,Female,Mwanza,Christian,Sukuma,No formal,"200,000-500,000",M-Pesa,2,0.15,0.93,0.47,0.7,Huawei,China,Premium,New,935235,8.6,Online,Mobile Money,1,2,0.275,0.404,1.0,0.982,1.0,1.0,0.402,0.73,1
CUST_03920,33,Male,Dar es Salaam,Christian,Haya,Secondary,"500,001-1,000,000",M-Pesa,3,0.14,0.74,0.54,0.3,Apple,USA,Premium,New,2043489,8.1,Physical Store,Mobile Money,1,1,0.0,0.437,1.0,0.908,1.0,1.0,0.461,0.48,1
CUST_02152,24,Male,Dodoma,Christian,Others,Primary,"200,000-500,000",Halopesa,3,0.26,0.98,0.41,0.5,Itel,China,Budget,New,229007,6.3,Online,Mobile Money,0,12,0.0,0.258,1.0,0.809,1.0,1.0,0.282,0.73,1
CUST_02846,26,Male,Dar es Salaam,Christian,Others,Secondary,"200,000-500,000",Airtel Money,4,0.36,0.85,0.86,0.7,Apple,USA,Premium,New,1042633,8.6,Mobile,Cash,0,2,0.261,0.74,1.0,0.791,1.0,1.0,0.528,0.71,1
CUST_03753,29,Female,Mbeya,Muslim,Haya,Bachelor,"<200,000",Airtel Money,3,0.11,0.74,0.85,0.7,Tecno,China,Mid-Range,Used,221924,6.9,Online,Card,0,1,0.589,0.586,0.9,0.711,0.6,1.0,0.536,0.77,1
CUST_03883,31,Female,Dodoma,Christian,Sukuma,Secondary,"500,001-1,000,000",M-Pesa,1,0.29,0.63,0.65,0.5,Apple,USA,Premium,New,1641730,8.3,Physical Store,Card,0,1,0.138,0.54,1.0,1.151,1.0,1.0,0.741,0.57,0
CUST_01454,21,Female,Mwanza,Muslim,Nyamwezi,No formal,"500,001-1,000,000",M-Pesa,4,0.4,0.4,0.76,0.5,Nokia,Finland,Mid-Range,New,417756,6.2,Mobile,Mobile Money,0,2,0.582,0.471,0.9,0.902,1.0,1.0,0.649,0.69,1
CUST_04811,23,Male,Dar es Salaam,Muslim,Sukuma,Secondary,"500,001-1,000,000",Airtel Money,4,0.13,0.57,0.35,0.0,Samsung,South Korea,Premium,New,792900,9.6,Physical Store,Mobile Money,0,2,0.623,0.336,0.9,0.829,1.0,1.0,0.65,0.82,1
CUST_01002,25,Female,Arusha,Christian,Others,Secondary,"500,001-1,000,000",M-Pesa,3,0.31,0.58,0.51,0.5,Tecno,China,Mid-Range,New,421140,6.6,Physical Store,Cash,0,12,0.389,0.337,1.0,0.909,1.0,1.0,0.501,0.71,1
CUST_00441,30,Female,Dar es Salaam,Christian,Others,Primary,"200,000-500,000",M-Pesa,4,0.04,0.95,0.59,0.5,Itel,China,Budget,New,126015,6.0,Physical Store,Mobile Money,0,2,0.202,0.354,1.0,0.794,1.0,1.0,0.437,0.73,1
CUST_04709,27,Male,Mwanza,Muslim,Chagga,Bachelor,"200,000-500,000",M-Pesa,2,0.6,0.8,0.33,0.0,Tecno,China,Mid-Range,Used,473464,6.1,Physical Store,Cash,0,1,0.053,0.201,0.9,0.575,0.6,1.0,0.498,0.67,1
CUST_01824,26,Male,Mwanza,Christian,Others,Primary,"200,000-500,000",M-Pesa,4,0.41,0.74,0.72,0.7,Apple,USA,Premium,New,1205234,9.2,Physical Store,Card,1,12,0.257,0.662,1.0,0.896,1.0,1.0,0.734,0.71,1
CUST_04086,18,Male,Arusha,Muslim,Others,Bachelor,"500,001-1,000,000",Tigo Pesa,3,0.11,0.78,0.86,0.5,Nokia,Finland,Mid-Range,New,506581,7.5,Physical Store,Cash,1,1,0.012,0.645,0.9,0.519,1.0,1.0,0.501,0.75,1
CUST_01966,23,Male,Mbeya,Christian,Others,Secondary,"200,000-500,000",Airtel Money,3,0.22,0.71,0.79,0.5,Tecno,China,Mid-Range,New,416869,7.3,Physical Store,Mobile Money,0,11,0.26,0.577,1.0,0.884,1.0,1.0,0.733,0.75,1
CUST_00331,31,Male,Arusha,Muslim,Haya,Secondary,"500,001-1,000,000",Airtel Money,5,0.15,0.66,0.89,0.7,Samsung,South Korea,Premium,New,1018665,8.9,Physical Store,Mobile Money,0,2,0.44,0.792,0.9,0.981,1.0,1.0,0.745,0.73,1
CUST_00133,22,Male,Mbeya,Christian,Nyamwezi,Secondary,"200,000-500,000",Tigo Pesa,2,0.53,0.96,0.7,0.5,Huawei,China,Premium,New,2484122,9.5,Physical Store,Mobile Money,1,2,0.0,0.665,1.0,0.802,1.0,1.0,0.591,0.47,1
CUST_03718,15,Female,Mbeya,Christian,Others,Secondary,"200,000-500,000",M-Pesa,5,0.63,0.72,0.68,0.3,Oppo,China,Mid-Range,New,533645,7.4,Physical Store,Cash,0,2,0.039,0.503,1.0,0.516,1.0,1.0,0.508,0.74,1
CUST_04301,31,Female,Dodoma,Muslim,Others,No formal,"500,001-1,000,000",M-Pesa,3,0.28,0.47,0.6,0.5,Apple,USA,Premium,New,1688011,9.0,Online,Mobile Money,0,2,0.339,0.54,0.9,1.076,1.0,1.0,0.851,0.6,1
CUST_02148,15,Female,Dar es Salaam,Christian,Others,Diploma,"500,001-1,000,000",M-Pesa,5,0.39,0.45,0.61,0.3,Apple,USA,Premium,New,2123835,9.3,Physical Store,Mobile Money,0,1,0.204,0.567,1.0,0.684,1.0,1.0,0.574,0.53,1
CUST_01568,34,Male,Zanzibar,Christian,Haya,Secondary,"200,000-500,000",M-Pesa,5,0.14,1.0,0.48,0.3,Huawei,China,Premium,New,680453,9.3,Online,Mobile Money,1,2,0.433,0.446,1.0,0.955,1.0,1.0,0.635,0.82,1
CUST_01687,28,Female,Mwanza,Other,Others,Secondary,"500,001-1,000,000",Tigo Pesa,2,0.08,0.43,0.88,0.0,Samsung,South Korea,Premium,New,718335,9.6,Physical Store,Mobile Money,1,2,0.743,0.845,1.0,1.042,1.0,1.0,0.779,0.83,1
CUST_03142,31,Male,Dar es Salaam,Christian,Sukuma,Secondary,"500,001-1,000,000",Airtel Money,1,0.17,0.47,0.65,0.0,Vivo,China,Mid-Range,New,360951,7.8,Physical Store,Mobile Money,0,2,0.576,0.507,1.0,0.944,1.0,1.0,0.67,0.8,1
CUST_00715,36,Female,Arusha,Christian,Others,Diploma,"200,000-500,000",M-Pesa,3,0.35,0.98,0.56,0.3,Vivo,China,Mid-Range,Used,303807,5.6,Mobile,Mobile Money,0,2,0.256,0.314,1.0,0.999,0.6,1.0,0.552,0.68,1
CUST_00002,22,Male,Arusha,Muslim,Sukuma,Primary,"200,000-500,000",Airtel Money,2,0.58,0.75,0.34,0.7,Vivo,China,Mid-Range,New,587023,6.4,Physical Store,Card,0,10,0.0,0.218,0.9,0.929,1.0,1.0,0.561,0.67,1
CUST_02366,31,Female,Dar es Salaam,Christian,Sukuma,No formal,"500,001-1,000,000",Airtel Money,3,0.27,0.78,0.88,0.5,Xiaomi,China,Mid-Range,New,558439,6.1,Physical Store,Cash,0,2,0.0,0.537,1.0,0.533,1.0,1.0,0.514,0.65,1
CUST_00222,17,Female,Morogoro,Christian,Haya,Primary,"200,000-500,000",M-Pesa,3,0.24,0.97,0.79,0.5,Tecno,China,Mid-Range,New,324692,6.4,Mobile,Mobile Money,0,10,0.213,0.506,1.0,0.605,1.0,1.0,0.608,0.72,0
CUST_00751,28,Female,Arusha,Christian,Others,Primary,"500,001-1,000,000",Airtel Money,4,0.16,0.53,0.36,0.0,Tecno,China,Mid-Range,New,494840,7.6,Physical Store,Cash,0,2,0.344,0.274,1.0,0.89,1.0,1.0,0.567,0.76,1
CUST_02861,35,Female,Mwanza,Christian,Chagga,Secondary,"200,000-500,000",Tigo Pesa,3,0.15,1.0,0.52,0.3,Tecno,China,Mid-Range,New,304165,6.3,Online,Cash,0,1,0.24,0.328,1.0,0.525,1.0,1.0,0.581,0.72,1
CUST_03486,38,Female,Dar es Salaam,Christian,Others,Primary,"200,000-500,000",Airtel Money,1,0.53,0.93,0.79,0.3,Oppo,China,Mid-Range,Used,422404,5.3,Physical Store,Mobile Money,1,2,0.018,0.419,1.0,0.894,0.6,1.0,0.403,0.63,1
CUST_03688,29,Female,Mwanza,Christian,Others,Primary,"200,000-500,000",Tigo Pesa,1,0.23,0.78,0.46,0.7,Nokia,Finland,Mid-Range,New,388670,8.0,Online,Mobile Money,0,2,0.242,0.368,1.0,0.602,1.0,1.0,0.539,0.8,1
CUST_01092,43,Male,Mbeya,Muslim,Nyamwezi,Primary,"<200,000",Halopesa,4,0.05,0.81,0.66,0.3,Vivo,China,Mid-Range,New,292556,8.0,Physical Store,Mobile Money,1,2,0.408,0.528,0.9,0.985,1.0,1.0,0.657,0.82,1
CUST_01886,24,Female,Mbeya,Christian,Makonde,Primary,"500,001-1,000,000",M-Pesa,2,0.32,0.61,0.41,0.3,Samsung,South Korea,Premium,New,1609887,8.7,Physical Store,Mobile Money,1,2,0.182,0.357,1.0,0.673,1.0,1.0,0.558,0.6,1
CUST_04659,32,Female,Mwanza,Christian,Others,Secondary,"500,001-1,000,000",Tigo Pesa,5,0.48,0.42,0.88,0.7,Apple,USA,Premium,New,1813622,9.3,Physical Store,Mobile Money,0,1,0.365,0.818,1.0,0.782,1.0,1.0,0.714,0.6,1
CUST_01414,36,Male,Dar es Salaam,Christian,Sukuma,Diploma,"200,000-500,000",M-Pesa,3,0.56,0.94,0.57,0.5,Infinix,China,Mid-Range,New,325532,7.0,Physical Store,Card,0,2,0.235,0.399,1.0,0.847,1.0,1.0,0.445,0.75,1
CUST_03943,33,Male,Arusha,Muslim,Sukuma,Primary,"500,001-1,000,000",Airtel Money,4,0.37,0.41,0.83,0.5,Oppo,China,Mid-Range,New,511935,6.8,Physical Store,Cash,1,2,0.475,0.564,0.9,0.521,1.0,1.0,0.729,0.71,1
CUST_02940,25,Male,Arusha,Christian,Makonde,Diploma,"200,000-500,000",M-Pesa,5,0.33,0.77,0.37,0.5,Infinix,China,Mid-Range,New,307832,6.9,Physical Store,Cash,0,2,0.407,0.255,1.0,0.724,1.0,1.0,0.589,0.75,1
CUST_04448,32,Female,Arusha,Muslim,Others,Bachelor,"200,000-500,000",M-Pesa,5,0.13,0.78,0.67,0.5,Samsung,South Korea,Premium,New,651447,9.8,Online,Card,0,2,0.577,0.657,0.9,1.186,1.0,1.0,0.956,0.86,0
CUST_02811,39,Male,Mwanza,Muslim,Sukuma,Primary,"500,001-1,000,000",Airtel Money,3,0.11,0.45,0.78,0.0,Xiaomi,China,Mid-Range,New,578745,7.1,Physical Store,Cash,0,2,0.349,0.554,0.9,0.935,1.0,1.0,0.596,0.71,1
CUST_02016,38,Female,Dodoma,Muslim,Haya,Diploma,"200,000-500,000",Tigo Pesa,4,0.13,0.77,0.73,0.0,Infinix,China,Mid-Range,New,399692,6.0,Online,Mobile Money,0,2,0.231,0.438,0.9,0.774,1.0,1.0,0.623,0.68,1
CUST_02738,23,Male,Morogoro,Muslim,Others,Bachelor,"1,000,001-2,000,000",Tigo Pesa,2,0.6,0.24,0.46,0.7,Apple,USA,Premium,New,1080080,9.3,Online,Cash,0,1,0.784,0.428,0.9,0.828,1.0,1.0,0.782,0.74,1
CUST_02179,25,Male,Mwanza,Christian,Others,Master+,"1,000,001-2,000,000",M-Pesa,5,0.17,0.18,0.82,0.5,Apple,USA,Premium,New,1183263,8.5,Mobile,Cash,0,2,0.823,0.697,1.0,1.028,1.0,1.0,0.942,0.67,1
CUST_01324,37,Female,Dodoma,Christian,Gogo,Bachelor,"500,001-1,000,000",Airtel Money,3,0.07,0.6,0.82,0.7,Tecno,China,Mid-Range,New,441378,7.3,Physical Store,Cash,0,2,0.338,0.599,1.0,0.967,1.0,1.0,0.584,0.75,0
CUST_01227,40,Male,Dar es Salaam,Christian,Others,Bachelor,"<200,000",M-Pesa,5,0.2,0.84,0.57,0.3,Samsung,South Korea,Premium,New,1569405,9.5,Mobile,Mobile Money,0,11,0.0,0.542,1.0,0.663,1.0,1.0,0.362,0.66,0
CUST_01837,23,Female,Tanga,Christian,Others,Diploma,"1,000,001-2,000,000",Airtel Money,4,0.74,0.12,0.76,0.5,Tecno,China,Mid-Range,New,439541,8.0,Online,Cash,0,2,0.868,0.608,1.0,0.7,1.0,1.0,0.867,0.79,1
CUST_02284,33,Female,Morogoro,Christian,Chagga,Bachelor,"500,001-1,000,000",Airtel Money,3,0.33,0.42,0.7,0.3,Tecno,China,Mid-Range,New,592620,6.4,Physical Store,Card,1,2,0.378,0.448,1.0,0.692,1.0,1.0,0.673,0.67,0
CUST_03419,16,Male,Dar es Salaam,Christian,Others,Master+,"500,001-1,000,000",Tigo Pesa,4,0.15,0.63,0.73,0.5,Infinix,China,Mid-Range,New,268473,6.6,Physical Store,Cash,1,1,0.577,0.482,1.0,0.526,1.0,1.0,0.563,0.74,1
CUST_00123,46,Male,Morogoro,Muslim,Others,Primary,"500,001-1,000,000",Tigo Pesa,1,0.47,0.71,0.42,0.3,Oppo,China,Mid-Range,Used,427658,5.4,Physical Store,Card,0,2,0.241,0.227,0.9,0.538,0.6,1.0,0.607,0.64,1
CUST_01345,37,Male,Arusha,Christian,Nyamwezi,Secondary,"1,000,001-2,000,000",Halopesa,1,0.26,0.26,0.65,0.5,Vivo,China,Mid-Range,New,516616,6.6,Mobile,Cash,0,1,0.664,0.429,1.0,0.648,1.0,1.0,0.746,0.69,1
CUST_00716,41,Male,Morogoro,Muslim,Haya,Primary,"<200,000",None,3,0.21,0.93,0.65,0.5,Infinix,China,Mid-Range,New,591713,6.6,Physical Store,Cash,0,2,0.0,0.429,0.9,0.615,1.0,1.0,0.448,0.68,1
CUST_03815,22,Female,Dar es Salaam,Christian,Chagga,Diploma,"500,001-1,000,000",Airtel Money,5,0.21,0.45,0.43,0.5,Apple,USA,Premium,New,2037482,9.7,Physical Store,Mobile Money,0,1,0.236,0.417,1.0,0.786,1.0,1.0,0.618,0.57,1
CUST_03624,30,Female,Arusha,Muslim,Others,Primary,"1,000,001-2,000,000",M-Pesa,5,0.48,0.48,0.75,0.7,Huawei,China,Premium,New,1951311,8.1,Physical Store,Cash,1,2,0.219,0.607,0.9,0.89,1.0,1.0,0.507,0.5,0
CUST_03581,34,Male,Tanga,Christian,Chagga,Secondary,">2,000,000",M-Pesa,5,0.6,0.45,0.49,0.0,Nokia,Finland,Mid-Range,New,354015,6.3,Physical Store,Cash,0,2,0.602,0.309,1.0,0.741,1.0,1.0,0.662,0.71,0
CUST_03861,44,Male,Dodoma,Christian,Makonde,Primary,"200,000-500,000",M-Pesa,5,0.21,0.92,0.32,0.3,Vivo,China,Mid-Range,New,486521,7.4,Online,Cash,0,1,0.0,0.237,1.0,0.797,1.0,1.0,0.272,0.75,1
CUST_01842,16,Female,Mwanza,Christian,Haya,Secondary,"<200,000",Tigo Pesa,5,0.16,0.74,0.63,0.0,Vivo,China,Mid-Range,New,257766,6.5,Physical Store,Mobile Money,1,2,0.523,0.41,1.0,0.802,1.0,1.0,0.711,0.74,1
CUST_00331,31,Male,Arusha,Muslim,Haya,Secondary,"500,001-1,000,000",Airtel Money,5,0.15,0.66,0.89,0.7,Infinix,China,Mid-Range,New,541773,7.0,Physical Store,Cash,1,1,0.106,0.623,0.9,0.933,1.0,1.0,0.511,0.71,1
CUST_02018,19,Male,Tanga,Christian,Gogo,No formal,"200,000-500,000",M-Pesa,1,0.02,0.92,0.8,0.3,Apple,USA,Premium,New,2385877,9.2,Physical Store,Cash,0,1,0.0,0.736,1.0,0.609,1.0,1.0,0.751,0.47,1
CUST_02129,31,Female,Tanga,Christian,Sukuma,Primary,"<200,000",Tigo Pesa,4,0.38,0.87,0.36,0.3,Apple,USA,Premium,New,2099682,8.2,Online,Cash,0,2,0.0,0.295,1.0,0.661,1.0,1.0,0.481,0.47,1
CUST_02563,23,Female,Dar es Salaam,Christian,Others,Secondary,"500,001-1,000,000",Halopesa,5,0.38,0.77,0.34,0.0,Tecno,China,Mid-Range,New,269847,7.4,Physical Store,Cash,0,2,0.481,0.252,1.0,0.999,1.0,1.0,0.51,0.79,1
CUST_03324,15,Female,Dar es Salaam,Muslim,Others,No formal,"<200,000",Airtel Money,3,0.2,0.85,0.49,0.0,Xiaomi,China,Mid-Range,Used,126328,6.6,Physical Store,Card,1,1,0.732,0.323,0.9,0.743,0.6,1.0,0.66,0.77,1
CUST_00751,28,Female,Arusha,Christian,Others,Primary,"500,001-1,000,000",Airtel Money,4,0.16,0.53,0.36,0.0,Apple,USA,Premium,New,1903122,9.8,Physical Store,Mobile Money,0,2,0.159,0.353,1.0,1.049,1.0,1.0,0.522,0.61,1
CUST_00703,22,Female,Tanga,Muslim,Others,Primary,"1,000,001-2,000,000",Halopesa,4,0.4,0.42,0.75,0.7,Oppo,China,Mid-Range,New,253245,7.9,Mobile,Card,0,1,0.734,0.592,0.9,0.769,1.0,1.0,0.683,0.82,1
CUST_01652,28,Male,Dodoma,Christian,Chagga,Primary,"<200,000",Tigo Pesa,4,0.15,0.79,0.68,0.7,Itel,China,Budget,New,92649,5.9,Physical Store,Cash,0,1,0.512,0.401,1.0,0.739,1.0,1.0,0.64,0.74,1
CUST_01002,25,Female,Arusha,Christian,Others,Secondary,"500,001-1,000,000",M-Pesa,3,0.31,0.58,0.51,0.5,Huawei,China,Premium,New,2229566,8.0,Online,Mobile Money,0,2,0.0,0.408,1.0,0.623,1.0,1.0,0.503,0.43,1
CUST_01161,44,Female,Arusha,Christian,Others,Primary,"<200,000",Tigo Pesa,4,0.14,0.91,0.66,0.0,Itel,China,Budget,New,88403,6.1,Online,Card,0,2,0.464,0.403,1.0,0.72,1.0,1.0,0.457,0.75,1
CUST_03866,35,Female,Mwanza,Christian,Others,Bachelor,"200,000-500,000",M-Pesa,5,0.17,0.73,0.59,0.0,Infinix,China,Mid-Range,New,425581,7.5,Physical Store,Cash,0,2,0.223,0.442,1.0,0.697,1.0,1.0,0.708,0.76,1
CUST_03300,27,Female,Arusha,Christian,Others,Bachelor,"<200,000",M-Pesa,5,0.32,0.8,0.39,0.3,Huawei,China,Premium,New,1315506,8.2,Online,Cash,0,2,0.123,0.32,1.0,0.544,1.0,1.0,0.446,0.63,1
CUST_01870,28,Female,Arusha,Christian,Nyamwezi,Primary,"200,000-500,000",Tigo Pesa,2,0.41,0.96,0.41,0.7,Nokia,Finland,Mid-Range,New,342090,6.5,Physical Store,Card,0,2,0.179,0.266,1.0,0.97,1.0,1.0,0.46,0.72,1
CUST_04577,27,Male,Dodoma,Christian,Others,Secondary,"<200,000",Halopesa,5,0.42,0.79,0.41,0.3,Oppo,China,Mid-Range,Used,404908,5.0,Physical Store,Mobile Money,0,2,0.2,0.205,1.0,0.924,0.6,1.0,0.451,0.62,1
CUST_01997,27,Female,Dar es Salaam,Christian,Others,Bachelor,"200,000-500,000",M-Pesa,2,0.1,0.73,0.42,0.7,Tecno,China,Mid-Range,New,574910,7.4,Online,Cash,1,2,0.0,0.311,1.0,0.582,1.0,1.0,0.523,0.73,1
CUST_00568,25,Male,Dar es Salaam,Muslim,Haya,Secondary,"500,001-1,000,000",M-Pesa,3,0.6,0.53,0.36,0.0,Infinix,China,Mid-Range,New,321116,7.0,Physical Store,Cash,1,11,0.575,0.252,0.9,0.712,1.0,1.0,0.629,0.76,0
CUST_00097,16,Female,Tanga,Muslim,Others,Master+,"500,001-1,000,000",Tigo Pesa,4,0.1,0.47,0.71,0.3,Tecno,China,Mid-Range,New,370090,6.9,Online,Card,0,2,0.565,0.49,0.9,0.821,1.0,1.0,0.911,0.74,1
CUST_01376,29,Male,Dar es Salaam,Muslim,Gogo,Secondary,"200,000-500,000",Airtel Money,3,0.19,0.9,0.55,0.5,Huawei,China,Premium,New,751044,8.9,Physical Store,Mobile Money,0,2,0.437,0.49,0.9,0.772,1.0,1.0,0.479,0.78,1
CUST_02470,28,Male,Dodoma,Muslim,Others,Secondary,"500,001-1,000,000",Halopesa,3,0.46,0.68,0.48,0.5,Tecno,China,Mid-Range,New,559166,7.6,Physical Store,Cash,0,1,0.049,0.365,0.9,0.845,1.0,1.0,0.495,0.74,1
CUST_03654,15,Female,Dodoma,Christian,Chagga,Primary,"200,000-500,000",M-Pesa,2,0.64,0.77,0.77,0.3,Apple,USA,Premium,New,1133268,9.5,Physical Store,Cash,0,12,0.273,0.731,1.0,1.198,1.0,1.0,0.752,0.74,1
CUST_02998,23,Male,Zanzibar,Christian,Nyamwezi,Secondary,"200,000-500,000",Halopesa,3,0.11,0.76,0.7,0.3,Apple,USA,Premium,New,758015,9.4,Mobile,Cash,0,1,0.52,0.658,1.0,0.639,1.0,1.0,0.628,0.81,1
CUST_03485,17,Male,Arusha,Muslim,Others,Primary,"200,000-500,000",None,5,0.19,0.99,0.36,0.5,Infinix,China,Mid-Range,New,273378,6.4,Online,Cash,0,2,0.323,0.23,0.9,0.792,1.0,1.0,0.482,0.73,1
CUST_00747,34,Female,Dar es Salaam,Christian,Nyamwezi,Primary,"200,000-500,000",M-Pesa,1,0.19,0.78,0.59,0.3,Nokia,Finland,Mid-Range,New,525560,7.2,Physical Store,Mobile Money,1,2,0.0,0.425,1.0,0.703,1.0,1.0,0.595,0.73,1
CUST_02404,40,Male,Morogoro,Muslim,Haya,Primary,"200,000-500,000",M-Pesa,2,0.67,0.71,0.46,0.0,Huawei,China,Premium,New,2440737,9.7,Physical Store,Cash,1,1,0.0,0.446,0.9,0.652,1.0,1.0,0.424,0.49,1
CUST_02372,27,Female,Mwanza,Muslim,Others,Primary,"200,000-500,000",Tigo Pesa,2,0.23,0.84,0.61,0.3,Nokia,Finland,Mid-Range,New,457483,7.7,Online,Cash,0,2,0.039,0.47,0.9,0.558,1.0,1.0,0.454,0.77,1
CUST_03549,26,Male,Dar es Salaam,Other,Sukuma,No formal,"<200,000",None,4,0.13,0.78,0.67,0.5,Huawei,China,Premium,New,602916,8.4,Physical Store,Mobile Money,0,1,0.608,0.563,1.0,0.756,1.0,1.0,0.609,0.78,1
CUST_01998,36,Female,Dodoma,Muslim,Others,Secondary,"200,000-500,000",Tigo Pesa,4,0.52,0.71,0.6,0.7,Huawei,China,Premium,New,2308496,8.7,Physical Store,Cash,0,2,0.0,0.522,0.9,0.864,1.0,1.0,0.568,0.46,1
CUST_02380,20,Male,Mwanza,Other,Others,Primary,"1,000,001-2,000,000",Airtel Money,5,0.21,0.43,0.66,1.0,Apple,USA,Premium,New,957604,9.8,Physical Store,Mobile Money,1,2,0.657,0.647,1.0,0.765,1.0,0.8,0.931,0.8,1
CUST_01344,31,Female,Dodoma,Other,Others,No formal,"1,000,001-2,000,000",M-Pesa,5,0.26,0.41,0.53,0.5,Samsung,South Korea,Premium,New,1471155,9.6,Physical Store,Mobile Money,0,2,0.497,0.509,1.0,0.897,1.0,1.0,0.618,0.68,1
CUST_00035,39,Male,Mwanza,Other,Others,No formal,"<200,000",M-Pesa,2,0.13,0.97,0.58,0.5,Apple,USA,Premium,New,1837251,9.2,Physical Store,Cash,0,1,0.0,0.534,1.0,0.813,1.0,1.0,0.613,0.58,1
CUST_04081,33,Male,Dar es Salaam,Christian,Others,Diploma,"200,000-500,000",Airtel Money,4,0.12,0.97,0.57,0.5,Nokia,Finland,Mid-Range,New,260030,7.4,Physical Store,Card,0,2,0.369,0.422,1.0,0.798,1.0,1.0,0.606,0.79,1
CUST_00401,47,Male,Dodoma,Christian,Others,Primary,"<200,000",None,4,0.13,0.98,0.3,0.3,Apple,USA,Premium,New,2395620,9.0,Physical Store,Cash,0,2,0.0,0.27,1.0,0.831,1.0,1.0,0.368,0.46,0
CUST_04163,15,Female,Tanga,Christian,Others,Primary,"200,000-500,000",Airtel Money,3,0.33,0.83,0.55,0.5,Xiaomi,China,Mid-Range,New,379652,7.4,Physical Store,Cash,0,2,0.212,0.407,1.0,0.971,1.0,1.0,0.535,0.77,1
CUST_04090,19,Male,Dar es Salaam,Christian,Others,No formal,"200,000-500,000",M-Pesa,5,0.37,0.79,0.43,0.3,Infinix,China,Mid-Range,New,567897,6.3,Online,Cash,0,2,0.0,0.271,1.0,0.994,1.0,1.0,0.427,0.66,1
CUST_01714,38,Female,Mbeya,Christian,Others,Diploma,"500,001-1,000,000",Airtel Money,3,0.37,0.57,0.67,0.0,Vivo,China,Mid-Range,New,544667,6.6,Physical Store,Mobile Money,0,2,0.224,0.442,1.0,0.544,1.0,1.0,0.42,0.69,1
CUST_03086,18,Female,Dar es Salaam,Christian,Gogo,Primary,"500,001-1,000,000",Halopesa,5,0.25,0.71,0.82,0.3,Tecno,China,Mid-Range,New,565824,6.8,Mobile,Mobile Money,0,2,0.0,0.558,1.0,0.989,1.0,1.0,0.549,0.69,1
CUST_00348,21,Male,Morogoro,Muslim,Others,Diploma,"<200,000",M-Pesa,1,0.05,0.83,0.73,0.3,Tecno,China,Mid-Range,New,454332,7.6,Physical Store,Mobile Money,0,1,0.057,0.555,0.9,0.797,1.0,1.0,0.417,0.77,1
CUST_02478,34,Male,Arusha,Christian,Others,Diploma,"1,000,001-2,000,000",M-Pesa,4,0.21,0.21,0.58,0.5,Apple,USA,Premium,New,859133,8.5,Mobile,Cash,1,2,0.85,0.493,1.0,0.856,1.0,1.0,0.789,0.74,1
CUST_02940,25,Male,Arusha,Christian,Makonde,Diploma,"200,000-500,000",M-Pesa,5,0.33,0.77,0.37,0.5,Samsung,South Korea,Premium,New,798805,8.1,Online,Cash,0,1,0.487,0.3,1.0,1.175,1.0,1.0,0.613,0.73,1
CUST_04310,15,Male,Dar es Salaam,Muslim,Nyamwezi,Primary,"500,001-1,000,000",Airtel Money,3,0.02,0.72,0.78,0.5,Huawei,China,Premium,New,1355399,8.1,Physical Store,Mobile Money,1,1,0.187,0.632,0.9,0.935,1.0,1.0,0.693,0.61,1
CUST_03716,27,Female,Dar es Salaam,Muslim,Chagga,Primary,"<200,000",Tigo Pesa,5,0.26,0.97,0.55,0.7,Samsung,South Korea,Premium,New,1429870,8.1,Physical Store,Cash,0,2,0.0,0.446,0.9,0.763,1.0,1.0,0.536,0.6,1
CUST_01080,18,Female,Mbeya,Christian,Sukuma,Diploma,"1,000,001-2,000,000",M-Pesa,3,0.4,0.18,0.65,0.5,Tecno,China,Mid-Range,New,524212,6.9,Physical Store,Cash,0,2,0.764,0.449,1.0,0.603,1.0,1.0,0.868,0.71,0
CUST_02564,19,Male,Tanga,Christian,Chagga,Primary,">2,000,000",None,3,0.18,0.18,0.86,0.3,Infinix,China,Mid-Range,New,540123,6.0,Physical Store,Cash,1,1,0.757,0.516,1.0,0.741,1.0,1.0,0.658,0.65,1
CUST_03601,23,Male,Dar es Salaam,Muslim,Chagga,Bachelor,"200,000-500,000",Airtel Money,5,0.19,0.94,0.37,0.3,Apple,USA,Premium,New,2289302,8.4,Online,Cash,0,1,0.0,0.311,0.9,1.111,1.0,1.0,0.389,0.45,0
CUST_04407,20,Male,Dar es Salaam,Christian,Gogo,Bachelor,"200,000-500,000",Halopesa,5,0.22,0.72,0.41,0.3,Tecno,China,Mid-Range,Used,230646,5.6,Physical Store,Cash,0,1,0.585,0.23,1.0,0.644,0.6,1.0,0.776,0.69,1
CUST_01807,28,Male,Mwanza,Muslim,Others,No formal,"200,000-500,000",Halopesa,3,0.18,0.94,0.88,0.5,Itel,China,Budget,Used,120974,3.7,Physical Store,Mobile Money,1,2,0.242,0.326,0.9,0.827,0.6,1.0,0.643,0.6,1
CUST_00539,34,Male,Arusha,Christian,Sukuma,Secondary,">2,000,000",Tigo Pesa,4,0.18,0.48,0.82,0.3,Apple,USA,Premium,New,1068683,9.3,Physical Store,Mobile Money,0,2,0.573,0.763,1.0,1.019,1.0,1.0,0.707,0.74,0
CUST_00138,31,Male,Dodoma,Christian,Others,No formal,"500,001-1,000,000",M-Pesa,3,0.24,0.8,0.38,0.3,Vivo,China,Mid-Range,New,476936,7.7,Physical Store,Mobile Money,0,12,0.046,0.293,1.0,0.691,1.0,1.0,0.331,0.77,1
CUST_04201,15,Female,Dar es Salaam,Muslim,Chagga,Primary,"200,000-500,000",Tigo Pesa,4,0.24,0.86,0.88,0.5,Apple,USA,Premium,New,2337160,8.4,Physical Store,Cash,0,2,0.0,0.739,0.9,0.886,1.0,1.0,0.528,0.44,1
CUST_00824,28,Male,Arusha,Muslim,Others,Bachelor,"<200,000",Halopesa,2,0.43,0.84,0.75,0.7,Apple,USA,Premium,New,1492722,9.6,Online,Card,0,2,0.0,0.72,0.9,0.84,1.0,1.0,0.531,0.68,1
CUST_04444,15,Male,Mbeya,Muslim,Chagga,No formal,"200,000-500,000",M-Pesa,3,0.26,0.99,0.65,0.7,Nokia,Finland,Mid-Range,New,368362,6.1,Online,Mobile Money,0,2,0.088,0.396,0.9,0.514,1.0,1.0,0.582,0.69,0
CUST_03247,17,Female,Mbeya,Christian,Others,Primary,"200,000-500,000",M-Pesa,4,0.44,0.97,0.4,0.5,Samsung,South Korea,Premium,New,865218,9.6,Physical Store,Cash,0,1,0.301,0.384,1.0,0.798,1.0,1.0,0.682,0.8,1
CUST_03559,26,Male,Arusha,Christian,Gogo,Primary,"<200,000",Tigo Pesa,4,0.31,0.84,0.43,0.7,Nokia,Finland,Mid-Range,New,476932,6.7,Physical Store,Cash,0,2,0.0,0.288,1.0,0.86,1.0,1.0,0.373,0.71,1
CUST_04302,46,Female,Arusha,Christian,Others,Secondary,"<200,000",Halopesa,3,0.2,0.98,0.8,0.7,Infinix,China,Mid-Range,New,260174,7.0,Physical Store,Cash,0,2,0.363,0.56,1.0,0.67,1.0,1.0,0.644,0.77,0
CUST_01861,33,Female,Morogoro,Other,Others,Bachelor,"200,000-500,000",M-Pesa,4,0.13,0.99,0.6,0.0,Tecno,China,Mid-Range,New,594031,6.4,Physical Store,Mobile Money,0,2,0.0,0.384,1.0,0.99,1.0,1.0,0.634,0.67,0
CUST_04434,17,Male,Tanga,Muslim,Others,Bachelor,"<200,000",M-Pesa,4,0.22,0.72,0.54,0.7,Huawei,China,Premium,New,701051,9.2,Physical Store,Cash,0,2,0.579,0.497,0.9,0.983,1.0,1.0,0.794,0.81,1
CUST_00977,33,Male,Dar es Salaam,Christian,Makonde,Primary,"200,000-500,000",M-Pesa,3,0.21,0.81,0.77,0.0,Huawei,China,Premium,New,1038857,9.2,Physical Store,Mobile Money,0,1,0.299,0.708,1.0,0.937,1.0,1.0,0.567,0.74,0
CUST_01538,44,Female,Dodoma,Muslim,Others,Primary,"200,000-500,000",M-Pesa,2,0.15,0.95,0.83,0.3,Tecno,China,Mid-Range,New,432258,7.5,Online,Card,1,2,0.0,0.622,0.9,0.885,1.0,1.0,0.437,0.76,1
CUST_03324,15,Female,Dar es Salaam,Muslim,Others,No formal,"<200,000",Airtel Money,3,0.2,0.85,0.49,0.0,Tecno,China,Mid-Range,New,565749,6.9,Physical Store,Mobile Money,1,2,0.0,0.338,0.9,0.757,1.0,1.0,0.316,0.7,1
CUST_03429,23,Male,Mwanza,Other,Sukuma,Secondary,"1,000,001-2,000,000",M-Pesa,4,0.46,0.21,0.43,0.3,Tecno,China,Mid-Range,New,340668,7.9,Physical Store,Cash,0,2,0.821,0.34,1.0,0.52,1.0,1.0,0.682,0.81,1
CUST_00808,22,Female,Mwanza,Christian,Sukuma,Master+,"<200,000",M-Pesa,2,0.33,0.83,0.67,0.5,Oppo,China,Mid-Range,New,395627,6.5,Online,Cash,0,2,0.179,0.436,1.0,0.885,1.0,1.0,0.505,0.71,1
CUST_04354,26,Male,Tanga,Christian,Others,Secondary,"<200,000",M-Pesa,5,0.21,0.8,0.38,0.5,Xiaomi,China,Mid-Range,New,400826,6.7,Physical Store,Cash,0,12,0.198,0.255,1.0,0.689,1.0,1.0,0.463,0.72,1
CUST_00755,30,Female,Mbeya,Christian,Others,Diploma,"500,001-1,000,000",Tigo Pesa,3,0.25,0.5,0.58,0.3,Samsung,South Korea,Premium,New,2185796,8.2,Physical Store,Cash,0,2,0.089,0.476,1.0,1.072,1.0,1.0,0.659,0.45,1
CUST_01959,30,Female,Mwanza,Christian,Others,Diploma,"200,000-500,000",Airtel Money,3,0.15,0.79,0.6,0.5,Xiaomi,China,Mid-Range,New,487679,7.1,Physical Store,Cash,0,12,0.037,0.426,1.0,0.735,1.0,1.0,0.465,0.73,1
CUST_01350,22,Male,Zanzibar,Muslim,Others,Diploma,"1,000,001-2,000,000",Tigo Pesa,1,0.49,0.47,0.62,0.5,Huawei,China,Premium,New,1312842,9.5,Physical Store,Mobile Money,0,10,0.486,0.589,0.9,0.502,1.0,1.0,0.637,0.71,1
CUST_02484,27,Female,Tanga,Muslim,Others,Secondary,"<200,000",Halopesa,2,0.28,0.79,0.75,0.5,Oppo,China,Mid-Range,New,544684,7.1,Physical Store,Mobile Money,0,2,0.0,0.532,0.9,0.944,1.0,1.0,0.566,0.72,0
CUST_02157,30,Female,Dar es Salaam,Christian,Sukuma,Secondary,"1,000,001-2,000,000",Tigo Pesa,3,0.38,0.43,0.38,0.0,Samsung,South Korea,Premium,New,1794276,8.4,Physical Store,Cash,0,2,0.357,0.319,1.0,0.881,1.0,1.0,0.627,0.55,0
CUST_00830,25,Female,Mwanza,Other,Others,Primary,"<200,000",Halopesa,1,0.29,0.81,0.43,0.5,Infinix,China,Mid-Range,New,421523,6.2,Online,Mobile Money,0,2,0.146,0.267,1.0,0.78,1.0,1.0,0.474,0.69,1
CUST_01281,24,Male,Tanga,Muslim,Others,No formal,"<200,000",Halopesa,2,0.33,0.77,0.89,0.7,Infinix,China,Mid-Range,New,309968,6.8,Physical Store,Mobile Money,0,12,0.403,0.605,0.9,0.809,1.0,1.0,0.784,0.75,1
CUST_00158,15,Male,Morogoro,Christian,Gogo,Primary,"<200,000",Airtel Money,3,0.27,0.84,0.83,0.3,Infinix,China,Mid-Range,New,377492,6.9,Physical Store,Cash,1,2,0.207,0.573,1.0,0.576,1.0,1.0,0.623,0.74,1
CUST_03769,28,Female,Morogoro,Christian,Nyamwezi,Secondary,"200,000-500,000",Airtel Money,5,0.43,0.76,0.84,0.3,Oppo,China,Mid-Range,New,526115,7.2,Mobile,Cash,1,2,0.0,0.605,1.0,0.943,1.0,1.0,0.634,0.73,1
CUST_00616,21,Female,Mbeya,Christian,Others,Primary,"<200,000",Airtel Money,3,0.24,0.99,0.82,0.0,Apple,USA,Premium,New,1511330,9.2,Physical Store,Mobile Money,0,2,0.0,0.754,1.0,0.784,1.0,1.0,0.462,0.65,1
CUST_01122,23,Male,Mwanza,Christian,Others,Bachelor,"200,000-500,000",Airtel Money,2,0.29,0.83,0.71,0.0,Samsung,South Korea,Premium,New,1152891,9.1,Physical Store,Cash,0,1,0.203,0.646,1.0,0.92,1.0,1.0,0.692,0.72,1
CUST_04759,33,Female,Dodoma,Christian,Others,Secondary,"500,001-1,000,000",M-Pesa,1,0.31,0.78,0.61,0.0,Oppo,China,Mid-Range,New,292537,6.3,Physical Store,Mobile Money,1,2,0.43,0.384,1.0,0.856,1.0,1.0,0.658,0.72,1
CUST_02539,31,Male,Zanzibar,Christian,Others,Secondary,"<200,000",Airtel Money,4,0.38,0.72,0.85,0.5,Samsung,South Korea,Premium,New,1356059,9.1,Physical Store,Cash,1,1,0.186,0.774,1.0,0.921,1.0,1.0,0.757,0.67,1
CUST_01724,23,Male,Dar es Salaam,Christian,Others,Diploma,"1,000,001-2,000,000",Tigo Pesa,5,0.24,0.41,0.8,0.7,Huawei,China,Premium,New,2279700,9.4,Physical Store,Mobile Money,0,2,0.221,0.752,1.0,0.773,1.0,1.0,0.55,0.51,1
CUST_04371,37,Male,Dodoma,Christian,Sukuma,Primary,"<200,000",M-Pesa,2,0.05,0.76,0.55,0.5,Huawei,China,Premium,Used,1642025,8.5,Physical Store,Cash,0,2,0.0,0.468,1.0,0.714,0.6,1.0,0.424,0.58,1
CUST_03287,15,Female,Mwanza,Muslim,Others,Secondary,"1,000,001-2,000,000",Airtel Money,2,0.51,0.44,0.41,0.5,Itel,China,Budget,New,212876,5.6,Mobile,Mobile Money,1,12,0.376,0.23,0.9,0.767,1.0,1.0,0.74,0.69,1
CUST_03861,44,Male,Dodoma,Christian,Makonde,Primary,"200,000-500,000",M-Pesa,5,0.21,0.92,0.32,0.3,Huawei,China,Premium,New,1173087,8.6,Physical Store,Cash,0,2,0.101,0.275,1.0,0.624,1.0,1.0,0.332,0.68,1
CUST_04868,36,Male,Tanga,Christian,Sukuma,Primary,"200,000-500,000",Tigo Pesa,4,0.06,0.85,0.3,0.7,Vivo,China,Mid-Range,New,415777,6.7,Physical Store,Mobile Money,0,2,0.116,0.201,1.0,0.519,1.0,1.0,0.473,0.72,1
CUST_01531,30,Male,Zanzibar,Muslim,Sukuma,No formal,"500,001-1,000,000",Tigo Pesa,4,0.45,0.43,0.61,0.5,Xiaomi,China,Mid-Range,New,417743,6.6,Physical Store,Mobile Money,1,2,0.551,0.403,0.9,0.568,1.0,1.0,0.603,0.71,1
CUST_03416,33,Male,Arusha,Muslim,Others,Diploma,"200,000-500,000",Tigo Pesa,3,0.36,0.93,0.73,0.3,Tecno,China,Mid-Range,New,374441,6.2,Online,Cash,0,2,0.129,0.453,0.9,0.615,1.0,1.0,0.548,0.7,1
CUST_03855,17,Male,Dodoma,Other,Others,Secondary,"200,000-500,000",M-Pesa,3,0.26,0.82,0.53,0.5,Infinix,China,Mid-Range,New,468422,7.5,Physical Store,Cash,0,1,0.04,0.398,1.0,0.976,1.0,1.0,0.528,0.76,1
CUST_01112,23,Male,Dar es Salaam,Muslim,Nyamwezi,Primary,"200,000-500,000",Airtel Money,1,0.36,0.94,0.68,0.3,Oppo,China,Mid-Range,New,505766,8.0,Mobile,Mobile Money,0,12,0.0,0.544,0.9,0.579,1.0,1.0,0.653,0.78,1
CUST_00862,15,Male,Mbeya,Christian,Others,Diploma,"1,000,001-2,000,000",M-Pesa,3,0.24,0.39,0.34,0.3,Tecno,China,Mid-Range,New,595101,7.1,Physical Store,Mobile Money,0,2,0.42,0.241,1.0,0.858,1.0,1.0,0.606,0.71,1
CUST_01569,30,Male,Tanga,Muslim,Haya,Secondary,"1,000,001-2,000,000",Tigo Pesa,4,0.4,0.34,0.47,1.0,Xiaomi,China,Mid-Range,New,532345,7.8,Physical Store,Card,1,1,0.548,0.367,0.9,0.542,1.0,0.8,0.6,0.76,1
CUST_00865,23,Male,Tanga,Muslim,Others,Master+,"<200,000",M-Pesa,1,0.49,0.89,0.61,0.5,Vivo,China,Mid-Range,New,561005,6.7,Mobile,Mobile Money,1,1,0.0,0.409,0.9,0.721,1.0,1.0,0.37,0.69,1
CUST_01538,44,Female,Dodoma,Muslim,Others,Primary,"200,000-500,000",M-Pesa,2,0.15,0.95,0.83,0.3,Samsung,South Korea,Premium,New,1232193,8.3,Physical Store,Mobile Money,0,2,0.025,0.689,0.9,0.693,1.0,1.0,0.654,0.65,1
CUST_02860,45,Male,Mbeya,Muslim,Sukuma,Diploma,"500,001-1,000,000",M-Pesa,5,0.21,0.71,0.47,0.3,Infinix,China,Mid-Range,New,281568,6.9,Physical Store,Cash,1,9,0.5,0.324,0.9,0.656,1.0,1.0,0.531,0.76,1
CUST_02600,21,Male,Dar es Salaam,Christian,Haya,Diploma,"<200,000",Tigo Pesa,1,0.46,0.79,0.9,0.5,Tecno,China,Mid-Range,New,364612,6.4,Physical Store,Cash,1,2,0.28,0.576,1.0,0.567,1.0,1.0,0.833,0.71,1
CUST_00462,20,Male,Arusha,Muslim,Sukuma,Primary,"500,001-1,000,000",M-Pesa,5,0.28,0.56,0.73,0.5,Infinix,China,Mid-Range,New,493339,6.8,Physical Store,Cash,1,1,0.309,0.496,0.9,0.623,1.0,1.0,0.646,0.71,1
CUST_03610,28,Male,Zanzibar,Christian,Makonde,Bachelor,"500,001-1,000,000",M-Pesa,2,0.4,0.74,0.89,0.3,Huawei,China,Premium,New,2364482,8.6,Physical Store,Mobile Money,1,2,0.0,0.765,1.0,0.615,1.0,1.0,0.595,0.44,1
CUST_03915,33,Male,Arusha,Muslim,Others,No formal,"200,000-500,000",None,4,0.37,0.76,0.31,0.3,Xiaomi,China,Mid-Range,Used,266692,6.1,Physical Store,Mobile Money,1,2,0.493,0.189,0.9,0.515,0.6,1.0,0.51,0.71,1
CUST_03413,43,Female,Dodoma,Muslim,Others,Primary,"1,000,001-2,000,000",Airtel Money,3,0.39,0.48,0.59,0.3,Nokia,Finland,Mid-Range,New,460268,7.5,Online,Cash,0,1,0.448,0.442,0.9,0.961,1.0,1.0,0.724,0.76,1
CUST_01875,16,Male,Dar es Salaam,Christian,Nyamwezi,Primary,"500,001-1,000,000",None,3,0.34,0.51,0.54,0.5,Samsung,South Korea,Premium,New,1109820,8.4,Physical Store,Cash,1,1,0.528,0.454,1.0,1.101,1.0,1.0,0.547,0.68,1
CUST_02888,18,Male,Dodoma,Muslim,Others,Secondary,"1,000,001-2,000,000",Airtel Money,3,0.22,0.24,0.4,0.0,Oppo,China,Mid-Range,New,342106,7.3,Physical Store,Card,0,2,0.795,0.292,0.9,0.822,1.0,1.0,0.905,0.77,1
CUST_03323,35,Male,Mwanza,Muslim,Gogo,Secondary,"500,001-1,000,000",Halopesa,2,0.59,0.61,0.8,0.5,Vivo,China,Mid-Range,New,432086,6.0,Physical Store,Cash,0,2,0.341,0.48,0.9,0.742,1.0,1.0,0.641,0.67,1
CUST_00706,18,Female,Arusha,Christian,Others,No formal,"<200,000",None,4,0.6,0.84,0.56,0.0,Tecno,China,Mid-Range,New,333592,7.5,Mobile,Mobile Money,0,2,0.299,0.42,1.0,0.798,1.0,1.0,0.678,0.78,1
CUST_04446,31,Male,Dar es Salaam,Muslim,Others,Secondary,"500,001-1,000,000",M-Pesa,3,0.35,0.78,0.6,0.5,Huawei,China,Premium,New,1504160,9.0,Physical Store,Mobile Money,0,2,0.022,0.54,0.9,0.847,1.0,1.0,0.328,0.64,1
CUST_01152,20,Male,Mwanza,Christian,Nyamwezi,Bachelor,"200,000-500,000",M-Pesa,2,0.24,0.87,0.45,0.0,Samsung,South Korea,Premium,New,717162,8.0,Physical Store,Mobile Money,0,2,0.48,0.36,1.0,1.064,1.0,1.0,0.552,0.74,1
CUST_04089,40,Female,Morogoro,Christian,Chagga,Secondary,"200,000-500,000",M-Pesa,4,0.31,0.87,0.81,0.5,Oppo,China,Mid-Range,New,296557,7.1,Mobile,Mobile Money,0,1,0.355,0.575,1.0,0.695,1.0,1.0,0.721,0.77,1
CUST_04859,21,Male,Morogoro,Muslim,Sukuma,Primary,"200,000-500,000",Airtel Money,4,0.41,0.77,0.84,0.3,Vivo,China,Mid-Range,New,279434,7.3,Physical Store,Mobile Money,1,2,0.462,0.613,0.9,0.56,1.0,1.0,0.71,0.78,1
CUST_03289,24,Male,Mbeya,Muslim,Makonde,Primary,">2,000,000",M-Pesa,2,0.13,0.35,0.54,0.0,Vivo,China,Mid-Range,New,299536,7.2,Online,Cash,1,2,0.738,0.389,0.9,0.885,1.0,1.0,0.71,0.77,1
CUST_02934,16,Female,Arusha,Muslim,Others,Primary,"500,001-1,000,000",M-Pesa,4,0.5,0.59,0.88,0.5,Itel,China,Budget,New,165125,4.6,Physical Store,Mobile Money,0,1,0.351,0.405,0.9,0.959,1.0,1.0,0.513,0.64,1
CUST_02931,15,Female,Dar es Salaam,Muslim,Others,No formal,"200,000-500,000",None,4,0.07,0.73,0.9,0.0,Oppo,China,Mid-Range,New,418413,6.6,Physical Store,Cash,0,11,0.236,0.594,0.9,0.542,1.0,1.0,0.471,0.71,1
CUST_01134,15,Male,Mwanza,Muslim,Chagga,Bachelor,"1,000,001-2,000,000",None,4,0.51,0.22,0.83,0.0,Tecno,China,Mid-Range,New,358438,6.1,Physical Store,Mobile Money,1,12,0.803,0.506,0.9,0.717,1.0,1.0,0.755,0.69,1
CUST_02874,38,Male,Dodoma,Other,Others,No formal,"200,000-500,000",Tigo Pesa,4,0.23,0.84,0.85,0.3,Huawei,China,Premium,New,1827538,9.5,Physical Store,Card,1,2,0.0,0.808,1.0,0.825,1.0,1.0,0.431,0.6,1
CUST_02591,38,Female,Mbeya,Muslim,Nyamwezi,Secondary,"500,001-1,000,000",M-Pesa,3,0.3,0.49,0.36,0.3,Samsung,South Korea,Premium,New,716360,9.9,Physical Store,Cash,0,2,0.707,0.356,0.9,0.932,1.0,1.0,0.677,0.85,1
CUST_01446,32,Female,Dodoma,Christian,Nyamwezi,Master+,">2,000,000",Tigo Pesa,2,0.26,0.42,0.47,0.5,Samsung,South Korea,Premium,New,692795,9.0,Online,Mobile Money,0,2,0.758,0.423,1.0,0.742,1.0,1.0,0.512,0.8,1
CUST_00291,42,Male,Dar es Salaam,Christian,Others,Secondary,"<200,000",Airtel Money,3,0.35,0.72,0.39,0.3,Samsung,South Korea,Premium,New,1783313,8.7,Physical Store,Cash,0,12,0.0,0.339,1.0,1.189,1.0,1.0,0.627,0.57,1
CUST_04846,21,Female,Zanzibar,Muslim,Sukuma,Secondary,"500,001-1,000,000",Tigo Pesa,4,0.7,0.73,0.88,0.0,Apple,USA,Premium,New,674934,8.7,Physical Store,Cash,1,2,0.589,0.766,0.9,0.861,1.0,1.0,0.762,0.79,1
CUST_03268,34,Male,Arusha,Muslim,Others,Primary,"500,001-1,000,000",M-Pesa,3,0.22,0.55,0.77,0.0,Nokia,Finland,Mid-Range,New,341198,7.4,Online,Cash,0,12,0.531,0.57,0.9,0.593,1.0,1.0,0.42,0.78,1
CUST_02141,23,Female,Dodoma,Christian,Nyamwezi,Secondary,"200,000-500,000",M-Pesa,4,0.66,0.8,0.39,1.0,Apple,USA,Premium,New,854077,8.2,Physical Store,Cash,0,1,0.431,0.32,1.0,0.913,1.0,0.8,0.624,0.72,1
CUST_00771,27,Male,Dar es Salaam,Muslim,Haya,Bachelor,"200,000-500,000",M-Pesa,2,0.22,0.81,0.33,1.0,Apple,USA,Premium,New,2135591,9.8,Mobile,Cash,1,1,0.0,0.323,0.9,1.165,1.0,0.8,0.62,0.56,1
CUST_02408,25,Male,Dodoma,Christian,Nyamwezi,Secondary,"500,001-1,000,000",M-Pesa,2,0.13,0.53,0.61,0.3,Huawei,China,Premium,New,661085,9.3,Physical Store,Mobile Money,0,2,0.708,0.567,1.0,0.731,1.0,1.0,0.865,0.83,1
CUST_01875,16,Male,Dar es Salaam,Christian,Nyamwezi,Primary,"500,001-1,000,000",None,3,0.34,0.51,0.54,0.5,Oppo,China,Mid-Range,New,433877,6.8,Physical Store,Cash,1,1,0.447,0.367,1.0,0.962,1.0,1.0,0.58,0.72,1
CUST_03465,28,Female,Dodoma,Christian,Others,No formal,"<200,000",None,4,0.27,0.93,0.44,0.3,Nokia,Finland,Mid-Range,New,489237,6.9,Online,Mobile Money,0,2,0.0,0.304,1.0,0.505,1.0,1.0,0.471,0.72,1
CUST_00150,26,Female,Tanga,Christian,Others,Secondary,"1,000,001-2,000,000",M-Pesa,3,0.32,0.22,0.52,0.7,Apple,USA,Premium,New,1813290,8.9,Online,Mobile Money,0,2,0.668,0.463,1.0,0.654,1.0,1.0,0.742,0.57,1
CUST_03409,31,Male,Mbeya,Christian,Makonde,Diploma,"200,000-500,000",M-Pesa,3,0.1,0.76,0.32,0.3,Samsung,South Korea,Premium,New,1262810,9.0,Physical Store,Cash,0,2,0.2,0.288,1.0,1.055,1.0,1.0,0.562,0.69,1
CUST_00093,32,Female,Dodoma,Christian,Sukuma,Diploma,"1,000,001-2,000,000",M-Pesa,2,0.2,0.24,0.44,0.5,Xiaomi,China,Mid-Range,New,329978,7.3,Physical Store,Mobile Money,1,11,0.802,0.321,1.0,0.539,1.0,1.0,0.742,0.77,0
CUST_04394,19,Female,Dar es Salaam,Christian,Others,No formal,"200,000-500,000",Halopesa,5,0.16,0.75,0.56,0.0,Samsung,South Korea,Premium,New,2362664,9.1,Physical Store,Cash,0,2,0.0,0.51,1.0,0.856,1.0,1.0,0.446,0.47,1
CUST_04329,18,Male,Dar es Salaam,Christian,Others,Secondary,"500,001-1,000,000",Airtel Money,4,0.32,0.46,0.71,1.0,Huawei,China,Premium,New,1305516,8.1,Physical Store,Cash,0,12,0.5,0.575,1.0,0.881,1.0,0.8,0.62,0.62,1
CUST_01533,26,Male,Dar es Salaam,Christian,Sukuma,Diploma,"200,000-500,000",None,2,0.33,0.76,0.76,0.3,Apple,USA,Premium,New,731899,9.0,Physical Store,Cash,0,2,0.536,0.684,1.0,0.958,1.0,1.0,0.946,0.79,0
CUST_02499,24,Female,Dar es Salaam,Muslim,Others,Primary,"<200,000",Airtel Money,2,0.42,0.8,0.56,0.0,Oppo,China,Mid-Range,New,520970,6.7,Physical Store,Cash,1,1,0.0,0.375,0.9,0.741,1.0,1.0,0.498,0.7,1
CUST_04179,33,Male,Arusha,Christian,Chagga,Primary,"<200,000",Airtel Money,3,0.06,0.89,0.43,0.5,Infinix,China,Mid-Range,New,546656,6.9,Physical Store,Mobile Money,0,2,0.0,0.297,1.0,0.893,1.0,1.0,0.413,0.7,0
CUST_03493,19,Female,Dodoma,Christian,Others,Secondary,"200,000-500,000",M-Pesa,3,0.06,0.77,0.74,0.7,Apple,USA,Premium,New,2217331,9.4,Online,Cash,1,2,0.0,0.696,1.0,0.988,1.0,1.0,0.676,0.52,1
CUST_00298,24,Male,Tanga,Christian,Others,Primary,"500,001-1,000,000",Tigo Pesa,4,0.26,0.67,0.56,1.0,Apple,USA,Premium,New,748106,9.1,Physical Store,Cash,0,1,0.582,0.51,1.0,1.105,1.0,0.8,0.714,0.8,0
CUST_01155,15,Female,Arusha,Christian,Nyamwezi,Bachelor,"200,000-500,000",Airtel Money,2,0.67,0.7,0.78,0.7,Itel,China,Budget,Used,56802,5.4,Physical Store,Cash,0,2,0.735,0.421,1.0,0.739,0.6,1.0,0.693,0.71,1
CUST_03434,37,Female,Tanga,Christian,Sukuma,Primary,"200,000-500,000",Tigo Pesa,5,0.57,0.75,0.87,0.0,Apple,USA,Premium,New,1940981,8.4,Online,Mobile Money,1,2,0.0,0.731,1.0,0.673,1.0,1.0,0.748,0.52,1
CUST_02555,33,Female,Tanga,Christian,Sukuma,Primary,"200,000-500,000",Tigo Pesa,5,0.38,0.71,0.52,0.7,Samsung,South Korea,Premium,New,2073993,8.0,Physical Store,Cash,0,2,0.0,0.416,1.0,1.077,1.0,1.0,0.72,0.47,1
CUST_00383,43,Female,Morogoro,Muslim,Chagga,Diploma,"200,000-500,000",Airtel Money,3,0.59,0.92,0.32,0.5,Oppo,China,Mid-Range,New,328299,7.8,Physical Store,Mobile Money,0,2,0.245,0.25,0.9,0.516,1.0,1.0,0.318,0.8,1
CUST_02187,36,Female,Dodoma,Christian,Sukuma,Primary,"500,001-1,000,000",M-Pesa,2,0.22,0.4,0.44,0.3,Itel,China,Budget,Used,108051,3.8,Physical Store,Cash,0,2,0.712,0.167,1.0,0.704,0.6,1.0,0.576,0.61,1
CUST_01742,16,Female,Mbeya,Muslim,Nyamwezi,No formal,"200,000-500,000",Tigo Pesa,1,0.15,0.99,0.89,0.5,Nokia,Finland,Mid-Range,New,482397,6.8,Physical Store,Mobile Money,1,1,0.0,0.605,0.9,0.942,1.0,1.0,0.592,0.71,1
CUST_00470,15,Male,Dar es Salaam,Muslim,Nyamwezi,Primary,"200,000-500,000",Airtel Money,3,0.11,0.78,0.83,0.5,Apple,USA,Premium,New,952582,9.9,Physical Store,Mobile Money,1,2,0.381,0.822,0.9,0.78,1.0,1.0,0.665,0.8,1
CUST_04002,41,Female,Morogoro,Christian,Others,Secondary,"200,000-500,000",Halopesa,4,0.24,0.93,0.74,0.5,Nokia,Finland,Mid-Range,New,340003,6.6,Physical Store,Cash,0,2,0.209,0.488,1.0,0.735,1.0,1.0,0.644,0.73,1
CUST_03496,22,Female,Dar es Salaam,Christian,Others,No formal,"200,000-500,000",Airtel Money,5,0.39,0.73,0.55,0.5,Nokia,Finland,Mid-Range,New,323732,7.7,Physical Store,Mobile Money,0,2,0.409,0.424,1.0,0.96,1.0,1.0,0.63,0.8,1
CUST_03147,24,Male,Dar es Salaam,Muslim,Nyamwezi,Diploma,"<200,000",M-Pesa,5,0.5,0.88,0.37,0.7,Oppo,China,Mid-Range,New,256335,7.8,Physical Store,Cash,0,2,0.436,0.289,0.9,0.943,1.0,1.0,0.744,0.82,1
CUST_03041,32,Male,Arusha,Christian,Others,Secondary,"500,001-1,000,000",M-Pesa,2,0.3,0.71,0.8,0.3,Apple,USA,Premium,New,648677,8.8,Mobile,Cash,1,2,0.616,0.704,1.0,0.847,1.0,1.0,0.918,0.8,1
CUST_01752,33,Female,Dar es Salaam,Other,Makonde,Diploma,"<200,000",Airtel Money,2,0.39,0.74,0.36,0.3,Itel,China,Budget,New,85861,6.9,Physical Store,Cash,0,2,0.576,0.248,1.0,0.896,1.0,1.0,0.65,0.8,1
CUST_03637,15,Female,Dodoma,Christian,Chagga,No formal,"500,001-1,000,000",M-Pesa,2,0.43,0.51,0.4,0.3,Vivo,China,Mid-Range,New,397805,6.2,Physical Store,Cash,0,2,0.493,0.248,1.0,0.563,1.0,1.0,0.511,0.69,1
CUST_00015,26,Female,Zanzibar,Christian,Others,Bachelor,"1,000,001-2,000,000",M-Pesa,3,0.49,0.47,0.72,0.5,Infinix,China,Mid-Range,New,271412,6.6,Physical Store,Mobile Money,0,2,0.681,0.475,1.0,0.79,1.0,1.0,0.876,0.74,0
CUST_02407,29,Female,Dar es Salaam,Christian,Others,Primary,"200,000-500,000",Tigo Pesa,3,0.32,0.92,0.44,0.7,Nokia,Finland,Mid-Range,New,302458,7.2,Online,Cash,1,11,0.304,0.317,1.0,0.586,1.0,1.0,0.451,0.77,0
CUST_03565,26,Female,Arusha,Muslim,Others,No formal,"200,000-500,000",None,3,0.44,0.76,0.52,0.0,Itel,China,Budget,Used,131782,3.1,Physical Store,Mobile Money,1,2,0.332,0.161,0.9,0.677,0.6,1.0,0.598,0.56,1
CUST_02378,38,Female,Dodoma,Christian,Sukuma,Secondary,"200,000-500,000",Airtel Money,4,0.32,0.77,0.84,1.0,Itel,China,Budget,New,204782,6.8,Online,Cash,0,2,0.0,0.571,1.0,0.861,1.0,0.8,0.492,0.77,1
CUST_00636,30,Female,Dodoma,Christian,Others,Bachelor,"200,000-500,000",Airtel Money,3,0.37,0.73,0.65,0.5,Huawei,China,Premium,New,2349869,8.9,Physical Store,Card,0,1,0.0,0.578,1.0,0.996,1.0,1.0,0.451,0.46,0
CUST_00414,32,Male,Mbeya,Muslim,Sukuma,Diploma,"200,000-500,000",Tigo Pesa,1,0.18,0.91,0.87,0.5,Nokia,Finland,Mid-Range,New,374082,6.6,Physical Store,Mobile Money,0,1,0.149,0.574,0.9,0.59,1.0,1.0,0.481,0.72,1
CUST_01807,28,Male,Mwanza,Muslim,Others,No formal,"200,000-500,000",Halopesa,3,0.18,0.94,0.88,0.5,Infinix,China,Mid-Range,New,541616,6.2,Physical Store,Cash,0,2,0.0,0.546,0.9,0.638,1.0,1.0,0.524,0.66,1
CUST_01356,41,Female,Dar es Salaam,Muslim,Chagga,Primary,"500,001-1,000,000",M-Pesa,1,0.13,0.79,0.44,0.7,Infinix,China,Mid-Range,New,296671,7.8,Physical Store,Card,0,2,0.414,0.343,0.9,0.59,1.0,1.0,0.603,0.81,1
CUST_00981,39,Male,Arusha,Christian,Gogo,Secondary,"500,001-1,000,000",M-Pesa,3,0.29,0.8,0.33,0.3,Apple,USA,Premium,New,2144490,9.1,Physical Store,Mobile Money,0,1,0.0,0.3,1.0,0.767,1.0,1.0,0.255,0.52,1
CUST_02793,19,Male,Dodoma,Muslim,Others,Secondary,"500,001-1,000,000",M-Pesa,3,0.14,0.71,0.36,0.7,Huawei,China,Premium,New,2118927,8.7,Physical Store,Mobile Money,1,2,0.0,0.313,0.9,0.673,1.0,1.0,0.526,0.5,1
CUST_03214,15,Male,Mbeya,Christian,Others,Bachelor,"<200,000",Halopesa,4,0.31,0.9,0.71,0.3,Apple,USA,Premium,New,1562385,8.4,Mobile,Mobile Money,0,2,0.0,0.596,1.0,0.984,1.0,1.0,0.755,0.59,0
CUST_01335,29,Female,Dodoma,Muslim,Sukuma,Primary,"200,000-500,000",Halopesa,4,0.63,0.83,0.75,0.5,Tecno,China,Mid-Range,New,315034,7.9,Physical Store,Cash,1,2,0.346,0.592,0.9,0.682,1.0,1.0,0.701,0.81,1
CUST_02830,41,Female,Mbeya,Christian,Others,Bachelor,"200,000-500,000",Halopesa,3,0.35,0.77,0.37,0.7,Huawei,China,Premium,New,2008761,8.2,Physical Store,Cash,0,12,0.0,0.303,1.0,0.86,1.0,1.0,0.569,0.49,1
CUST_00948,31,Male,Tanga,Christian,Others,Primary,"500,001-1,000,000",Halopesa,5,0.23,0.64,0.54,1.0,Xiaomi,China,Mid-Range,New,436197,7.9,Physical Store,Cash,0,1,0.302,0.427,1.0,0.546,1.0,0.8,0.592,0.79,1
CUST_04870,29,Female,Morogoro,Muslim,Makonde,Primary,"200,000-500,000",M-Pesa,3,0.17,0.96,0.45,0.7,Itel,China,Budget,Used,176817,5.4,Physical Store,Mobile Money,0,2,0.0,0.243,0.9,0.744,0.6,1.0,0.418,0.69,1
CUST_00927,45,Female,Arusha,Christian,Others,Primary,"200,000-500,000",Airtel Money,4,0.12,0.96,0.83,0.0,Oppo,China,Mid-Range,New,547937,6.2,Physical Store,Mobile Money,0,2,0.0,0.515,1.0,0.777,1.0,1.0,0.519,0.66,1
CUST_01414,36,Male,Dar es Salaam,Christian,Sukuma,Diploma,"200,000-500,000",M-Pesa,3,0.56,0.94,0.57,0.5,Xiaomi,China,Mid-Range,New,276277,6.4,Physical Store,Mobile Money,1,9,0.351,0.365,1.0,0.922,1.0,1.0,0.65,0.73,1
CUST_03850,25,Male,Dar es Salaam,Muslim,Nyamwezi,Secondary,"200,000-500,000",M-Pesa,3,0.31,0.7,0.56,0.0,Apple,USA,Premium,New,1414087,8.1,Online,Mobile Money,0,1,0.175,0.454,0.9,0.848,1.0,1.0,0.538,0.6,1
CUST_00919,15,Female,Dar es Salaam,Christian,Others,Primary,"200,000-500,000",Tigo Pesa,3,0.13,0.96,0.88,0.5,Infinix,China,Mid-Range,New,314201,7.3,Physical Store,Cash,0,1,0.246,0.642,1.0,0.811,1.0,1.0,0.561,0.78,1
CUST_00925,34,Male,Mbeya,Christian,Chagga,Primary,"<200,000",M-Pesa,4,0.41,0.79,0.38,0.7,Samsung,South Korea,Premium,New,1671730,9.1,Physical Store,Cash,0,2,0.0,0.346,1.0,1.125,1.0,1.0,0.479,0.61,1
CUST_02075,20,Male,Mwanza,Christian,Nyamwezi,Primary,"200,000-500,000",Tigo Pesa,3,0.4,0.88,0.35,0.5,Apple,USA,Premium,New,1029828,9.3,Online,Cash,1,2,0.245,0.326,1.0,0.792,1.0,1.0,0.521,0.75,1
CUST_04472,22,Male,Tanga,Muslim,Others,No formal,"200,000-500,000",Airtel Money,1,0.35,0.88,0.31,0.0,Oppo,China,Mid-Range,Used,386507,6.1,Physical Store,Cash,1,2,0.15,0.189,0.9,0.751,0.6,1.0,0.38,0.69,1
CUST_01552,15,Female,Dar es Salaam,Muslim,Chagga,Primary,"500,001-1,000,000",Tigo Pesa,4,0.28,0.74,0.67,0.5,Tecno,China,Mid-Range,New,468578,6.6,Online,Card,0,2,0.133,0.442,0.9,0.509,1.0,1.0,0.405,0.7,1
CUST_04983,15,Female,Morogoro,Christian,Others,No formal,"<200,000",Tigo Pesa,5,0.42,0.87,0.34,0.7,Xiaomi,China,Mid-Range,New,443372,7.4,Online,Mobile Money,0,1,0.036,0.252,1.0,0.876,1.0,1.0,0.563,0.76,0
CUST_02800,27,Male,Tanga,Muslim,Nyamwezi,Diploma,"200,000-500,000",Halopesa,1,0.41,0.78,0.82,0.7,Xiaomi,China,Mid-Range,New,321428,6.7,Physical Store,Cash,1,1,0.373,0.549,0.9,0.694,1.0,1.0,0.494,0.74,1
CUST_02702,28,Male,Mbeya,Christian,Gogo,Bachelor,"<200,000",Halopesa,5,0.29,0.84,0.46,0.3,Vivo,China,Mid-Range,New,595959,7.0,Physical Store,Cash,1,2,0.0,0.322,1.0,0.602,1.0,1.0,0.577,0.7,1
CUST_04039,25,Male,Morogoro,Christian,Chagga,Primary,"<200,000",Tigo Pesa,5,0.19,0.98,0.79,0.3,Samsung,South Korea,Premium,New,1713681,9.0,Physical Store,Cash,0,12,0.0,0.711,1.0,0.689,1.0,1.0,0.457,0.6,1
CUST_04000,30,Male,Tanga,Christian,Others,Bachelor,"<200,000",M-Pesa,2,0.35,0.9,0.71,0.7,Apple,USA,Premium,New,1589605,8.1,Physical Store,Cash,0,1,0.0,0.575,1.0,0.904,1.0,1.0,0.308,0.57,1
CUST_04525,42,Male,Morogoro,Christian,Gogo,Primary,"500,001-1,000,000",Tigo Pesa,3,0.35,0.49,0.43,0.3,Oppo,China,Mid-Range,New,251683,7.8,Physical Store,Card,1,2,0.692,0.335,1.0,0.501,1.0,1.0,0.598,0.82,0
CUST_00496,40,Male,Tanga,Christian,Others,Diploma,"200,000-500,000",Halopesa,3,0.28,0.75,0.58,1.0,Vivo,China,Mid-Range,New,461967,6.5,Physical Store,Mobile Money,1,11,0.134,0.377,1.0,0.993,1.0,0.8,0.579,0.7,0
CUST_02528,36,Female,Arusha,Christian,Makonde,No formal,"500,001-1,000,000",Airtel Money,3,0.23,0.69,0.38,0.7,Nokia,Finland,Mid-Range,New,446973,6.5,Mobile,Cash,1,2,0.229,0.247,1.0,0.523,1.0,1.0,0.494,0.7,1
CUST_01664,25,Male,Zanzibar,Christian,Others,Diploma,"500,001-1,000,000",Airtel Money,1,0.37,0.62,0.46,0.3,Samsung,South Korea,Premium,New,1876678,9.3,Physical Store,Mobile Money,0,2,0.03,0.428,1.0,0.869,1.0,1.0,0.561,0.58,1
CUST_03553,15,Female,Dar es Salaam,Muslim,Others,No formal,"500,001-1,000,000",Airtel Money,3,0.05,0.46,0.52,0.3,Xiaomi,China,Mid-Range,New,388423,6.4,Physical Store,Cash,0,10,0.553,0.333,0.9,0.69,1.0,1.0,0.55,0.71,1
CUST_02254,35,Male,Zanzibar,Christian,Sukuma,Bachelor,"<200,000",M-Pesa,3,0.32,0.94,0.76,0.0,Huawei,China,Premium,New,1041467,8.5,Physical Store,Mobile Money,0,2,0.184,0.646,1.0,0.865,1.0,1.0,0.672,0.7,1
CUST_01010,23,Female,Mwanza,Christian,Others,Diploma,"<200,000",M-Pesa,5,0.14,0.92,0.35,0.5,Samsung,South Korea,Premium,New,2021907,10.0,Physical Store,Cash,1,1,0.0,0.35,1.0,0.816,1.0,1.0,0.453,0.6,1
CUST_01424,24,Male,Morogoro,Christian,Nyamwezi,No formal,"500,001-1,000,000",M-Pesa,1,0.23,0.8,0.62,0.3,Vivo,China,Mid-Range,Used,447854,6.6,Mobile,Mobile Money,0,1,0.104,0.409,1.0,0.535,0.6,1.0,0.255,0.71,1
CUST_01107,24,Female,Arusha,Other,Makonde,Bachelor,"1,000,001-2,000,000",Airtel Money,4,0.27,0.15,0.37,0.5,Nokia,Finland,Mid-Range,New,502713,6.5,Online,Mobile Money,0,2,0.811,0.24,1.0,0.983,1.0,1.0,0.853,0.69,1
CUST_04458,22,Male,Dar es Salaam,Christian,Others,No formal,"1,000,001-2,000,000",Airtel Money,5,0.31,0.34,0.3,0.0,Nokia,Finland,Mid-Range,New,257252,7.6,Physical Store,Cash,0,2,0.781,0.228,1.0,0.576,1.0,1.0,0.661,0.8,1
CUST_01675,33,Male,Arusha,Christian,Others,Secondary,"200,000-500,000",M-Pesa,4,0.14,0.73,0.87,0.5,Infinix,China,Mid-Range,New,385448,6.2,Online,Cash,0,1,0.297,0.539,1.0,0.851,1.0,1.0,0.645,0.69,1
CUST_03929,35,Female,Arusha,Muslim,Others,No formal,"<200,000",Airtel Money,3,0.24,0.95,0.73,0.0,Samsung,South Korea,Premium,New,2249215,9.8,Physical Store,Cash,0,2,0.0,0.715,0.9,0.92,1.0,1.0,0.585,0.54,1
CUST_01170,30,Male,Morogoro,Christian,Sukuma,Primary,"200,000-500,000",Tigo Pesa,3,0.38,0.82,0.36,0.5,Infinix,China,Mid-Range,Used,234769,6.2,Physical Store,Mobile Money,1,2,0.519,0.223,1.0,0.657,0.6,1.0,0.628,0.73,0
CUST_01354,22,Female,Arusha,Muslim,Others,Secondary,"<200,000",M-Pesa,3,0.12,0.95,0.38,0.3,Tecno,China,Mid-Range,New,350988,6.4,Physical Store,Mobile Money,0,12,0.166,0.243,0.9,0.745,1.0,1.0,0.21,0.71,1
CUST_01351,42,Male,Arusha,Christian,Others,Primary,"<200,000",Tigo Pesa,3,0.1,0.97,0.4,0.5,Infinix,China,Mid-Range,New,402987,7.9,Online,Mobile Money,0,2,0.023,0.316,1.0,0.935,1.0,1.0,0.5,0.79,1
CUST_00209,30,Male,Arusha,Muslim,Others,Diploma,"<200,000",M-Pesa,1,0.24,0.73,0.53,0.0,Vivo,China,Mid-Range,New,384691,6.4,Physical Store,Mobile Money,0,2,0.298,0.339,0.9,0.799,1.0,1.0,0.448,0.71,1
CUST_01301,23,Male,Dodoma,Muslim,Others,Secondary,">2,000,000",None,4,0.22,0.15,0.41,0.3,Tecno,China,Mid-Range,New,326989,7.7,Online,Cash,0,2,0.877,0.316,0.9,0.918,1.0,1.0,0.668,0.8,0
CUST_03381,15,Female,Dar es Salaam,Muslim,Nyamwezi,Secondary,"<200,000",M-Pesa,2,0.03,0.73,0.57,0.3,Tecno,China,Mid-Range,New,448459,7.9,Physical Store,Cash,0,1,0.182,0.45,0.9,0.673,1.0,1.0,0.479,0.78,1
CUST_04630,31,Female,Mwanza,Christian,Others,No formal,"200,000-500,000",Airtel Money,4,0.25,0.8,0.7,0.5,Huawei,China,Premium,New,708948,8.2,Physical Store,Cash,0,2,0.527,0.574,1.0,0.881,1.0,1.0,0.905,0.75,1
CUST_01689,20,Female,Dar es Salaam,Christian,Others,Primary,"<200,000",M-Pesa,2,0.32,0.99,0.52,0.0,Tecno,China,Mid-Range,New,306680,7.1,Mobile,Card,0,1,0.241,0.369,1.0,0.627,1.0,1.0,0.448,0.76,1
CUST_01507,23,Male,Mwanza,Muslim,Chagga,Primary,"200,000-500,000",Tigo Pesa,3,0.21,0.77,0.79,0.5,Xiaomi,China,Mid-Range,New,591831,7.2,Physical Store,Cash,0,2,0.0,0.569,0.9,0.913,1.0,1.0,0.498,0.71,0
CUST_02745,19,Male,Dar es Salaam,Christian,Others,Secondary,"<200,000",Airtel Money,3,0.08,0.78,0.53,0.3,Infinix,China,Mid-Range,New,313599,7.3,Physical Store,Mobile Money,0,2,0.388,0.387,1.0,0.898,1.0,1.0,0.78,0.78,1
CUST_00808,22,Female,Mwanza,Christian,Sukuma,Master+,"<200,000",M-Pesa,2,0.33,0.83,0.67,0.5,Nokia,Finland,Mid-Range,New,260107,7.3,Physical Store,Cash,0,2,0.46,0.489,1.0,0.694,1.0,1.0,0.623,0.79,1
CUST_04534,49,Male,Mbeya,Muslim,Others,Primary,"500,001-1,000,000",Halopesa,5,0.66,0.6,0.42,0.5,Nokia,Finland,Mid-Range,New,456246,6.3,Online,Mobile Money,1,2,0.316,0.265,0.9,0.688,1.0,1.0,0.541,0.69,0
CUST_02382,30,Male,Mwanza,Christian,Others,Primary,"500,001-1,000,000",None,4,0.2,0.77,0.36,0.3,Tecno,China,Mid-Range,New,513050,6.6,Physical Store,Cash,0,2,0.012,0.238,1.0,0.689,1.0,1.0,0.352,0.69,1
CUST_00443,15,Male,Dar es Salaam,Christian,Others,Primary,"200,000-500,000",M-Pesa,4,0.05,0.78,0.69,0.0,Apple,USA,Premium,New,888834,8.3,Physical Store,Cash,0,2,0.422,0.573,1.0,0.667,1.0,1.0,0.621,0.72,1
CUST_00201,15,Female,Dar es Salaam,Muslim,Nyamwezi,Diploma,"500,001-1,000,000",Airtel Money,2,0.47,0.41,0.46,0.0,Tecno,China,Mid-Range,New,539492,6.8,Physical Store,Cash,0,1,0.447,0.313,0.9,0.563,1.0,1.0,0.63,0.7,1
CUST_04897,16,Male,Dar es Salaam,Christian,Others,No formal,"200,000-500,000",Halopesa,2,0.42,0.95,0.42,0.5,Samsung,South Korea,Premium,New,2475608,8.6,Online,Cash,0,2,0.0,0.361,1.0,1.129,1.0,1.0,0.783,0.42,1
CUST_04737,15,Male,Dar es Salaam,Muslim,Nyamwezi,No formal,">2,000,000",Tigo Pesa,1,0.38,0.35,0.58,0.7,Apple,USA,Premium,New,2049913,9.0,Physical Store,Mobile Money,0,12,0.402,0.522,0.9,1.014,1.0,1.0,0.703,0.53,1
CUST_03870,15,Female,Dodoma,Muslim,Others,Secondary,"1,000,001-2,000,000",M-Pesa,3,0.19,0.39,0.32,0.7,Huawei,China,Premium,New,2158028,8.5,Physical Store,Cash,0,1,0.299,0.272,0.9,0.911,1.0,1.0,0.572,0.48,1
CUST_03635,35,Female,Mbeya,Muslim,Others,Secondary,"500,001-1,000,000",Halopesa,1,0.39,0.47,0.64,0.3,Samsung,South Korea,Premium,New,839470,8.6,Online,Cash,0,1,0.671,0.55,0.9,1.175,1.0,1.0,0.908,0.75,1
CUST_02923,46,Male,Zanzibar,Christian,Others,Secondary,"200,000-500,000",Halopesa,4,0.36,0.76,0.71,0.7,Infinix,China,Mid-Range,New,325299,7.6,Online,Cash,0,2,0.382,0.54,1.0,0.524,1.0,1.0,0.757,0.79,1
CUST_00776,21,Male,Mbeya,Muslim,Others,Diploma,"<200,000",Tigo Pesa,5,0.39,0.98,0.46,0.0,Oppo,China,Mid-Range,New,428193,7.3,Physical Store,Cash,0,2,0.0,0.336,0.9,0.923,1.0,1.0,0.374,0.75,1
CUST_03929,35,Female,Arusha,Muslim,Others,No formal,"<200,000",Airtel Money,3,0.24,0.95,0.73,0.0,Apple,USA,Premium,New,1939259,8.1,Online,Mobile Money,0,1,0.0,0.591,0.9,0.844,1.0,1.0,0.518,0.5,1
CUST_01253,29,Male,Mbeya,Muslim,Others,Secondary,"200,000-500,000",Tigo Pesa,2,0.18,0.74,0.4,1.0,Tecno,China,Mid-Range,New,534897,7.9,Physical Store,Cash,0,2,0.01,0.316,0.9,0.946,1.0,0.8,0.399,0.77,1
CUST_04116,15,Male,Zanzibar,Muslim,Others,Diploma,"500,001-1,000,000",M-Pesa,4,0.6,0.44,0.8,0.7,Itel,China,Budget,New,224159,4.5,Online,Mobile Money,1,2,0.342,0.36,0.9,0.669,1.0,1.0,0.611,0.63,1
CUST_00618,24,Female,Dodoma,Muslim,Chagga,Diploma,"1,000,001-2,000,000",Halopesa,3,0.28,0.3,0.69,0.5,Tecno,China,Mid-Range,New,472923,7.9,Online,Mobile Money,0,2,0.645,0.545,0.9,0.734,1.0,1.0,0.529,0.78,1
CUST_04096,50,Female,Mwanza,Christian,Others,Primary,"200,000-500,000",Tigo Pesa,4,0.51,0.86,0.5,0.5,Samsung,South Korea,Premium,New,1859187,8.6,Online,Mobile Money,0,2,0.0,0.43,1.0,1.05,1.0,1.0,0.561,0.54,1
CUST_04169,38,Female,Mbeya,Christian,Others,No formal,"200,000-500,000",M-Pesa,3,0.71,0.82,0.61,0.7,Nokia,Finland,Mid-Range,New,291229,6.9,Physical Store,Cash,0,2,0.403,0.421,1.0,0.514,1.0,1.0,0.735,0.76,1
CUST_00389,29,Female,Dar es Salaam,Muslim,Haya,Bachelor,"<200,000",M-Pesa,2,0.46,0.76,0.78,1.0,Nokia,Finland,Mid-Range,New,557755,6.1,Physical Store,Card,0,1,0.0,0.476,0.9,0.634,1.0,0.8,0.515,0.65,1
CUST_04452,32,Female,Tanga,Muslim,Others,Primary,"200,000-500,000",Halopesa,1,0.08,0.88,0.63,0.7,Oppo,China,Mid-Range,New,482509,6.7,Physical Store,Cash,1,2,0.0,0.422,0.9,0.795,1.0,1.0,0.52,0.71,1
CUST_01726,26,Female,Dar es Salaam,Muslim,Others,Primary,"<200,000",M-Pesa,1,0.33,0.95,0.43,0.3,Samsung,South Korea,Premium,New,2291530,9.5,Physical Store,Mobile Money,0,2,0.0,0.408,0.9,0.953,1.0,1.0,0.677,0.51,0
CUST_02966,22,Female,Arusha,Christian,Others,Primary,"500,001-1,000,000",Tigo Pesa,4,0.51,0.53,0.43,0.5,Tecno,China,Mid-Range,Used,322296,5.9,Online,Mobile Money,0,2,0.573,0.254,1.0,0.712,0.6,1.0,0.741,0.69,1
CUST_01690,42,Male,Arusha,Christian,Others,Secondary,"500,001-1,000,000",Airtel Money,4,0.24,0.43,0.62,0.3,Apple,USA,Premium,New,2058565,8.8,Physical Store,Mobile Money,0,2,0.262,0.546,1.0,1.15,1.0,1.0,0.696,0.52,1
CUST_02617,34,Female,Dar es Salaam,Christian,Haya,Diploma,"200,000-500,000",Tigo Pesa,2,0.34,0.89,0.8,0.5,Samsung,South Korea,Premium,New,1508529,9.4,Physical Store,Cash,0,2,0.0,0.752,1.0,0.672,1.0,1.0,0.558,0.66,0
CUST_01942,32,Male,Zanzibar,Christian,Others,Secondary,"200,000-500,000",M-Pesa,5,0.27,0.97,0.83,0.5,Tecno,China,Mid-Range,Used,316302,6.8,Mobile,Mobile Money,0,1,0.233,0.564,1.0,0.769,0.6,1.0,0.415,0.74,0
CUST_04981,42,Female,Mwanza,Christian,Others,Primary,"200,000-500,000",M-Pesa,2,0.05,0.9,0.63,0.5,Samsung,South Korea,Premium,New,889501,9.0,Mobile,Mobile Money,0,2,0.333,0.567,1.0,0.643,1.0,1.0,0.511,0.76,1
CUST_00157,35,Male,Mwanza,Muslim,Others,Primary,"500,001-1,000,000",Airtel Money,5,0.08,0.66,0.33,0.3,Samsung,South Korea,Premium,New,1183467,8.4,Physical Store,Cash,0,2,0.349,0.277,0.9,1.157,1.0,1.0,0.554,0.67,1
CUST_01272,27,Male,Mwanza,Christian,Chagga,Primary,"200,000-500,000",M-Pesa,1,0.32,0.72,0.74,0.0,Nokia,Finland,Mid-Range,New,470816,7.7,Online,Cash,0,11,0.153,0.57,1.0,0.597,1.0,1.0,0.6,0.77,1
CUST_02004,16,Female,Mwanza,Christian,Nyamwezi,Primary,"500,001-1,000,000",M-Pesa,4,0.1,0.73,0.74,0.5,Infinix,China,Mid-Range,New,305032,7.0,Physical Store,Cash,1,1,0.443,0.518,1.0,0.701,1.0,1.0,0.637,0.76,1
CUST_00619,28,Male,Mwanza,Christian,Chagga,Primary,">2,000,000",M-Pesa,2,0.37,0.41,0.44,0.3,Nokia,Finland,Mid-Range,New,292790,7.5,Physical Store,Mobile Money,0,2,0.7,0.33,1.0,0.788,1.0,1.0,0.705,0.79,1
CUST_03319,24,Male,Tanga,Christian,Others,Primary,"200,000-500,000",Halopesa,3,0.21,0.93,0.51,0.0,Huawei,China,Premium,New,1252389,9.5,Online,Card,1,2,0.029,0.484,1.0,0.874,1.0,1.0,0.599,0.72,1
CUST_01661,43,Female,Morogoro,Muslim,Makonde,Secondary,"1,000,001-2,000,000",M-Pesa,4,0.06,0.21,0.41,0.0,Huawei,China,Premium,New,1853632,8.8,Physical Store,Cash,1,12,0.676,0.361,0.9,0.918,1.0,1.0,0.71,0.56,0
CUST_03001,34,Male,Arusha,Muslim,Nyamwezi,No formal,"500,001-1,000,000",None,3,0.1,0.75,0.85,0.7,Tecno,China,Mid-Range,New,279800,6.2,Physical Store,Mobile Money,0,1,0.475,0.527,0.9,0.583,1.0,1.0,0.623,0.72,1
CUST_00462,20,Male,Arusha,Muslim,Sukuma,Primary,"500,001-1,000,000",M-Pesa,5,0.28,0.56,0.73,0.5,Tecno,China,Mid-Range,New,388414,7.2,Physical Store,Cash,0,2,0.456,0.526,0.9,0.781,1.0,1.0,0.628,0.75,1
CUST_03488,15,Male,Arusha,Christian,Others,Diploma,"500,001-1,000,000",Tigo Pesa,5,0.28,0.74,0.39,0.3,Huawei,China,Premium,New,1211411,9.5,Physical Store,Cash,1,2,0.253,0.37,1.0,0.944,1.0,1.0,0.652,0.73,0
CUST_03179,15,Female,Arusha,Christian,Sukuma,Secondary,"200,000-500,000",M-Pesa,2,0.22,0.79,0.53,1.0,Apple,USA,Premium,New,966871,9.5,Physical Store,Cash,0,2,0.363,0.503,1.0,1.144,1.0,0.8,0.716,0.78,1
CUST_00452,28,Female,Morogoro,Muslim,Others,Primary,"500,001-1,000,000",Tigo Pesa,1,0.1,0.45,0.89,0.3,Infinix,China,Mid-Range,Used,213170,6.4,Physical Store,Card,0,1,0.76,0.57,0.9,0.749,0.6,1.0,0.683,0.74,1
CUST_00448,35,Male,Mbeya,Muslim,Chagga,Primary,"200,000-500,000",Tigo Pesa,4,0.1,0.89,0.46,0.0,Tecno,China,Mid-Range,New,418053,7.0,Physical Store,Cash,1,2,0.07,0.322,0.9,0.84,1.0,1.0,0.479,0.74,1
CUST_00295,22,Male,Tanga,Christian,Sukuma,Secondary,"200,000-500,000",Airtel Money,3,0.09,0.76,0.48,0.5,Huawei,China,Premium,New,1898965,9.5,Physical Store,Cash,0,2,0.0,0.456,1.0,0.652,1.0,1.0,0.442,0.59,1
CUST_01740,29,Female,Mbeya,Muslim,Nyamwezi,Primary,"200,000-500,000",M-Pesa,5,0.27,0.97,0.46,0.5,Oppo,China,Mid-Range,New,422672,7.1,Physical Store,Mobile Money,0,1,0.0,0.327,0.9,0.762,1.0,1.0,0.482,0.74,1
CUST_02883,34,Male,Mbeya,Christian,Sukuma,Primary,"200,000-500,000",None,5,0.61,1.0,0.56,0.5,Huawei,China,Premium,New,1865427,8.8,Physical Store,Cash,0,2,0.0,0.493,1.0,0.891,1.0,1.0,0.593,0.55,1
CUST_04610,31,Female,Dar es Salaam,Muslim,Others,Primary,"<200,000",Airtel Money,5,0.07,0.78,0.39,0.7,Apple,USA,Premium,New,1463232,9.5,Mobile,Cash,0,2,0.049,0.37,0.9,0.669,1.0,1.0,0.508,0.68,1
CUST_03310,35,Female,Dar es Salaam,Christian,Others,Primary,"<200,000",M-Pesa,4,0.13,0.74,0.75,0.3,Xiaomi,China,Mid-Range,Used,290224,5.4,Online,Cash,1,2,0.463,0.405,1.0,0.653,0.6,1.0,0.542,0.67,0
CUST_04299,27,Male,Morogoro,Christian,Others,Secondary,"<200,000",M-Pesa,3,0.18,0.8,0.4,0.5,Samsung,South Korea,Premium,New,2437837,9.1,Online,Cash,0,12,0.0,0.364,1.0,1.083,1.0,1.0,0.273,0.46,1
CUST_03904,42,Male,Dar es Salaam,Muslim,Nyamwezi,Secondary,"200,000-500,000",Tigo Pesa,4,0.35,0.82,0.43,0.3,Apple,USA,Premium,New,2083349,8.5,Online,Cash,1,2,0.0,0.366,0.9,0.919,1.0,1.0,0.564,0.49,1
CUST_03482,32,Female,Dar es Salaam,Christian,Others,Primary,"200,000-500,000",Airtel Money,3,0.21,0.75,0.65,0.0,Samsung,South Korea,Premium,New,2356357,9.5,Physical Store,Cash,1,1,0.0,0.617,1.0,0.974,1.0,1.0,0.707,0.5,1
CUST_04565,28,Male,Mwanza,Muslim,Others,Secondary,"200,000-500,000",M-Pesa,5,0.41,0.75,0.42,0.0,Apple,USA,Premium,New,2430351,8.6,Physical Store,Cash,0,12,0.0,0.361,0.9,1.128,1.0,1.0,0.47,0.43,1
CUST_00174,25,Male,Dar es Salaam,Muslim,Others,Primary,"500,001-1,000,000",Airtel Money,2,0.3,0.43,0.63,0.5,Vivo,China,Mid-Range,New,501702,7.2,Physical Store,Card,0,2,0.461,0.454,0.9,0.649,1.0,1.0,0.589,0.73,1
CUST_00987,25,Female,Mwanza,Christian,Others,Secondary,"200,000-500,000",Airtel Money,3,0.26,0.71,0.31,0.3,Xiaomi,China,Mid-Range,New,357622,6.2,Physical Store,Cash,0,2,0.365,0.192,1.0,0.876,1.0,1.0,0.498,0.7,1
CUST_03796,21,Male,Mwanza,Muslim,Sukuma,Primary,"1,000,001-2,000,000",Tigo Pesa,3,0.23,0.18,0.51,0.5,Nokia,Finland,Mid-Range,New,389979,7.4,Physical Store,Mobile Money,1,1,0.825,0.377,0.9,0.78,1.0,1.0,0.663,0.77,1
CUST_01138,36,Male,Dar es Salaam,Christian,Others,Primary,"500,001-1,000,000",None,5,0.16,0.6,0.38,0.7,Tecno,China,Mid-Range,New,460443,7.8,Online,Cash,0,2,0.309,0.296,1.0,0.658,1.0,1.0,0.691,0.78,1
CUST_03374,27,Male,Arusha,Christian,Others,Primary,"<200,000",M-Pesa,2,0.2,0.77,0.36,0.7,Tecno,China,Mid-Range,New,571031,6.8,Physical Store,Mobile Money,1,2,0.0,0.245,1.0,0.627,1.0,1.0,0.422,0.69,1
CUST_04126,31,Male,Dar es Salaam,Christian,Sukuma,Primary,"200,000-500,000",Halopesa,4,0.37,0.76,0.51,0.3,Apple,USA,Premium,New,1020830,8.2,Mobile,Cash,0,2,0.353,0.418,1.0,0.799,1.0,1.0,0.469,0.69,1
CUST_02433,29,Female,Dodoma,Muslim,Others,Secondary,"200,000-500,000",None,3,0.31,0.73,0.67,0.7,Apple,USA,Premium,New,1424020,9.2,Physical Store,Cash,1,12,0.134,0.616,0.9,0.942,1.0,1.0,0.653,0.67,1
CUST_01045,48,Female,Mwanza,Christian,Others,Secondary,"200,000-500,000",Tigo Pesa,4,0.43,0.85,0.79,0.3,Huawei,China,Premium,New,786669,8.6,Physical Store,Cash,0,2,0.443,0.679,1.0,0.731,1.0,1.0,0.746,0.76,1
CUST_02805,28,Female,Dar es Salaam,Muslim,Others,Secondary,"200,000-500,000",Tigo Pesa,3,0.31,0.95,0.37,0.5,Infinix,China,Mid-Range,New,342918,7.7,Physical Store,Cash,0,2,0.186,0.285,0.9,0.559,1.0,1.0,0.497,0.79,1
CUST_03210,34,Male,Arusha,Muslim,Sukuma,Primary,"500,001-1,000,000",Airtel Money,4,0.41,0.47,0.84,0.5,Tecno,China,Mid-Range,New,399186,7.5,Online,Cash,0,1,0.531,0.63,0.9,0.578,1.0,1.0,0.626,0.77,1
CUST_04712,17,Male,Dodoma,Muslim,Others,Secondary,"500,001-1,000,000",M-Pesa,4,0.32,0.48,0.8,0.5,Infinix,China,Mid-Range,Used,260626,6.3,Physical Store,Cash,0,2,0.687,0.504,0.9,0.745,0.6,1.0,0.813,0.73,1
CUST_02911,24,Female,Dar es Salaam,Muslim,Sukuma,Secondary,"<200,000",Tigo Pesa,2,0.13,0.7,0.47,0.5,Xiaomi,China,Mid-Range,New,296585,7.5,Physical Store,Mobile Money,0,12,0.481,0.352,0.9,0.94,1.0,1.0,0.916,0.79,1
CUST_04817,29,Male,Arusha,Christian,Others,Bachelor,"500,001-1,000,000",Airtel Money,4,0.59,0.58,0.61,0.7,Apple,USA,Premium,New,825414,8.6,Mobile,Cash,1,2,0.601,0.525,1.0,0.925,1.0,1.0,0.908,0.75,0
CUST_01497,52,Male,Dar es Salaam,Christian,Nyamwezi,Secondary,"200,000-500,000",Tigo Pesa,3,0.1,0.92,0.45,0.5,Itel,China,Budget,Used,97029,4.9,Online,Cash,0,2,0.405,0.221,1.0,0.775,0.6,1.0,0.645,0.67,1
CUST_04081,33,Male,Dar es Salaam,Christian,Others,Diploma,"200,000-500,000",Airtel Money,4,0.12,0.97,0.57,0.5,Apple,USA,Premium,New,1221168,8.2,Physical Store,Mobile Money,1,2,0.013,0.467,1.0,1.028,1.0,1.0,0.339,0.65,1
CUST_00194,18,Male,Dar es Salaam,Christian,Others,Secondary,"200,000-500,000",M-Pesa,4,0.33,0.91,0.45,0.0,Samsung,South Korea,Premium,New,2291707,8.4,Physical Store,Mobile Money,0,2,0.0,0.378,1.0,0.776,1.0,1.0,0.552,0.45,0
CUST_03652,35,Male,Mbeya,Other,Chagga,Bachelor,"1,000,001-2,000,000",M-Pesa,3,0.27,0.2,0.35,0.3,Nokia,Finland,Mid-Range,New,270991,6.9,Physical Store,Cash,0,1,0.865,0.242,1.0,0.858,1.0,1.0,0.544,0.76,1
CUST_00795,15,Male,Dar es Salaam,Christian,Others,Primary,"200,000-500,000",Tigo Pesa,5,0.58,0.96,0.75,0.7,Tecno,China,Mid-Range,New,423027,7.9,Physical Store,Mobile Money,0,1,0.0,0.592,1.0,0.557,1.0,1.0,0.482,0.79,1
CUST_03132,31,Female,Mwanza,Christian,Others,No formal,"<200,000",Halopesa,4,0.19,0.78,0.54,0.5,Tecno,China,Mid-Range,New,579263,6.0,Physical Store,Mobile Money,0,2,0.0,0.324,1.0,0.537,1.0,1.0,0.375,0.64,0
CUST_04602,25,Male,Dodoma,Christian,Haya,Primary,"200,000-500,000",Tigo Pesa,3,0.44,0.9,0.65,0.3,Apple,USA,Premium,New,686877,9.8,Online,Cash,0,1,0.485,0.637,1.0,1.04,1.0,1.0,0.656,0.85,1
CUST_01296,47,Female,Morogoro,Muslim,Sukuma,Diploma,"<200,000",None,1,0.13,0.72,0.32,0.0,Oppo,China,Mid-Range,New,486258,6.1,Physical Store,Mobile Money,0,2,0.125,0.195,0.9,0.853,1.0,1.0,0.552,0.67,0
CUST_01600,28,Male,Mwanza,Muslim,Chagga,Bachelor,"500,001-1,000,000",Halopesa,4,0.05,0.77,0.53,0.5,Apple,USA,Premium,New,1269429,9.6,Online,Cash,1,11,0.185,0.509,0.9,0.807,1.0,1.0,0.549,0.72,1
CUST_04021,26,Male,Mwanza,Muslim,Nyamwezi,Secondary,"<200,000",M-Pesa,4,0.26,0.87,0.64,0.7,Tecno,China,Mid-Range,New,411137,6.2,Online,Cash,1,2,0.106,0.397,0.9,0.57,1.0,1.0,0.559,0.69,1
CUST_03384,45,Male,Arusha,Christian,Chagga,Primary,"200,000-500,000",Halopesa,3,0.28,0.79,0.85,0.3,Huawei,China,Premium,New,963332,8.2,Physical Store,Mobile Money,1,2,0.366,0.697,1.0,0.9,1.0,1.0,0.654,0.7,0
CUST_02101,36,Male,Mwanza,Christian,Sukuma,Primary,">2,000,000",M-Pesa,3,0.2,0.39,0.89,0.5,Oppo,China,Mid-Range,New,460718,6.1,Physical Store,Cash,0,2,0.551,0.543,1.0,0.79,1.0,1.0,0.849,0.67,1
CUST_02817,49,Male,Morogoro,Christian,Haya,Bachelor,"1,000,001-2,000,000",Airtel Money,2,0.15,0.36,0.62,0.5,Tecno,China,Mid-Range,Used,293957,5.9,Online,Mobile Money,0,1,0.735,0.366,1.0,0.663,0.6,1.0,0.493,0.7,0
CUST_01425,33,Male,Mwanza,Christian,Others,Primary,"<200,000",M-Pesa,3,0.22,0.72,0.74,0.5,Oppo,China,Mid-Range,Used,202412,6.3,Mobile,Cash,0,1,0.636,0.466,1.0,0.718,0.6,1.0,0.623,0.74,0
CUST_00279,29,Male,Arusha,Muslim,Gogo,No formal,"200,000-500,000",None,3,0.16,0.96,0.6,0.5,Infinix,China,Mid-Range,New,261742,7.8,Physical Store,Cash,0,2,0.372,0.468,0.9,0.774,1.0,1.0,0.648,0.82,1
CUST_01738,15,Female,Zanzibar,Muslim,Sukuma,Diploma,"200,000-500,000",Airtel Money,3,0.11,0.76,0.52,0.7,Apple,USA,Premium,New,2317030,9.7,Physical Store,Card,0,2,0.0,0.504,0.9,0.861,1.0,1.0,0.545,0.52,1
CUST_03728,27,Male,Zanzibar,Christian,Others,Master+,"<200,000",M-Pesa,2,0.24,0.97,0.54,0.5,Samsung,South Korea,Premium,New,2108248,8.3,Physical Store,Cash,0,2,0.0,0.448,1.0,0.778,1.0,1.0,0.474,0.48,1
CUST_03448,23,Male,Morogoro,Christian,Sukuma,No formal,"<200,000",Halopesa,4,0.26,0.72,0.74,0.3,Tecno,China,Mid-Range,New,377528,7.5,Online,Cash,0,2,0.32,0.555,1.0,0.575,1.0,1.0,0.559,0.77,1
CUST_01077,39,Male,Mwanza,Other,Others,Primary,"500,001-1,000,000",Halopesa,2,0.2,0.53,0.83,0.0,Apple,USA,Premium,New,679629,9.1,Physical Store,Mobile Money,0,2,0.7,0.755,1.0,0.798,1.0,1.0,0.955,0.81,1
CUST_00779,18,Male,Morogoro,Christian,Others,Primary,"200,000-500,000",Airtel Money,2,0.25,0.9,0.9,0.7,Huawei,China,Premium,New,2096903,8.7,Physical Store,Cash,1,2,0.0,0.783,1.0,0.853,1.0,1.0,0.737,0.5,0
CUST_00594,15,Female,Mbeya,Christian,Others,Secondary,"200,000-500,000",M-Pesa,1,0.15,0.95,0.37,0.7,Tecno,China,Mid-Range,New,329663,6.3,Physical Store,Cash,1,2,0.217,0.233,1.0,0.961,1.0,1.0,0.532,0.71,1
CUST_02391,28,Male,Mwanza,Christian,Others,Primary,"200,000-500,000",Tigo Pesa,3,0.58,0.99,0.79,0.5,Infinix,China,Mid-Range,New,558132,6.7,Physical Store,Cash,0,2,0.0,0.529,1.0,0.815,1.0,1.0,0.544,0.69,1
CUST_00023,31,Female,Dar es Salaam,Muslim,Others,Primary,"<200,000",Airtel Money,4,0.59,0.8,0.86,0.7,Huawei,China,Premium,New,856943,8.3,Physical Store,Cash,0,2,0.429,0.714,0.9,0.595,1.0,1.0,0.714,0.73,1
CUST_03092,32,Male,Mbeya,Christian,Makonde,Primary,"200,000-500,000",Halopesa,2,0.15,0.87,0.4,0.3,Vivo,China,Mid-Range,New,452474,7.2,Online,Mobile Money,0,2,0.016,0.288,1.0,0.702,1.0,1.0,0.396,0.74,1
CUST_02081,42,Male,Dar es Salaam,Muslim,Others,Secondary,"200,000-500,000",Airtel Money,4,0.6,0.96,0.37,0.3,Infinix,China,Mid-Range,New,343900,7.6,Physical Store,Mobile Money,0,2,0.175,0.281,0.9,0.855,1.0,1.0,0.578,0.79,1
CUST_00746,36,Male,Dar es Salaam,Other,Others,No formal,"200,000-500,000",M-Pesa,1,0.02,0.97,0.75,0.7,Xiaomi,China,Mid-Range,Used,192202,6.6,Physical Store,Mobile Money,0,1,0.534,0.495,1.0,0.546,0.6,1.0,0.588,0.76,0
CUST_04737,15,Male,Dar es Salaam,Muslim,Nyamwezi,No formal,">2,000,000",Tigo Pesa,1,0.38,0.35,0.58,0.7,Apple,USA,Premium,New,2198095,9.2,Online,Cash,0,2,0.359,0.534,0.9,0.617,1.0,1.0,0.611,0.51,1
CUST_00333,39,Female,Arusha,Christian,Haya,Primary,"200,000-500,000",M-Pesa,4,0.35,0.83,0.58,0.0,Vivo,China,Mid-Range,New,435978,6.2,Physical Store,Cash,0,1,0.095,0.36,1.0,0.556,1.0,1.0,0.35,0.68,1
CUST_04457,38,Male,Zanzibar,Christian,Others,Secondary,"<200,000",Airtel Money,4,0.05,0.79,0.55,0.5,Nokia,Finland,Mid-Range,New,553841,6.8,Physical Store,Mobile Money,0,2,0.0,0.374,1.0,0.889,1.0,1.0,0.524,0.7,1
CUST_04232,30,Male,Dodoma,Christian,Others,Primary,"200,000-500,000",Tigo Pesa,2,0.13,0.88,0.57,0.3,Nokia,Finland,Mid-Range,New,329560,6.9,Physical Store,Cash,1,2,0.275,0.393,1.0,0.824,1.0,1.0,0.723,0.75,1
CUST_01195,17,Female,Dar es Salaam,Muslim,Others,Bachelor,"200,000-500,000",M-Pesa,2,0.49,0.88,0.69,0.5,Samsung,South Korea,Premium,New,2226536,9.8,Mobile,Cash,0,2,0.0,0.676,0.9,1.086,1.0,1.0,0.57,0.54,1
CUST_04608,24,Female,Arusha,Christian,Others,Secondary,"<200,000",Tigo Pesa,2,0.34,0.89,0.72,0.5,Huawei,China,Premium,New,1125369,9.3,Physical Store,Mobile Money,1,2,0.165,0.67,1.0,0.579,1.0,1.0,0.688,0.73,1
CUST_03871,17,Male,Dar es Salaam,Christian,Sukuma,Secondary,"500,001-1,000,000",Airtel Money,3,0.24,0.61,0.77,0.0,Vivo,China,Mid-Range,New,581282,6.5,Physical Store,Cash,1,1,0.114,0.501,1.0,0.962,1.0,1.0,0.486,0.67,1
CUST_00872,28,Male,Arusha,Christian,Gogo,Secondary,"<200,000",Halopesa,5,0.11,0.81,0.45,0.7,Samsung,South Korea,Premium,New,2483358,8.7,Online,Cash,0,2,0.0,0.391,1.0,0.987,1.0,1.0,0.545,0.43,1
CUST_03398,25,Male,Morogoro,Christian,Others,Primary,"1,000,001-2,000,000",Airtel Money,3,0.41,0.42,0.46,0.3,Samsung,South Korea,Premium,Used,1934779,7.7,Online,Cash,0,1,0.323,0.354,1.0,0.922,0.6,1.0,0.533,0.48,1
CUST_03734,18,Female,Morogoro,Christian,Chagga,Master+,"500,001-1,000,000",M-Pesa,4,0.28,0.62,0.68,0.5,Xiaomi,China,Mid-Range,New,402659,6.3,Online,Cash,0,12,0.376,0.428,1.0,0.567,1.0,1.0,0.539,0.7,0
CUST_01264,49,Female,Mbeya,Christian,Others,Secondary,"200,000-500,000",Tigo Pesa,4,0.08,0.76,0.45,0.0,Samsung,South Korea,Premium,New,1951248,9.4,Physical Store,Cash,1,2,0.0,0.423,1.0,0.972,1.0,1.0,0.578,0.57,1
CUST_02958,41,Female,Zanzibar,Christian,Others,Primary,"500,001-1,000,000",M-Pesa,2,0.2,0.6,0.51,0.5,Tecno,China,Mid-Range,New,499851,7.6,Physical Store,Cash,0,1,0.25,0.388,1.0,0.688,1.0,1.0,0.439,0.76,1
CUST_04370,15,Male,Mwanza,Christian,Others,Primary,"200,000-500,000",M-Pesa,3,0.3,0.85,0.33,0.0,Apple,USA,Premium,New,907635,8.2,Physical Store,Cash,0,2,0.357,0.271,1.0,0.629,1.0,1.0,0.731,0.71,1
CUST_01343,27,Female,Mwanza,Christian,Chagga,Diploma,"1,000,001-2,000,000",M-Pesa,4,0.36,0.18,0.4,0.3,Huawei,China,Premium,New,2214170,9.0,Online,Mobile Money,0,2,0.668,0.36,1.0,0.619,1.0,1.0,0.637,0.5,1
CUST_03298,26,Female,Morogoro,Christian,Others,Diploma,"200,000-500,000",M-Pesa,2,0.16,0.82,0.49,0.7,Apple,USA,Premium,New,1175032,9.6,Online,Mobile Money,0,2,0.197,0.47,1.0,0.799,1.0,1.0,0.221,0.74,1
CUST_00664,29,Female,Dar es Salaam,Christian,Makonde,Bachelor,"200,000-500,000",Tigo Pesa,5,0.21,0.9,0.47,0.5,Samsung,South Korea,Premium,New,1417588,10.0,Physical Store,Cash,1,11,0.0,0.47,1.0,0.602,1.0,1.0,0.686,0.72,1
CUST_04587,42,Female,Dar es Salaam,Muslim,Others,Diploma,"200,000-500,000",Tigo Pesa,1,0.33,0.77,0.82,0.7,Oppo,China,Mid-Range,New,273705,7.1,Physical Store,Mobile Money,0,2,0.473,0.582,0.9,0.927,1.0,1.0,0.753,0.77,1
CUST_00714,15,Female,Mbeya,Christian,Others,Primary,"500,001-1,000,000",M-Pesa,4,0.56,0.79,0.79,0.0,Apple,USA,Premium,New,1582567,8.0,Physical Store,Cash,1,2,0.0,0.632,1.0,0.728,1.0,1.0,0.552,0.56,0
CUST_02833,37,Male,Dodoma,Christian,Others,Diploma,"500,001-1,000,000",M-Pesa,4,0.3,0.63,0.39,0.5,Oppo,China,Mid-Range,New,288588,7.2,Online,Cash,0,2,0.545,0.281,1.0,0.553,1.0,1.0,0.56,0.77,1
CUST_04621,22,Female,Dar es Salaam,Christian,Sukuma,No formal,"200,000-500,000",M-Pesa,2,0.03,0.88,0.38,0.5,Apple,USA,Premium,New,745948,9.4,Mobile,Mobile Money,0,12,0.453,0.357,1.0,0.995,1.0,1.0,0.699,0.81,1
CUST_00973,24,Male,Dar es Salaam,Muslim,Others,Diploma,"1,000,001-2,000,000",M-Pesa,2,0.51,0.38,0.77,0.5,Huawei,China,Premium,New,1732077,9.2,Physical Store,Card,0,2,0.452,0.708,0.9,0.837,1.0,1.0,0.745,0.61,0
CUST_04215,22,Male,Morogoro,Christian,Makonde,Diploma,"200,000-500,000",Tigo Pesa,3,0.16,0.81,0.64,0.5,Nokia,Finland,Mid-Range,New,289120,6.8,Physical Store,Mobile Money,0,12,0.415,0.435,1.0,0.799,1.0,1.0,0.561,0.75,1
CUST_01572,32,Female,Arusha,Christian,Others,No formal,"<200,000",Tigo Pesa,5,0.2,0.94,0.6,0.0,Apple,USA,Premium,Used,849396,8.5,Physical Store,Mobile Money,0,1,0.335,0.51,1.0,1.025,0.6,1.0,0.603,0.74,0
CUST_02036,45,Male,Mwanza,Muslim,Sukuma,Secondary,"200,000-500,000",Tigo Pesa,2,0.2,0.89,0.55,0.5,Tecno,China,Mid-Range,New,389175,6.2,Physical Store,Mobile Money,0,1,0.134,0.341,0.9,0.624,1.0,1.0,0.36,0.69,1
CUST_00611,40,Male,Mwanza,Christian,Makonde,Primary,">2,000,000",M-Pesa,5,0.64,0.27,0.55,0.3,Nokia,Finland,Mid-Range,New,467785,7.5,Physical Store,Cash,0,2,0.684,0.413,1.0,0.569,1.0,1.0,0.563,0.76,1
CUST_04683,34,Female,Dar es Salaam,Christian,Others,Diploma,"200,000-500,000",Tigo Pesa,3,0.55,0.85,0.79,1.0,Huawei,China,Premium,New,2244794,8.2,Physical Store,Mobile Money,1,2,0.0,0.648,1.0,0.781,1.0,0.8,0.478,0.44,1
CUST_03835,24,Female,Arusha,Christian,Sukuma,Secondary,"200,000-500,000",None,4,0.34,0.99,0.84,0.0,Infinix,China,Mid-Range,New,367747,6.0,Physical Store,Mobile Money,0,2,0.09,0.504,1.0,0.637,1.0,1.0,0.59,0.69,1
CUST_02720,30,Male,Dar es Salaam,Christian,Sukuma,No formal,"200,000-500,000",Tigo Pesa,3,0.15,0.81,0.39,0.5,Infinix,China,Mid-Range,New,551574,6.4,Physical Store,Mobile Money,0,1,0.0,0.25,1.0,0.518,1.0,1.0,0.489,0.67,1
CUST_03108,21,Male,Dodoma,Christian,Others,Secondary,"<200,000",M-Pesa,5,0.41,0.78,0.49,0.3,Infinix,China,Mid-Range,New,540154,6.2,Online,Cash,0,1,0.0,0.304,1.0,0.743,1.0,1.0,0.473,0.66,1
CUST_01140,55,Male,Arusha,Christian,Others,Bachelor,"1,000,001-2,000,000",Airtel Money,1,0.03,0.23,0.58,0.0,Infinix,China,Mid-Range,New,571185,6.5,Physical Store,Mobile Money,1,2,0.672,0.377,1.0,0.894,1.0,1.0,0.886,0.68,1
CUST_02668,23,Female,Arusha,Christian,Chagga,Master+,"500,001-1,000,000",M-Pesa,4,0.46,0.71,0.76,1.0,Samsung,South Korea,Premium,New,867810,9.4,Mobile,Mobile Money,1,2,0.487,0.714,1.0,0.752,1.0,0.8,0.559,0.79,1
CUST_00537,29,Male,Mbeya,Christian,Others,Primary,"<200,000",M-Pesa,2,0.07,0.79,0.61,0.3,Samsung,South Korea,Premium,New,1477172,9.3,Physical Store,Mobile Money,0,1,0.028,0.567,1.0,0.634,1.0,1.0,0.323,0.66,1
CUST_03528,22,Female,Mwanza,Christian,Sukuma,Diploma,"200,000-500,000",M-Pesa,3,0.2,0.94,0.75,0.0,Huawei,China,Premium,New,2271357,9.6,Physical Store,Cash,0,1,0.0,0.72,1.0,0.983,1.0,1.0,0.483,0.52,1
CUST_04600,35,Female,Arusha,Christian,Others,Primary,"200,000-500,000",None,2,0.66,0.99,0.64,0.5,Samsung,South Korea,Premium,New,1510809,9.6,Physical Store,Mobile Money,1,1,0.0,0.614,1.0,0.982,1.0,1.0,0.499,0.67,1
CUST_02018,19,Male,Tanga,Christian,Gogo,No formal,"200,000-500,000",M-Pesa,1,0.02,0.92,0.8,0.3,Tecno,China,Mid-Range,New,303282,6.1,Physical Store,Cash,1,1,0.302,0.488,1.0,0.86,1.0,1.0,0.561,0.71,1
CUST_03279,27,Female,Dar es Salaam,Muslim,Others,Bachelor,"1,000,001-2,000,000",Airtel Money,1,0.29,0.12,0.68,0.5,Vivo,China,Mid-Range,New,566651,6.0,Physical Store,Mobile Money,0,2,0.83,0.408,0.9,0.937,1.0,1.0,0.69,0.65,1
CUST_04406,28,Female,Dar es Salaam,Christian,Others,Bachelor,"200,000-500,000",M-Pesa,5,0.26,0.76,0.77,0.0,Samsung,South Korea,Premium,New,1572183,9.7,Physical Store,Cash,0,2,0.004,0.747,1.0,0.82,1.0,1.0,0.517,0.67,1
CUST_00369,21,Female,Dodoma,Christian,Others,Primary,"200,000-500,000",Tigo Pesa,1,0.33,0.93,0.78,0.0,Huawei,China,Premium,New,2106492,8.0,Online,Cash,0,2,0.0,0.624,1.0,0.652,1.0,1.0,0.567,0.46,1
CUST_01991,45,Female,Tanga,Christian,Others,Primary,"200,000-500,000",M-Pesa,3,0.15,0.79,0.87,0.5,Infinix,China,Mid-Range,New,451364,7.5,Physical Store,Cash,0,1,0.109,0.652,1.0,0.573,1.0,1.0,0.482,0.76,1
CUST_01553,44,Male,Morogoro,Christian,Nyamwezi,Secondary,"200,000-500,000",Tigo Pesa,4,0.2,0.8,0.31,0.5,Huawei,China,Premium,New,1579239,9.5,Online,Cash,1,2,0.0,0.294,1.0,0.593,1.0,1.0,0.365,0.65,1
CUST_01194,24,Female,Zanzibar,Muslim,Haya,Secondary,"500,001-1,000,000",None,1,0.07,0.75,0.31,0.3,Xiaomi,China,Mid-Range,New,480432,6.1,Physical Store,Cash,1,2,0.099,0.189,0.9,0.541,1.0,1.0,0.275,0.67,1
CUST_02539,31,Male,Zanzibar,Christian,Others,Secondary,"<200,000",Airtel Money,4,0.38,0.72,0.85,0.5,Vivo,China,Mid-Range,New,319250,8.0,Physical Store,Mobile Money,0,10,0.425,0.68,1.0,0.613,1.0,1.0,0.735,0.82,1
CUST_01690,42,Male,Arusha,Christian,Others,Secondary,"500,001-1,000,000",Airtel Money,4,0.24,0.43,0.62,0.3,Xiaomi,China,Mid-Range,New,502634,7.7,Physical Store,Card,1,2,0.46,0.477,1.0,0.939,1.0,1.0,0.579,0.76,1
CUST_04394,19,Female,Dar es Salaam,Christian,Others,No formal,"200,000-500,000",Halopesa,5,0.16,0.75,0.56,0.0,Apple,USA,Premium,New,699293,8.5,Physical Store,Card,0,2,0.563,0.476,1.0,0.811,1.0,1.0,0.707,0.77,1
CUST_00252,18,Female,Arusha,Christian,Others,Primary,"500,001-1,000,000",M-Pesa,4,0.1,0.55,0.34,0.3,Apple,USA,Premium,New,1147035,9.0,Physical Store,Mobile Money,1,1,0.474,0.306,1.0,0.655,1.0,1.0,0.709,0.71,1
CUST_02629,18,Female,Dodoma,Muslim,Nyamwezi,Diploma,"<200,000",M-Pesa,2,0.29,0.87,0.37,1.0,Apple,USA,Premium,New,1979624,9.6,Physical Store,Card,0,2,0.0,0.355,0.9,0.881,1.0,0.8,0.534,0.58,1
CUST_04161,15,Male,Dar es Salaam,Muslim,Makonde,Diploma,"200,000-500,000",Halopesa,5,0.68,0.78,0.38,0.0,Xiaomi,China,Mid-Range,New,393831,8.0,Physical Store,Cash,1,2,0.232,0.304,0.9,0.928,1.0,1.0,0.511,0.8,1
CUST_03508,39,Female,Morogoro,Other,Haya,No formal,"200,000-500,000",Airtel Money,2,0.38,0.75,0.76,0.3,Apple,USA,Premium,New,755312,8.6,Physical Store,Mobile Money,0,2,0.528,0.654,1.0,0.706,1.0,1.0,0.754,0.76,1
CUST_01734,18,Female,Morogoro,Other,Sukuma,Diploma,"<200,000",M-Pesa,1,0.38,0.85,0.56,0.0,Samsung,South Korea,Premium,New,849534,9.5,Physical Store,Cash,0,2,0.398,0.532,1.0,0.753,1.0,1.0,0.688,0.8,0
CUST_01538,44,Female,Dodoma,Muslim,Others,Primary,"200,000-500,000",M-Pesa,2,0.15,0.95,0.83,0.3,Oppo,China,Mid-Range,New,580104,6.5,Physical Store,Cash,0,2,0.0,0.54,0.9,0.591,1.0,1.0,0.443,0.67,1
CUST_02129,31,Female,Tanga,Christian,Sukuma,Primary,"<200,000",Tigo Pesa,4,0.38,0.87,0.36,0.3,Apple,USA,Premium,New,1886444,8.7,Physical Store,Mobile Money,0,2,0.0,0.313,1.0,0.642,1.0,1.0,0.418,0.54,1
CUST_03222,25,Female,Dar es Salaam,Christian,Nyamwezi,Secondary,"500,001-1,000,000",Airtel Money,5,0.03,0.5,0.73,0.3,Xiaomi,China,Mid-Range,New,511437,6.8,Physical Store,Cash,0,2,0.361,0.496,1.0,0.971,1.0,1.0,0.525,0.71,1
CUST_04176,37,Female,Mbeya,Christian,Others,Primary,"500,001-1,000,000",M-Pesa,3,0.35,0.73,0.45,0.3,Xiaomi,China,Mid-Range,New,278284,6.6,Physical Store,Cash,0,1,0.492,0.297,1.0,0.728,1.0,1.0,0.405,0.74,1
CUST_01576,24,Female,Arusha,Muslim,Others,No formal,"1,000,001-2,000,000",M-Pesa,4,0.44,0.24,0.86,0.3,Xiaomi,China,Mid-Range,New,340106,6.5,Physical Store,Cash,0,2,0.796,0.559,0.9,0.839,1.0,1.0,0.661,0.72,1
CUST_00148,24,Female,Mbeya,Muslim,Sukuma,Primary,"1,000,001-2,000,000",Halopesa,2,0.31,0.34,0.53,0.3,Huawei,China,Premium,New,1674327,8.0,Mobile,Cash,0,2,0.526,0.424,0.9,0.621,1.0,1.0,0.692,0.55,0
CUST_03296,26,Female,Dar es Salaam,Christian,Sukuma,No formal,"200,000-500,000",M-Pesa,1,0.29,0.82,0.48,0.3,Huawei,China,Premium,New,1875274,9.8,Physical Store,Cash,0,1,0.0,0.47,1.0,0.788,1.0,1.0,0.632,0.61,1
CUST_02767,21,Male,Zanzibar,Christian,Others,Bachelor,"500,001-1,000,000",Tigo Pesa,4,0.36,0.5,0.34,0.3,Vivo,China,Mid-Range,Used,467755,6.7,Online,Cash,0,2,0.415,0.228,1.0,0.748,0.6,1.0,0.43,0.71,1
CUST_02065,27,Female,Arusha,Christian,Others,Secondary,"1,000,001-2,000,000",Halopesa,4,0.42,0.25,0.57,0.7,Huawei,China,Premium,New,1910110,9.5,Physical Store,Cash,0,2,0.602,0.542,1.0,0.928,1.0,1.0,0.925,0.59,1
CUST_01110,46,Male,Dodoma,Other,Others,Primary,"<200,000",M-Pesa,2,0.44,0.98,0.6,0.7,Tecno,China,Mid-Range,New,577576,7.8,Physical Store,Mobile Money,0,2,0.0,0.468,1.0,0.681,1.0,1.0,0.395,0.75,1
CUST_04967,15,Female,Mwanza,Christian,Others,Primary,"500,001-1,000,000",Airtel Money,5,0.43,0.7,0.55,0.3,Nokia,Finland,Mid-Range,New,312805,7.5,Physical Store,Cash,0,1,0.453,0.413,1.0,0.975,1.0,1.0,0.807,0.79,1
CUST_03078,16,Female,Mbeya,Christian,Others,Secondary,"500,001-1,000,000",Halopesa,5,0.15,0.73,0.51,0.3,Nokia,Finland,Mid-Range,New,346573,6.9,Physical Store,Mobile Money,1,2,0.368,0.352,1.0,0.917,1.0,1.0,0.575,0.74,1
CUST_04188,40,Male,Zanzibar,Muslim,Others,Primary,">2,000,000",Halopesa,2,0.21,0.37,0.61,0.7,Oppo,China,Mid-Range,New,407322,7.8,Physical Store,Cash,0,2,0.623,0.476,0.9,0.764,1.0,1.0,0.666,0.79,1
CUST_00609,33,Female,Mwanza,Muslim,Others,Primary,"500,001-1,000,000",M-Pesa,3,0.41,0.79,0.4,0.5,Huawei,China,Premium,New,2064347,9.0,Physical Store,Mobile Money,0,2,0.0,0.36,0.9,0.575,1.0,1.0,0.534,0.53,1
CUST_04419,37,Male,Arusha,Muslim,Others,Primary,"1,000,001-2,000,000",Halopesa,5,0.26,0.27,0.46,0.5,Infinix,China,Mid-Range,New,500057,6.2,Physical Store,Mobile Money,0,1,0.662,0.285,0.9,0.963,1.0,1.0,0.819,0.67,1
CUST_04834,26,Female,Mwanza,Christian,Haya,Diploma,"500,001-1,000,000",Airtel Money,5,0.14,0.47,0.36,0.3,Infinix,China,Mid-Range,Used,178990,6.1,Physical Store,Cash,0,12,0.79,0.22,1.0,0.695,0.6,1.0,0.601,0.73,0
CUST_02891,38,Male,Arusha,Christian,Others,Secondary,"<200,000",M-Pesa,2,0.15,0.99,0.84,0.5,Nokia,Finland,Mid-Range,New,319810,6.1,Physical Store,Mobile Money,0,12,0.208,0.512,1.0,0.733,1.0,1.0,0.621,0.7,1
CUST_03868,43,Female,Mbeya,Christian,Others,Diploma,"200,000-500,000",None,4,0.48,0.82,0.87,0.3,Huawei,China,Premium,New,1971315,8.5,Physical Store,Mobile Money,0,1,0.0,0.739,1.0,0.982,1.0,1.0,0.671,0.52,1
CUST_03141,18,Female,Dar es Salaam,Christian,Others,Secondary,"500,001-1,000,000",Tigo Pesa,3,0.51,0.59,0.47,0.3,Vivo,China,Mid-Range,New,513244,6.9,Physical Store,Mobile Money,0,1,0.243,0.324,1.0,0.636,1.0,1.0,0.502,0.71,1
CUST_04701,31,Male,Mwanza,Christian,Haya,Secondary,">2,000,000",Airtel Money,3,0.45,0.46,0.73,0.5,Huawei,China,Premium,Used,910940,7.5,Physical Store,Mobile Money,0,12,0.651,0.548,1.0,0.846,0.6,1.0,0.768,0.67,1
CUST_02966,22,Female,Arusha,Christian,Others,Primary,"500,001-1,000,000",Tigo Pesa,4,0.51,0.53,0.43,0.5,Tecno,China,Mid-Range,New,324475,7.6,Physical Store,Cash,1,1,0.57,0.327,1.0,0.934,1.0,1.0,0.736,0.79,1
CUST_01856,48,Female,Mwanza,Christian,Chagga,Diploma,"1,000,001-2,000,000",Tigo Pesa,2,0.08,0.13,0.34,0.0,Tecno,China,Mid-Range,Used,280746,5.7,Online,Mobile Money,0,10,0.909,0.194,1.0,0.89,0.6,1.0,0.545,0.69,0
CUST_02775,15,Female,Zanzibar,Muslim,Others,Primary,"500,001-1,000,000",Tigo Pesa,4,0.2,0.69,0.81,0.3,Vivo,China,Mid-Range,New,517045,6.6,Physical Store,Cash,0,1,0.108,0.535,0.9,0.786,1.0,1.0,0.261,0.69,1
CUST_03630,20,Female,Mwanza,Christian,Others,Secondary,"1,000,001-2,000,000",None,2,0.11,0.47,0.84,0.0,Huawei,China,Premium,New,1020745,9.2,Online,Mobile Money,0,2,0.6,0.773,1.0,0.793,1.0,1.0,0.852,0.75,1
CUST_01048,28,Female,Mbeya,Muslim,Sukuma,Primary,"200,000-500,000",Airtel Money,4,0.41,0.96,0.72,0.5,Vivo,China,Mid-Range,New,455338,6.4,Physical Store,Mobile Money,1,2,0.0,0.461,0.9,0.515,1.0,1.0,0.413,0.69,1
CUST_01141,32,Male,Arusha,Muslim,Sukuma,No formal,"200,000-500,000",None,2,0.27,1.0,0.33,0.3,Huawei,China,Premium,New,1570951,9.2,Mobile,Cash,0,2,0.0,0.304,0.9,0.665,1.0,1.0,0.611,0.64,1
CUST_01935,16,Male,Zanzibar,Muslim,Others,Secondary,"<200,000",Tigo Pesa,3,0.49,0.91,0.56,0.0,Oppo,China,Mid-Range,New,424411,7.6,Physical Store,Cash,0,2,0.034,0.426,0.9,0.528,1.0,1.0,0.547,0.77,1
CUST_04938,20,Female,Mbeya,Muslim,Others,Primary,"<200,000",M-Pesa,4,0.4,0.9,0.52,0.3,Tecno,China,Mid-Range,New,380239,6.3,Mobile,Cash,1,1,0.144,0.328,0.9,0.968,1.0,1.0,0.53,0.7,1
CUST_03867,19,Female,Tanga,Muslim,Haya,Secondary,"500,001-1,000,000",M-Pesa,5,0.26,0.66,0.44,0.5,Infinix,China,Mid-Range,New,422059,6.1,Online,Cash,0,1,0.304,0.268,0.9,0.933,1.0,1.0,0.618,0.68,1
CUST_00759,27,Male,Mbeya,Muslim,Sukuma,Primary,"<200,000",Airtel Money,5,0.17,0.87,0.33,0.5,Oppo,China,Mid-Range,New,508874,6.0,Physical Store,Cash,0,2,0.0,0.198,0.9,0.908,1.0,1.0,0.365,0.66,1
CUST_01765,23,Male,Dodoma,Muslim,Nyamwezi,No formal,"200,000-500,000",Tigo Pesa,4,0.22,0.77,0.67,1.0,Apple,USA,Premium,New,2306473,8.5,Physical Store,Cash,1,2,0.0,0.57,0.9,0.929,1.0,0.8,0.449,0.45,1
CUST_03197,37,Female,Mwanza,Christian,Others,Bachelor,"<200,000",M-Pesa,5,0.75,0.71,0.38,0.5,Nokia,Finland,Mid-Range,New,394812,7.9,Physical Store,Mobile Money,0,1,0.299,0.3,1.0,0.695,1.0,1.0,0.548,0.8,0
CUST_04885,42,Male,Dodoma,Christian,Others,No formal,"200,000-500,000",M-Pesa,5,0.04,0.81,0.83,0.0,Apple,USA,Premium,New,650818,8.7,Physical Store,Cash,0,2,0.561,0.722,1.0,0.677,1.0,1.0,0.771,0.79,1
CUST_04795,36,Male,Arusha,Christian,Others,Primary,"<200,000",Halopesa,2,0.25,0.96,0.4,0.5,Samsung,South Korea,Premium,New,2254586,8.4,Online,Mobile Money,0,1,0.0,0.336,1.0,0.623,1.0,1.0,0.445,0.45,1
CUST_00405,31,Female,Arusha,Christian,Chagga,Primary,"<200,000",Tigo Pesa,1,0.26,0.94,0.74,0.3,Tecno,China,Mid-Range,New,402991,7.0,Physical Store,Mobile Money,0,2,0.053,0.518,1.0,0.914,1.0,1.0,0.636,0.74,1
CUST_04881,21,Female,Dar es Salaam,Muslim,Makonde,Primary,">2,000,000",Airtel Money,3,0.07,0.43,0.88,0.3,Xiaomi,China,Mid-Range,New,459155,6.2,Physical Store,Mobile Money,0,2,0.506,0.546,0.9,0.676,1.0,1.0,0.644,0.68,1
CUST_03692,32,Female,Mbeya,Muslim,Haya,Secondary,"<200,000",Airtel Money,5,0.07,0.88,0.6,0.0,Nokia,Finland,Mid-Range,Used,455627,5.3,Physical Store,Cash,0,2,0.0,0.318,0.9,0.714,0.6,1.0,0.532,0.63,0
CUST_01571,28,Male,Mwanza,Christian,Others,Primary,"500,001-1,000,000",M-Pesa,3,0.21,0.66,0.88,0.7,Tecno,China,Mid-Range,Used,196684,6.8,Physical Store,Mobile Money,1,2,0.675,0.598,1.0,0.643,0.6,1.0,0.586,0.77,1
CUST_01314,22,Male,Morogoro,Muslim,Nyamwezi,Primary,"500,001-1,000,000",M-Pesa,3,0.19,0.45,0.8,0.5,Samsung,South Korea,Premium,New,1007562,9.9,Mobile,Mobile Money,1,1,0.622,0.792,0.9,0.751,1.0,1.0,0.742,0.79,1
CUST_04017,34,Male,Dar es Salaam,Muslim,Makonde,Diploma,"200,000-500,000",M-Pesa,4,0.19,0.89,0.68,0.5,Apple,USA,Premium,New,1388944,9.0,Physical Store,Cash,0,1,0.0,0.612,0.9,0.715,1.0,1.0,0.546,0.66,1
CUST_01336,18,Male,Dodoma,Muslim,Sukuma,Diploma,"200,000-500,000",Halopesa,4,0.74,0.86,0.7,0.3,Infinix,China,Mid-Range,New,380430,7.3,Physical Store,Cash,0,1,0.182,0.511,0.9,0.827,1.0,1.0,0.702,0.76,1
CUST_04389,22,Female,Dodoma,Christian,Makonde,Secondary,"500,001-1,000,000",M-Pesa,5,0.2,0.42,0.87,0.5,Nokia,Finland,Mid-Range,New,440288,6.2,Physical Store,Mobile Money,0,2,0.538,0.539,1.0,0.573,1.0,1.0,0.619,0.68,1
CUST_00645,28,Male,Dar es Salaam,Muslim,Others,Secondary,"500,001-1,000,000",M-Pesa,3,0.15,0.78,0.5,0.0,Itel,China,Budget,New,200906,6.3,Physical Store,Cash,1,2,0.0,0.315,0.9,0.581,1.0,1.0,0.404,0.74,1
CUST_00151,39,Male,Arusha,Christian,Others,Master+,"500,001-1,000,000",Airtel Money,2,0.28,0.71,0.7,0.5,Apple,USA,Premium,New,945131,8.9,Physical Store,Cash,1,2,0.441,0.623,1.0,0.687,1.0,1.0,0.612,0.74,1
CUST_00998,28,Male,Dar es Salaam,Christian,Nyamwezi,Secondary,"<200,000",M-Pesa,3,0.12,0.92,0.38,0.5,Samsung,South Korea,Premium,New,1488373,9.1,Physical Store,Cash,1,2,0.0,0.346,1.0,1.041,1.0,1.0,0.609,0.65,1
CUST_03562,31,Male,Arusha,Muslim,Others,No formal,"200,000-500,000",M-Pesa,4,0.16,0.86,0.56,0.0,Infinix,China,Mid-Range,New,472233,8.0,Physical Store,Mobile Money,0,1,0.0,0.448,0.9,0.765,1.0,1.0,0.385,0.79,0
CUST_01739,17,Male,Dodoma,Christian,Others,No formal,"<200,000",M-Pesa,1,0.27,0.93,0.42,0.5,Huawei,China,Premium,New,920076,9.4,Physical Store,Mobile Money,0,2,0.287,0.395,1.0,0.671,1.0,1.0,0.465,0.78,1
CUST_04860,22,Female,Morogoro,Muslim,Others,Diploma,">2,000,000",Halopesa,3,0.27,0.25,0.42,0.7,Xiaomi,China,Mid-Range,New,367380,7.0,Physical Store,Mobile Money,0,12,0.77,0.294,0.9,0.775,1.0,1.0,0.549,0.75,1
CUST_03837,32,Female,Dar es Salaam,Christian,Sukuma,Diploma,">2,000,000",Tigo Pesa,3,0.21,0.41,0.76,0.3,Apple,USA,Premium,New,1574500,8.6,Physical Store,Mobile Money,0,10,0.462,0.654,1.0,1.011,1.0,1.0,0.826,0.6,1
CUST_00349,15,Male,Dodoma,Christian,Others,Secondary,"500,001-1,000,000",Tigo Pesa,2,0.39,0.48,0.68,0.3,Xiaomi,China,Mid-Range,New,355925,8.0,Online,Cash,0,12,0.573,0.544,1.0,0.85,1.0,1.0,0.794,0.81,1
CUST_02798,15,Male,Zanzibar,Christian,Chagga,No formal,"1,000,001-2,000,000",M-Pesa,3,0.2,0.35,0.65,0.3,Huawei,China,Premium,New,1940576,9.7,Physical Store,Cash,1,2,0.434,0.63,1.0,0.995,1.0,1.0,0.624,0.59,1
CUST_00884,25,Female,Dar es Salaam,Christian,Others,No formal,"<200,000",M-Pesa,3,0.67,0.93,0.52,0.5,Infinix,China,Mid-Range,New,597666,6.4,Physical Store,Cash,1,2,0.0,0.333,1.0,0.55,1.0,1.0,0.474,0.66,1
CUST_00816,33,Female,Dodoma,Christian,Others,Diploma,"1,000,001-2,000,000",Tigo Pesa,3,0.48,0.38,0.35,0.5,Oppo,China,Mid-Range,New,370554,6.9,Mobile,Mobile Money,0,2,0.648,0.242,1.0,0.599,1.0,1.0,0.56,0.74,1
CUST_03604,42,Female,Dodoma,Christian,Makonde,Primary,"500,001-1,000,000",M-Pesa,5,0.07,0.48,0.54,0.5,Infinix,China,Mid-Range,New,356274,7.4,Physical Store,Cash,0,2,0.572,0.4,1.0,0.816,1.0,1.0,0.658,0.77,1
CUST_04576,28,Female,Dar es Salaam,Muslim,Gogo,Secondary,"<200,000",M-Pesa,2,0.37,0.96,0.63,0.3,Infinix,China,Mid-Range,New,396554,6.1,Physical Store,Cash,1,2,0.048,0.384,0.9,0.837,1.0,1.0,0.498,0.69,1
CUST_04703,15,Male,Mwanza,Christian,Gogo,Secondary,"200,000-500,000",Tigo Pesa,5,0.57,0.84,0.4,0.7,Samsung,South Korea,Premium,New,647155,9.0,Physical Store,Mobile Money,1,2,0.547,0.36,1.0,0.874,1.0,1.0,0.864,0.81,1
CUST_03683,29,Male,Mbeya,Muslim,Makonde,Secondary,"200,000-500,000",M-Pesa,4,0.27,0.79,0.77,0.7,Nokia,Finland,Mid-Range,New,462903,7.4,Online,Mobile Money,0,2,0.086,0.57,0.9,0.904,1.0,1.0,0.618,0.75,0
CUST_04233,20,Male,Dar es Salaam,Muslim,Others,Master+,"500,001-1,000,000",M-Pesa,4,0.21,0.78,0.33,0.5,Huawei,China,Premium,New,1148802,9.0,Physical Store,Mobile Money,0,2,0.253,0.297,0.9,0.926,1.0,1.0,0.529,0.71,1
CUST_03399,20,Female,Mwanza,Christian,Others,Secondary,"1,000,001-2,000,000",Airtel Money,2,0.08,0.29,0.79,0.3,Nokia,Finland,Mid-Range,New,292965,6.2,Physical Store,Cash,1,2,0.788,0.49,1.0,0.603,1.0,1.0,0.814,0.71,1
CUST_02496,29,Female,Dar es Salaam,Christian,Chagga,Diploma,"1,000,001-2,000,000",Tigo Pesa,4,0.15,0.49,0.82,0.5,Samsung,South Korea,Premium,New,1546333,9.1,Physical Store,Cash,1,2,0.369,0.746,1.0,1.004,1.0,1.0,0.612,0.64,1
CUST_01152,20,Male,Mwanza,Christian,Nyamwezi,Bachelor,"200,000-500,000",M-Pesa,2,0.24,0.87,0.45,0.0,Itel,China,Budget,New,155127,5.0,Physical Store,Cash,1,2,0.1,0.225,1.0,0.551,1.0,1.0,0.454,0.67,1
CUST_00200,17,Female,Mwanza,Christian,Sukuma,Primary,"500,001-1,000,000",Airtel Money,4,0.54,0.65,0.49,0.3,Nokia,Finland,Mid-Range,New,487726,6.8,Physical Store,Mobile Money,0,1,0.207,0.333,1.0,0.837,1.0,1.0,0.602,0.71,0
CUST_03143,37,Female,Mwanza,Muslim,Others,Primary,"1,000,001-2,000,000",Tigo Pesa,2,0.13,0.2,0.36,0.0,Xiaomi,China,Mid-Range,Used,194082,6.0,Physical Store,Mobile Money,1,2,0.903,0.216,0.9,0.595,0.6,1.0,0.628,0.72,1
CUST_02927,44,Female,Morogoro,Christian,Haya,Primary,"1,000,001-2,000,000",Halopesa,3,0.34,0.38,0.3,0.5,Xiaomi,China,Mid-Range,New,587366,6.4,Physical Store,Mobile Money,0,1,0.442,0.192,1.0,0.859,1.0,1.0,0.537,0.67,1
CUST_04625,21,Female,Mwanza,Christian,Chagga,Primary,">2,000,000",M-Pesa,2,0.01,0.37,0.77,0.3,Itel,China,Budget,New,89737,6.9,Physical Store,Cash,0,12,0.779,0.531,1.0,0.514,1.0,1.0,0.808,0.8,1
CUST_00505,15,Male,Zanzibar,Muslim,Others,Primary,"1,000,001-2,000,000",Halopesa,4,0.21,0.17,0.79,0.0,Infinix,China,Mid-Range,New,546111,7.3,Physical Store,Mobile Money,0,2,0.768,0.577,0.9,0.75,1.0,1.0,0.707,0.73,1
CUST_03935,45,Female,Dodoma,Christian,Haya,Secondary,"500,001-1,000,000",Airtel Money,4,0.25,0.47,0.48,0.0,Apple,USA,Premium,New,1763566,8.5,Physical Store,Cash,0,2,0.309,0.408,1.0,1.151,1.0,1.0,0.764,0.56,1
CUST_02023,18,Female,Mbeya,Christian,Others,No formal,"500,001-1,000,000",M-Pesa,3,0.15,0.56,0.56,0.5,Samsung,South Korea,Premium,New,1366115,8.1,Physical Store,Mobile Money,0,1,0.362,0.454,1.0,0.681,1.0,1.0,0.531,0.61,1
CUST_00224,30,Male,Mwanza,Muslim,Sukuma,Secondary,"200,000-500,000",Tigo Pesa,3,0.5,0.8,0.74,0.5,Nokia,Finland,Mid-Range,New,570041,8.0,Physical Store,Cash,0,2,0.0,0.592,0.9,0.994,1.0,1.0,0.41,0.77,1
CUST_01620,20,Female,Dar es Salaam,Christian,Others,Secondary,"200,000-500,000",M-Pesa,2,0.05,0.92,0.4,0.5,Oppo,China,Mid-Range,New,527364,6.5,Online,Cash,1,1,0.0,0.26,1.0,0.918,1.0,1.0,0.387,0.68,1
CUST_02425,37,Male,Dar es Salaam,Christian,Others,Bachelor,"200,000-500,000",M-Pesa,4,0.38,0.82,0.43,0.3,Samsung,South Korea,Premium,New,1405381,9.8,Online,Card,0,1,0.04,0.421,1.0,0.69,1.0,1.0,0.685,0.71,0
CUST_03257,37,Male,Zanzibar,Christian,Chagga,Primary,"200,000-500,000",Airtel Money,5,0.13,0.84,0.81,0.0,Huawei,China,Premium,New,1367857,9.4,Physical Store,Card,0,1,0.043,0.761,1.0,0.945,1.0,1.0,0.688,0.69,0
CUST_01224,50,Male,Dodoma,Christian,Nyamwezi,No formal,"200,000-500,000",Tigo Pesa,2,0.19,0.82,0.32,0.3,Samsung,South Korea,Premium,New,791266,8.8,Physical Store,Cash,0,1,0.459,0.282,1.0,0.975,1.0,1.0,0.601,0.77,1
CUST_03195,20,Female,Tanga,Christian,Others,No formal,"500,001-1,000,000",Tigo Pesa,4,0.19,0.52,0.42,0.5,Apple,USA,Premium,New,1272833,9.2,Physical Store,Mobile Money,0,1,0.448,0.386,1.0,0.944,1.0,1.0,0.733,0.7,1
CUST_01831,25,Male,Mwanza,Muslim,Others,Secondary,"500,001-1,000,000",Halopesa,4,0.28,0.76,0.85,0.5,Infinix,China,Mid-Range,Used,178528,5.2,Physical Store,Cash,1,2,0.661,0.442,0.9,0.913,0.6,1.0,0.617,0.68,1
CUST_01993,23,Male,Dar es Salaam,Christian,Others,Secondary,"200,000-500,000",Tigo Pesa,2,0.17,0.85,0.45,0.3,Itel,China,Budget,New,165318,4.5,Physical Store,Cash,0,2,0.063,0.202,1.0,0.644,1.0,1.0,0.274,0.64,1
CUST_01154,24,Male,Dar es Salaam,Christian,Chagga,Secondary,">2,000,000",M-Pesa,2,0.39,0.47,0.89,0.7,Infinix,China,Mid-Range,New,457295,6.3,Physical Store,Cash,0,1,0.463,0.561,1.0,0.932,1.0,1.0,0.795,0.69,1
CUST_03524,31,Female,Arusha,Christian,Sukuma,Primary,"500,001-1,000,000",M-Pesa,4,0.38,0.52,0.32,0.5,Tecno,China,Mid-Range,New,281050,7.5,Online,Cash,0,1,0.635,0.24,1.0,0.992,1.0,1.0,0.811,0.79,1
CUST_02202,15,Female,Arusha,Muslim,Others,Bachelor,"200,000-500,000",Tigo Pesa,4,0.2,0.93,0.39,0.5,Huawei,China,Premium,New,2263871,9.0,Physical Store,Cash,0,2,0.0,0.351,0.9,0.896,1.0,1.0,0.419,0.49,1
CUST_04620,31,Female,Dar es Salaam,Christian,Others,Diploma,"<200,000",Airtel Money,4,0.33,0.92,0.75,0.0,Nokia,Finland,Mid-Range,New,303802,7.8,Online,Cash,0,12,0.301,0.585,1.0,0.795,1.0,1.0,0.685,0.81,1
CUST_02538,25,Female,Mbeya,Christian,Gogo,Primary,"1,000,001-2,000,000",Tigo Pesa,2,0.51,0.4,0.34,0.0,Nokia,Finland,Mid-Range,New,280575,6.8,Physical Store,Mobile Money,0,2,0.719,0.231,1.0,0.802,1.0,1.0,0.661,0.75,1
CUST_01392,41,Male,Morogoro,Christian,Others,Diploma,"1,000,001-2,000,000",Airtel Money,4,0.24,0.12,0.52,0.3,Tecno,China,Mid-Range,New,567111,6.4,Physical Store,Mobile Money,0,1,0.83,0.333,1.0,0.897,1.0,1.0,0.768,0.67,1
CUST_00884,25,Female,Dar es Salaam,Christian,Others,No formal,"<200,000",M-Pesa,3,0.67,0.93,0.52,0.5,Infinix,China,Mid-Range,New,410738,6.5,Physical Store,Mobile Money,1,1,0.045,0.338,1.0,0.826,1.0,1.0,0.379,0.71,1
CUST_00506,15,Male,Mwanza,Muslim,Nyamwezi,Primary,"200,000-500,000",M-Pesa,5,0.23,0.76,0.69,0.5,Samsung,South Korea,Premium,New,989603,9.7,Physical Store,Cash,0,1,0.373,0.669,0.9,0.701,1.0,1.0,0.812,0.78,1
CUST_03288,23,Female,Dar es Salaam,Muslim,Others,Secondary,"200,000-500,000",Halopesa,4,0.33,0.89,0.54,0.3,Nokia,Finland,Mid-Range,New,456516,6.1,Physical Store,Mobile Money,0,1,0.0,0.329,0.9,0.562,1.0,1.0,0.479,0.67,1
CUST_03020,38,Male,Dar es Salaam,Christian,Sukuma,Primary,"<200,000",M-Pesa,5,0.09,0.88,0.55,0.3,Tecno,China,Mid-Range,New,511282,7.5,Physical Store,Cash,1,1,0.0,0.413,1.0,0.778,1.0,1.0,0.369,0.75,1
CUST_04934,26,Female,Zanzibar,Muslim,Others,Primary,"1,000,001-2,000,000",M-Pesa,5,0.19,0.47,0.41,0.5,Tecno,China,Mid-Range,New,472213,6.5,Physical Store,Cash,0,2,0.445,0.266,0.9,0.72,1.0,1.0,0.559,0.7,1
CUST_01167,26,Male,Dar es Salaam,Muslim,Others,Secondary,"500,001-1,000,000",Tigo Pesa,3,0.29,0.59,0.35,0.5,Tecno,China,Mid-Range,New,525388,7.1,Physical Store,Cash,1,2,0.225,0.248,0.9,0.643,1.0,1.0,0.414,0.72,1
CUST_03976,23,Male,Tanga,Christian,Nyamwezi,Secondary,"200,000-500,000",Tigo Pesa,3,0.72,0.76,0.83,0.5,Vivo,China,Mid-Range,New,375017,6.9,Mobile,Mobile Money,0,2,0.287,0.573,1.0,0.905,1.0,1.0,0.558,0.74,1
CUST_04801,25,Female,Dar es Salaam,Muslim,Sukuma,Primary,"200,000-500,000",M-Pesa,5,0.28,0.86,0.45,0.7,Nokia,Finland,Mid-Range,New,512849,7.9,Physical Store,Card,1,2,0.0,0.356,0.9,0.89,1.0,1.0,0.501,0.77,1
CUST_01881,36,Male,Dar es Salaam,Christian,Others,Secondary,"200,000-500,000",Halopesa,3,0.45,0.99,0.81,0.7,Tecno,China,Mid-Range,Used,206069,6.6,Physical Store,Mobile Money,0,2,0.49,0.535,1.0,0.535,0.6,1.0,0.556,0.75,1
CUST_01605,34,Female,Dar es Salaam,Christian,Others,Diploma,"1,000,001-2,000,000",Airtel Money,2,0.01,0.29,0.34,0.3,Vivo,China,Mid-Range,New,587458,6.1,Physical Store,Mobile Money,0,2,0.574,0.207,1.0,0.785,1.0,1.0,0.573,0.65,1
CUST_01124,36,Male,Dar es Salaam,Muslim,Nyamwezi,Primary,"<200,000",M-Pesa,3,0.42,0.89,0.73,0.3,Nokia,Finland,Mid-Range,New,517950,7.2,Physical Store,Mobile Money,1,1,0.0,0.526,0.9,0.807,1.0,1.0,0.551,0.73,1
CUST_00337,34,Male,Dodoma,Muslim,Sukuma,Secondary,"200,000-500,000",None,1,0.28,0.77,0.6,0.7,Huawei,China,Premium,New,641835,8.2,Physical Store,Cash,1,2,0.588,0.492,0.9,0.808,1.0,1.0,0.862,0.76,1
CUST_03315,19,Female,Arusha,Muslim,Others,Primary,">2,000,000",Airtel Money,4,0.2,0.12,0.51,0.3,Infinix,China,Mid-Range,Used,133426,6.2,Online,Cash,0,1,0.96,0.316,0.9,0.895,0.6,1.0,0.763,0.75,1
CUST_01541,15,Male,Zanzibar,Muslim,Others,Primary,"200,000-500,000",M-Pesa,3,0.31,0.87,0.71,0.3,Itel,China,Budget,New,129074,4.3,Physical Store,Cash,0,1,0.251,0.305,0.9,0.91,1.0,1.0,0.583,0.63,1
CUST_02364,17,Male,Arusha,Christian,Others,Primary,"500,001-1,000,000",Tigo Pesa,3,0.48,0.46,0.78,0.3,Tecno,China,Mid-Range,Used,311873,5.6,Physical Store,Mobile Money,0,12,0.641,0.437,1.0,0.723,0.6,1.0,0.776,0.67,1
CUST_02765,15,Female,Dodoma,Muslim,Others,Primary,"200,000-500,000",Airtel Money,2,0.56,0.79,0.32,0.0,Itel,China,Budget,New,195581,6.3,Physical Store,Mobile Money,0,2,0.0,0.202,0.9,0.739,1.0,1.0,0.541,0.74,1
CUST_02683,18,Female,Dar es Salaam,Christian,Others,Diploma,"500,001-1,000,000",M-Pesa,4,0.06,0.43,0.62,0.0,Huawei,China,Premium,New,2051153,9.9,Online,Cash,0,1,0.265,0.614,1.0,0.933,1.0,1.0,0.61,0.58,1
CUST_00477,21,Female,Zanzibar,Christian,Others,Primary,"500,001-1,000,000",M-Pesa,4,0.66,0.71,0.58,0.5,Nokia,Finland,Mid-Range,New,414060,7.1,Physical Store,Cash,0,2,0.265,0.412,1.0,0.539,1.0,1.0,0.563,0.74,1
CUST_03801,15,Male,Mbeya,Christian,Others,Primary,"1,000,001-2,000,000",M-Pesa,2,0.27,0.47,0.86,0.3,Tecno,China,Mid-Range,New,366860,8.0,Physical Store,Card,0,2,0.569,0.688,1.0,0.901,1.0,1.0,0.85,0.81,0
CUST_04824,36,Male,Arusha,Muslim,Others,Bachelor,"200,000-500,000",Halopesa,2,0.05,0.95,0.78,0.3,Samsung,South Korea,Premium,New,1306031,8.6,Physical Store,Mobile Money,1,12,0.0,0.671,0.9,1.154,1.0,1.0,0.616,0.65,1
CUST_03320,47,Female,Morogoro,Muslim,Others,Secondary,"200,000-500,000",None,4,0.16,0.92,0.35,0.5,Huawei,China,Premium,New,1820942,8.0,Mobile,Cash,0,1,0.0,0.28,0.9,0.709,1.0,1.0,0.334,0.52,0
CUST_04032,25,Male,Morogoro,Christian,Others,Master+,"1,000,001-2,000,000",Halopesa,2,0.29,0.48,0.62,0.3,Tecno,China,Mid-Range,New,525092,7.7,Physical Store,Mobile Money,1,1,0.37,0.477,1.0,0.527,1.0,1.0,0.73,0.76,1
CUST_00724,35,Male,Zanzibar,Christian,Others,Diploma,"<200,000",M-Pesa,5,0.03,0.85,0.89,1.0,Itel,China,Budget,New,143860,6.3,Online,Card,0,1,0.185,0.561,1.0,0.95,1.0,0.8,0.443,0.75,1
CUST_02188,21,Female,Mbeya,Muslim,Others,Primary,"500,001-1,000,000",M-Pesa,5,0.27,0.65,0.71,0.5,Nokia,Finland,Mid-Range,Used,398166,7.0,Mobile,Mobile Money,0,2,0.353,0.497,0.9,0.857,0.6,1.0,0.704,0.74,0
CUST_04137,40,Male,Dodoma,Christian,Nyamwezi,Secondary,"200,000-500,000",Halopesa,3,0.34,0.9,0.88,0.3,Infinix,China,Mid-Range,New,387441,7.1,Physical Store,Card,0,2,0.128,0.625,1.0,0.549,1.0,1.0,0.49,0.75,1
CUST_02905,31,Female,Tanga,Christian,Others,Secondary,"500,001-1,000,000",Airtel Money,1,0.25,0.54,0.85,0.5,Oppo,China,Mid-Range,New,537586,7.4,Physical Store,Cash,0,2,0.274,0.629,1.0,0.549,1.0,1.0,0.487,0.74,0
CUST_03341,33,Male,Arusha,Christian,Nyamwezi,Primary,"200,000-500,000",Airtel Money,2,0.27,0.88,0.88,0.0,Huawei,China,Premium,New,1856512,9.4,Physical Store,Cash,0,12,0.0,0.827,1.0,0.602,1.0,1.0,0.598,0.59,1
CUST_02552,41,Female,Arusha,Christian,Nyamwezi,Secondary,"<200,000",Tigo Pesa,2,0.28,0.87,0.31,0.5,Huawei,China,Premium,New,647402,8.3,Physical Store,Mobile Money,0,2,0.531,0.257,1.0,0.62,1.0,1.0,0.599,0.77,1
CUST_00833,32,Female,Morogoro,Muslim,Others,Secondary,"500,001-1,000,000",Halopesa,5,0.5,0.47,0.51,0.7,Nokia,Finland,Mid-Range,New,323151,6.4,Physical Store,Cash,0,2,0.62,0.326,0.9,0.815,1.0,1.0,0.543,0.72,1
CUST_01186,21,Female,Dodoma,Christian,Others,Secondary,"<200,000",Halopesa,1,0.18,0.72,0.81,0.3,Huawei,China,Premium,Used,528650,7.3,Physical Store,Mobile Money,0,2,0.683,0.591,1.0,0.685,0.6,1.0,0.752,0.73,1
CUST_00232,29,Female,Dodoma,Muslim,Sukuma,Primary,"200,000-500,000",Halopesa,2,0.25,0.87,0.5,0.0,Tecno,China,Mid-Range,New,355574,7.5,Mobile,Mobile Money,0,2,0.227,0.375,0.9,0.849,1.0,1.0,0.588,0.78,1
CUST_02651,16,Male,Mwanza,Christian,Others,No formal,"<200,000",Tigo Pesa,5,0.13,0.9,0.51,0.5,Xiaomi,China,Mid-Range,New,392873,7.6,Physical Store,Mobile Money,1,2,0.116,0.388,1.0,0.892,1.0,1.0,0.52,0.78,1
CUST_00078,46,Female,Dar es Salaam,Christian,Others,Secondary,"500,001-1,000,000",M-Pesa,4,0.31,0.58,0.69,0.5,Infinix,China,Mid-Range,New,389514,6.3,Online,Cash,0,2,0.435,0.435,1.0,0.522,1.0,1.0,0.556,0.7,1
CUST_04867,16,Female,Zanzibar,Christian,Makonde,Bachelor,"500,001-1,000,000",Tigo Pesa,5,0.18,0.66,0.43,0.3,Itel,China,Budget,New,152527,6.3,Physical Store,Cash,0,2,0.329,0.271,1.0,0.951,1.0,1.0,0.532,0.75,1
CUST_01383,33,Female,Mbeya,Muslim,Others,Primary,"200,000-500,000",M-Pesa,3,0.03,0.79,0.36,0.7,Oppo,China,Mid-Range,New,384861,7.1,Physical Store,Mobile Money,0,2,0.24,0.256,0.9,0.969,1.0,1.0,0.62,0.75,0
CUST_04279,30,Male,Arusha,Christian,Others,Primary,"200,000-500,000",M-Pesa,3,0.15,0.81,0.37,0.3,Nokia,Finland,Mid-Range,New,317357,7.9,Physical Store,Cash,0,2,0.357,0.292,1.0,0.983,1.0,1.0,0.441,0.81,1
CUST_00741,21,Male,Dar es Salaam,Muslim,Others,No formal,">2,000,000",Airtel Money,3,0.1,0.17,0.69,0.3,Infinix,China,Mid-Range,New,325829,7.0,Physical Store,Cash,0,2,0.862,0.483,0.9,0.635,1.0,1.0,0.854,0.75,1
CUST_01810,46,Female,Mwanza,Christian,Others,Secondary,"200,000-500,000",M-Pesa,3,0.18,0.78,0.6,1.0,Tecno,China,Mid-Range,New,339441,6.6,Physical Store,Mobile Money,0,12,0.338,0.396,1.0,0.888,1.0,0.8,0.44,0.73,1
CUST_01628,34,Female,Dar es Salaam,Muslim,Gogo,No formal,"<200,000",M-Pesa,4,0.07,0.86,0.67,0.5,Xiaomi,China,Mid-Range,New,569348,7.0,Online,Cash,0,2,0.0,0.469,0.9,0.971,1.0,1.0,0.596,0.71,1
CUST_03376,32,Female,Tanga,Christian,Nyamwezi,Primary,"<200,000",M-Pesa,3,0.13,0.82,0.38,0.7,Apple,USA,Premium,New,1006931,9.5,Physical Store,Cash,0,1,0.312,0.361,1.0,0.872,1.0,1.0,0.828,0.77,1
CUST_01887,16,Female,Tanga,Christian,Others,Secondary,"500,001-1,000,000",M-Pesa,3,0.11,0.66,0.6,0.5,Nokia,Finland,Mid-Range,New,423245,7.5,Physical Store,Card,0,2,0.302,0.45,1.0,0.562,1.0,1.0,0.749,0.77,1
CUST_04472,22,Male,Tanga,Muslim,Others,No formal,"200,000-500,000",Airtel Money,1,0.35,0.88,0.31,0.0,Itel,China,Budget,New,240010,6.9,Physical Store,Cash,0,1,0.0,0.214,0.9,0.963,1.0,1.0,0.395,0.77,1
CUST_04371,37,Male,Dodoma,Christian,Sukuma,Primary,"<200,000",M-Pesa,2,0.05,0.76,0.55,0.5,Infinix,China,Mid-Range,New,594160,6.4,Physical Store,Cash,0,2,0.0,0.352,1.0,0.988,1.0,1.0,0.545,0.67,1
CUST_01526,35,Male,Mbeya,Christian,Sukuma,Diploma,"<200,000",Halopesa,4,0.23,0.81,0.57,0.7,Tecno,China,Mid-Range,New,375975,6.2,Online,Cash,0,2,0.239,0.353,1.0,0.711,1.0,1.0,0.598,0.7,1
CUST_01242,36,Female,Tanga,Christian,Chagga,Diploma,"<200,000",Airtel Money,5,0.49,0.71,0.76,0.0,Tecno,China,Mid-Range,New,341448,7.1,Physical Store,Card,0,2,0.394,0.54,1.0,0.651,1.0,1.0,0.427,0.76,0
CUST_02680,15,Male,Dar es Salaam,Muslim,Others,Diploma,"500,001-1,000,000",M-Pesa,4,0.27,0.44,0.61,0.5,Vivo,China,Mid-Range,New,286697,7.1,Physical Store,Mobile Money,0,12,0.685,0.433,0.9,0.654,1.0,1.0,0.815,0.77,1
CUST_03864,40,Male,Arusha,Muslim,Sukuma,Primary,"<200,000",Tigo Pesa,3,0.2,0.77,0.64,0.5,Itel,China,Budget,New,223331,5.7,Physical Store,Cash,0,1,0.0,0.365,0.9,0.543,1.0,1.0,0.379,0.7,1
CUST_02351,18,Female,Morogoro,Christian,Haya,Primary,"<200,000",Airtel Money,1,0.5,0.84,0.66,0.5,Vivo,China,Mid-Range,New,391200,7.2,Physical Store,Cash,0,1,0.178,0.475,1.0,0.975,1.0,1.0,0.595,0.75,1
CUST_04564,32,Female,Dar es Salaam,Christian,Others,No formal,"200,000-500,000",Tigo Pesa,5,0.42,0.92,0.7,0.5,Tecno,China,Mid-Range,Used,477016,5.4,Physical Store,Mobile Money,0,2,0.0,0.378,1.0,0.917,0.6,1.0,0.357,0.63,1
CUST_01618,29,Female,Tanga,Muslim,Others,No formal,"<200,000",M-Pesa,1,0.06,0.74,0.83,0.3,Infinix,China,Mid-Range,New,561023,8.0,Physical Store,Cash,0,1,0.0,0.664,0.9,0.669,1.0,1.0,0.664,0.77,1
CUST_01597,34,Female,Dar es Salaam,Christian,Others,Primary,"<200,000",Airtel Money,3,0.11,0.87,0.38,0.3,Xiaomi,China,Mid-Range,Used,342764,6.1,Physical Store,Cash,0,12,0.254,0.232,1.0,0.672,0.6,1.0,0.581,0.7,1
CUST_01092,43,Male,Mbeya,Muslim,Nyamwezi,Primary,"<200,000",Halopesa,4,0.05,0.81,0.66,0.3,Apple,USA,Premium,New,1104811,9.8,Online,Mobile Money,1,2,0.254,0.647,0.9,0.659,1.0,1.0,0.728,0.77,1
CUST_00064,19,Male,Dodoma,Christian,Gogo,Primary,"200,000-500,000",M-Pesa,2,0.64,0.77,0.87,0.5,Huawei,China,Premium,New,2488910,8.3,Physical Store,Cash,0,2,0.0,0.722,1.0,0.696,1.0,1.0,0.64,0.4,1
CUST_00771,27,Male,Dar es Salaam,Muslim,Haya,Bachelor,"200,000-500,000",M-Pesa,2,0.22,0.81,0.33,1.0,Nokia,Finland,Mid-Range,New,470985,6.6,Physical Store,Cash,0,2,0.046,0.218,0.9,0.863,1.0,0.8,0.454,0.7,1
CUST_00224,30,Male,Mwanza,Muslim,Sukuma,Secondary,"200,000-500,000",Tigo Pesa,3,0.5,0.8,0.74,0.5,Samsung,South Korea,Premium,New,1462522,8.6,Physical Store,Cash,1,1,0.025,0.636,0.9,0.738,1.0,1.0,0.576,0.62,1
CUST_00534,23,Female,Zanzibar,Muslim,Others,Secondary,"<200,000",Tigo Pesa,4,0.32,0.73,0.66,0.3,Tecno,China,Mid-Range,New,354088,6.5,Physical Store,Cash,0,1,0.354,0.429,0.9,0.668,1.0,1.0,0.55,0.72,1
CUST_00723,37,Female,Mbeya,Christian,Sukuma,Secondary,"200,000-500,000",Tigo Pesa,2,0.65,0.94,0.4,0.3,Infinix,China,Mid-Range,New,539728,6.4,Physical Store,Cash,1,1,0.0,0.256,1.0,0.701,1.0,1.0,0.364,0.68,1
CUST_02105,21,Female,Dar es Salaam,Muslim,Nyamwezi,Diploma,"<200,000",M-Pesa,1,0.14,0.85,0.79,0.5,Samsung,South Korea,Premium,New,1923989,9.7,Physical Store,Card,0,2,0.0,0.766,0.9,0.62,1.0,1.0,0.506,0.6,1
CUST_03891,21,Female,Arusha,Christian,Others,Primary,"200,000-500,000",Tigo Pesa,1,0.33,0.77,0.59,0.5,Huawei,China,Premium,New,1103136,9.0,Physical Store,Cash,1,2,0.292,0.531,1.0,0.735,1.0,1.0,0.348,0.72,1
CUST_04413,29,Male,Zanzibar,Muslim,Others,Bachelor,">2,000,000",M-Pesa,4,0.42,0.42,0.4,0.5,Infinix,China,Mid-Range,New,317686,6.6,Mobile,Card,0,2,0.666,0.264,0.9,0.685,1.0,1.0,0.777,0.73,1
CUST_03368,35,Female,Mwanza,Christian,Others,Secondary,"<200,000",Tigo Pesa,4,0.64,0.84,0.46,0.3,Samsung,South Korea,Premium,New,2244969,8.4,Physical Store,Mobile Money,0,2,0.0,0.386,1.0,0.748,1.0,1.0,0.678,0.46,1
CUST_01812,45,Female,Mwanza,Other,Others,Primary,"200,000-500,000",Tigo Pesa,2,0.32,0.99,0.32,0.5,Itel,China,Budget,New,149145,5.3,Physical Store,Cash,0,1,0.016,0.17,1.0,0.911,1.0,1.0,0.515,0.69,1
CUST_04185,51,Male,Morogoro,Muslim,Others,No formal,"<200,000",Airtel Money,3,0.06,0.75,0.42,0.3,Apple,USA,Premium,New,709191,9.9,Physical Store,Cash,0,2,0.557,0.416,0.9,0.635,1.0,1.0,0.673,0.85,1
CUST_03596,31,Female,Arusha,Muslim,Others,Secondary,"200,000-500,000",M-Pesa,2,0.48,0.76,0.41,0.3,Oppo,China,Mid-Range,New,307022,7.4,Online,Cash,0,12,0.417,0.303,0.9,0.602,1.0,1.0,0.623,0.78,1
CUST_01181,28,Female,Dar es Salaam,Christian,Makonde,Bachelor,"500,001-1,000,000",Tigo Pesa,2,0.16,0.48,0.71,0.7,Huawei,China,Premium,Used,1520586,8.7,Physical Store,Mobile Money,1,1,0.392,0.618,1.0,0.712,0.6,1.0,0.523,0.62,1
CUST_02682,18,Male,Dodoma,Christian,Others,No formal,"1,000,001-2,000,000",M-Pesa,3,0.45,0.34,0.57,0.3,Samsung,South Korea,Premium,New,608524,8.5,Physical Store,Cash,0,1,0.828,0.484,1.0,0.796,1.0,1.0,0.768,0.79,0
CUST_01946,29,Male,Mbeya,Muslim,Makonde,Secondary,"500,001-1,000,000",M-Pesa,3,0.21,0.68,0.31,0.5,Tecno,China,Mid-Range,New,410453,7.6,Physical Store,Mobile Money,0,2,0.302,0.236,0.9,0.697,1.0,1.0,0.537,0.77,1
CUST_01112,23,Male,Dar es Salaam,Muslim,Nyamwezi,Primary,"200,000-500,000",Airtel Money,1,0.36,0.94,0.68,0.3,Nokia,Finland,Mid-Range,New,398431,8.0,Physical Store,Cash,0,2,0.064,0.544,0.9,0.652,1.0,1.0,0.527,0.8,1
CUST_03326,18,Male,Dodoma,Christian,Others,Primary,"<200,000",None,4,0.25,0.73,0.76,0.5,Apple,USA,Premium,New,2296599,9.6,Online,Mobile Money,0,1,0.0,0.73,1.0,0.892,1.0,1.0,0.479,0.52,1
CUST_02934,16,Female,Arusha,Muslim,Others,Primary,"500,001-1,000,000",M-Pesa,4,0.5,0.59,0.88,0.5,Nokia,Finland,Mid-Range,New,345783,6.3,Physical Store,Mobile Money,1,2,0.49,0.554,0.9,0.862,1.0,1.0,0.737,0.71,1
CUST_04083,37,Female,Tanga,Muslim,Sukuma,Primary,"200,000-500,000",M-Pesa,2,0.47,0.96,0.9,0.3,Vivo,China,Mid-Range,New,268231,6.1,Mobile,Mobile Money,1,1,0.356,0.549,0.9,0.769,1.0,1.0,0.63,0.71,1
CUST_02285,36,Male,Morogoro,Christian,Others,Primary,"1,000,001-2,000,000",Tigo Pesa,2,0.09,0.44,0.65,0.0,Nokia,Finland,Mid-Range,New,541745,6.2,Physical Store,Cash,1,1,0.404,0.403,1.0,0.9,1.0,1.0,0.566,0.66,1
CUST_00248,15,Male,Dar es Salaam,Christian,Others,Secondary,"1,000,001-2,000,000",None,3,0.13,0.37,0.71,0.3,Samsung,South Korea,Premium,New,2310362,8.3,Online,Cash,0,2,0.288,0.589,1.0,0.896,1.0,1.0,0.587,0.44,1
CUST_01703,21,Male,Arusha,Muslim,Others,Secondary,"500,001-1,000,000",M-Pesa,3,0.05,0.48,0.35,0.5,Oppo,China,Mid-Range,New,527015,7.2,Online,Cash,0,2,0.368,0.252,0.9,0.886,1.0,1.0,0.513,0.73,1
CUST_03844,31,Male,Dar es Salaam,Muslim,Haya,Diploma,">2,000,000",Airtel Money,1,0.3,0.26,0.69,0.3,Huawei,China,Premium,New,1542371,8.7,Physical Store,Card,1,2,0.666,0.6,0.9,0.631,1.0,1.0,0.698,0.61,1
CUST_01837,23,Female,Tanga,Christian,Others,Diploma,"1,000,001-2,000,000",Airtel Money,4,0.74,0.12,0.76,0.5,Nokia,Finland,Mid-Range,New,584659,6.4,Online,Cash,0,2,0.825,0.486,1.0,0.793,1.0,1.0,0.761,0.67,1
CUST_02167,35,Male,Mwanza,Muslim,Sukuma,No formal,"500,001-1,000,000",Halopesa,4,0.25,0.61,0.49,0.3,Apple,USA,Premium,New,2020699,8.3,Physical Store,Mobile Money,0,2,0.0,0.407,0.9,0.89,1.0,1.0,0.371,0.49,1
CUST_04535,30,Female,Dar es Salaam,Muslim,Others,No formal,"500,001-1,000,000",Airtel Money,2,0.69,0.7,0.86,0.5,Xiaomi,China,Mid-Range,New,496476,6.6,Physical Store,Cash,1,1,0.131,0.568,0.9,0.666,1.0,1.0,0.683,0.7,0
CUST_00874,18,Male,Tanga,Christian,Others,Secondary,"200,000-500,000",M-Pesa,5,0.23,0.83,0.76,0.5,Nokia,Finland,Mid-Range,Used,151550,6.4,Online,Card,1,11,0.686,0.486,1.0,0.748,0.6,1.0,0.718,0.75,1
CUST_04829,22,Female,Arusha,Muslim,Chagga,Primary,"<200,000",Airtel Money,5,0.41,1.0,0.6,0.3,Tecno,China,Mid-Range,New,487639,7.2,Mobile,Cash,0,2,0.0,0.432,0.9,0.984,1.0,1.0,0.507,0.73,1
CUST_02085,32,Female,Dodoma,Muslim,Nyamwezi,Secondary,"200,000-500,000",Airtel Money,4,0.18,0.77,0.57,0.5,Huawei,China,Premium,New,1478609,9.2,Physical Store,Card,0,2,0.051,0.524,0.9,0.557,1.0,1.0,0.423,0.66,1
CUST_00790,29,Female,Dar es Salaam,Christian,Makonde,Secondary,"500,001-1,000,000",M-Pesa,3,0.63,0.52,0.5,1.0,Tecno,China,Mid-Range,New,571449,7.0,Physical Store,Mobile Money,0,1,0.257,0.35,1.0,0.647,1.0,0.8,0.505,0.71,1
CUST_00498,38,Female,Dodoma,Christian,Nyamwezi,Primary,"500,001-1,000,000",Tigo Pesa,2,0.02,0.63,0.53,0.0,Infinix,China,Mid-Range,New,425175,7.8,Online,Cash,0,2,0.33,0.413,1.0,0.932,1.0,1.0,0.735,0.78,1
CUST_03976,23,Male,Tanga,Christian,Nyamwezi,Secondary,"200,000-500,000",Tigo Pesa,3,0.72,0.76,0.83,0.5,Samsung,South Korea,Premium,New,763587,8.3,Online,Cash,0,1,0.516,0.689,1.0,0.709,1.0,1.0,0.726,0.75,1
CUST_00209,30,Male,Arusha,Muslim,Others,Diploma,"<200,000",M-Pesa,1,0.24,0.73,0.53,0.0,Nokia,Finland,Mid-Range,New,472331,6.7,Mobile,Mobile Money,0,2,0.138,0.355,0.9,0.751,1.0,1.0,0.465,0.71,1
CUST_04324,28,Female,Morogoro,Christian,Others,Primary,"200,000-500,000",Tigo Pesa,5,0.41,0.82,0.39,0.3,Nokia,Finland,Mid-Range,New,407498,6.0,Physical Store,Mobile Money,1,2,0.165,0.234,1.0,0.922,1.0,1.0,0.39,0.68,0
CUST_02763,20,Female,Tanga,Muslim,Others,Primary,"200,000-500,000",Halopesa,4,0.27,0.83,0.84,0.5,Samsung,South Korea,Premium,New,2436149,8.6,Physical Store,Cash,0,2,0.0,0.722,0.9,0.645,1.0,1.0,0.64,0.43,1
CUST_03637,15,Female,Dodoma,Christian,Chagga,No formal,"500,001-1,000,000",M-Pesa,2,0.43,0.51,0.4,0.3,Apple,USA,Premium,New,2121790,9.6,Mobile,Mobile Money,0,2,0.098,0.384,1.0,0.655,1.0,1.0,0.547,0.55,1
CUST_03597,18,Female,Mwanza,Christian,Others,Primary,">2,000,000",None,4,0.16,0.14,0.3,0.0,Tecno,China,Mid-Range,New,536749,6.5,Physical Store,Mobile Money,1,2,0.812,0.195,1.0,0.884,1.0,1.0,0.83,0.68,1
CUST_03249,27,Female,Dar es Salaam,Muslim,Others,Primary,"500,001-1,000,000",None,3,0.15,0.72,0.59,0.7,Apple,USA,Premium,New,2415167,10.0,Physical Store,Cash,0,1,0.0,0.59,0.9,0.894,1.0,1.0,0.702,0.52,1
CUST_03452,15,Male,Zanzibar,Christian,Gogo,Secondary,"<200,000",Halopesa,5,0.21,0.97,0.34,0.5,Vivo,China,Mid-Range,New,476927,7.7,Physical Store,Mobile Money,0,1,0.0,0.262,1.0,0.844,1.0,1.0,0.471,0.77,1
CUST_03040,20,Male,Tanga,Other,Others,Bachelor,"500,001-1,000,000",None,4,0.29,0.59,0.79,0.5,Huawei,China,Premium,New,1440079,9.6,Physical Store,Mobile Money,1,2,0.292,0.758,1.0,0.908,1.0,1.0,0.688,0.69,1
CUST_04643,34,Male,Mwanza,Christian,Others,Primary,"1,000,001-2,000,000",Airtel Money,2,0.34,0.37,0.62,1.0,Tecno,China,Mid-Range,New,502818,8.0,Physical Store,Mobile Money,1,12,0.535,0.496,1.0,0.576,1.0,0.8,0.617,0.78,1
CUST_00985,49,Female,Mwanza,Muslim,Others,Primary,"200,000-500,000",M-Pesa,3,0.42,0.75,0.49,0.0,Tecno,China,Mid-Range,New,257606,7.6,Mobile,Cash,0,1,0.517,0.372,0.9,0.889,1.0,1.0,0.615,0.8,1
CUST_04409,32,Female,Zanzibar,Christian,Others,No formal,"<200,000",Airtel Money,2,0.21,0.93,0.81,0.3,Tecno,China,Mid-Range,New,409048,6.8,Physical Store,Cash,0,2,0.049,0.551,1.0,0.907,1.0,1.0,0.637,0.73,1
CUST_03968,18,Female,Dar es Salaam,Muslim,Others,Primary,"<200,000",M-Pesa,4,0.21,0.99,0.69,0.3,Oppo,China,Mid-Range,New,372440,6.6,Mobile,Cash,0,2,0.078,0.455,0.9,0.866,1.0,1.0,0.541,0.72,1
CUST_01810,46,Female,Mwanza,Christian,Others,Secondary,"200,000-500,000",M-Pesa,3,0.18,0.78,0.6,1.0,Huawei,China,Premium,Used,992038,7.1,Physical Store,Cash,0,2,0.355,0.426,1.0,0.8,0.6,0.8,0.621,0.63,1
CUST_04245,35,Male,Dar es Salaam,Christian,Others,No formal,"1,000,001-2,000,000",M-Pesa,4,0.1,0.33,0.53,0.3,Apple,USA,Premium,New,947492,10.0,Physical Store,Cash,0,2,0.739,0.53,1.0,1.157,1.0,1.0,0.74,0.81,1
CUST_03489,15,Female,Zanzibar,Muslim,Others,Secondary,"1,000,001-2,000,000",Airtel Money,5,0.62,0.26,0.87,0.3,Huawei,China,Premium,New,1310073,9.2,Physical Store,Cash,1,2,0.716,0.8,0.9,0.72,1.0,1.0,0.788,0.69,1
CUST_01769,17,Male,Mwanza,Christian,Nyamwezi,Primary,"1,000,001-2,000,000",Airtel Money,4,0.79,0.23,0.6,0.0,Infinix,China,Mid-Range,New,409424,6.9,Online,Cash,0,11,0.765,0.414,1.0,0.845,1.0,1.0,0.696,0.73,1
CUST_04967,15,Female,Mwanza,Christian,Others,Primary,"500,001-1,000,000",Airtel Money,5,0.43,0.7,0.55,0.3,Oppo,China,Mid-Range,New,481644,6.1,Physical Store,Cash,0,2,0.157,0.336,1.0,0.57,1.0,1.0,0.299,0.67,1
CUST_01036,15,Female,Dar es Salaam,Other,Haya,Primary,"200,000-500,000",M-Pesa,3,0.27,0.74,0.65,0.7,Huawei,China,Premium,New,1577825,8.5,Physical Store,Cash,0,11,0.027,0.552,1.0,0.78,1.0,1.0,0.559,0.59,0
CUST_03744,38,Male,Tanga,Christian,Makonde,Secondary,"200,000-500,000",Airtel Money,1,0.12,0.84,0.47,0.0,Huawei,China,Premium,New,639501,8.8,Online,Cash,1,2,0.552,0.414,1.0,0.751,1.0,1.0,0.637,0.8,1
CUST_01016,42,Female,Dodoma,Muslim,Nyamwezi,Primary,">2,000,000",None,3,0.34,0.48,0.66,0.5,Xiaomi,China,Mid-Range,Used,415603,6.2,Physical Store,Cash,1,11,0.501,0.409,0.9,0.907,0.6,1.0,0.746,0.69,1
CUST_03122,34,Male,Arusha,Christian,Others,Secondary,"<200,000",M-Pesa,2,0.37,0.94,0.78,0.0,Tecno,China,Mid-Range,New,305621,6.3,Mobile,Mobile Money,0,2,0.282,0.491,1.0,0.733,1.0,1.0,0.666,0.72,0
CUST_02432,29,Male,Dodoma,Muslim,Others,No formal,"500,001-1,000,000",M-Pesa,1,0.28,0.74,0.84,0.5,Huawei,China,Premium,New,2102939,9.4,Physical Store,Cash,0,2,0.0,0.79,0.9,0.849,1.0,1.0,0.498,0.54,1
CUST_03204,15,Male,Mwanza,Christian,Others,Secondary,"500,001-1,000,000",Tigo Pesa,4,0.25,0.77,0.45,0.5,Infinix,China,Mid-Range,Used,431149,5.9,Physical Store,Mobile Money,1,12,0.17,0.266,1.0,0.665,0.6,1.0,0.226,0.67,1
CUST_04642,17,Male,Arusha,Christian,Others,No formal,"500,001-1,000,000",M-Pesa,1,0.37,0.58,0.63,0.5,Apple,USA,Premium,New,1557597,8.9,Physical Store,Mobile Money,0,2,0.247,0.561,1.0,0.894,1.0,1.0,0.628,0.62,1
CUST_03098,52,Male,Dar es Salaam,Muslim,Others,Secondary,"<200,000",Tigo Pesa,3,0.04,0.89,0.84,1.0,Nokia,Finland,Mid-Range,New,558548,7.2,Online,Cash,1,2,0.0,0.605,0.9,0.714,1.0,0.8,0.53,0.72,1
CUST_04601,24,Female,Zanzibar,Christian,Nyamwezi,Diploma,"500,001-1,000,000",Tigo Pesa,4,0.5,0.51,0.38,0.0,Xiaomi,China,Mid-Range,Used,141559,5.4,Physical Store,Mobile Money,0,2,0.82,0.205,1.0,0.87,0.6,1.0,0.64,0.7,1
CUST_01135,29,Male,Morogoro,Christian,Others,Primary,">2,000,000",M-Pesa,2,0.24,0.28,0.63,0.0,Samsung,South Korea,Premium,New,2447982,9.9,Physical Store,Cash,0,2,0.429,0.624,1.0,1.147,1.0,1.0,0.72,0.5,1
CUST_03948,24,Female,Arusha,Christian,Others,Secondary,"500,001-1,000,000",Tigo Pesa,3,0.31,0.55,0.44,0.3,Infinix,China,Mid-Range,Used,219281,5.4,Physical Store,Card,0,2,0.698,0.238,1.0,0.928,0.6,1.0,0.834,0.68,1
CUST_00256,27,Female,Dodoma,Christian,Others,Diploma,"500,001-1,000,000",M-Pesa,5,0.12,0.56,0.61,0.5,Huawei,China,Premium,New,1223538,8.8,Physical Store,Mobile Money,1,11,0.429,0.537,1.0,0.865,1.0,1.0,0.64,0.68,1
CUST_01407,17,Female,Tanga,Muslim,Others,Primary,"1,000,001-2,000,000",Tigo Pesa,1,0.27,0.12,0.44,0.3,Apple,USA,Premium,New,2467061,9.4,Physical Store,Cash,0,1,0.753,0.414,0.9,1.049,1.0,1.0,0.581,0.47,1
CUST_03662,23,Male,Zanzibar,Muslim,Chagga,Master+,"200,000-500,000",Tigo Pesa,2,0.65,0.88,0.41,0.5,Nokia,Finland,Mid-Range,New,268537,6.2,Online,Mobile Money,1,2,0.409,0.254,0.9,0.612,1.0,1.0,0.476,0.72,1
CUST_04449,45,Female,Morogoro,Christian,Chagga,Diploma,"<200,000",M-Pesa,3,0.3,0.83,0.68,1.0,Tecno,China,Mid-Range,Used,342227,6.0,Physical Store,Cash,0,2,0.29,0.408,1.0,0.852,0.6,0.8,0.639,0.69,1
CUST_04401,34,Female,Tanga,Christian,Haya,Bachelor,"500,001-1,000,000",Airtel Money,3,0.15,0.71,0.52,0.0,Huawei,China,Premium,New,1999791,9.7,Physical Store,Cash,0,2,0.0,0.504,1.0,0.636,1.0,1.0,0.218,0.58,1
CUST_01072,15,Male,Zanzibar,Muslim,Others,Primary,"<200,000",None,3,0.1,0.71,0.87,0.3,Nokia,Finland,Mid-Range,New,277852,6.3,Physical Store,Cash,1,2,0.507,0.548,0.9,0.532,1.0,1.0,0.596,0.72,0
CUST_00731,15,Female,Dar es Salaam,Other,Gogo,Diploma,"<200,000",Halopesa,2,0.33,0.76,0.6,0.5,Huawei,China,Premium,New,981951,8.8,Physical Store,Mobile Money,1,12,0.378,0.528,1.0,0.773,1.0,1.0,0.672,0.73,1
CUST_03112,26,Male,Morogoro,Muslim,Others,No formal,"200,000-500,000",Tigo Pesa,2,0.33,0.93,0.58,0.3,Nokia,Finland,Mid-Range,New,555723,7.5,Physical Store,Cash,0,1,0.0,0.435,0.9,0.818,1.0,1.0,0.485,0.74,1
CUST_04442,30,Female,Morogoro,Christian,Sukuma,Primary,"<200,000",Tigo Pesa,5,0.26,0.76,0.62,0.5,Tecno,China,Mid-Range,New,393152,7.1,Physical Store,Card,0,2,0.253,0.44,1.0,0.511,1.0,1.0,0.552,0.75,1
CUST_03795,33,Female,Morogoro,Christian,Others,Diploma,"200,000-500,000",Airtel Money,3,0.22,0.86,0.4,0.3,Oppo,China,Mid-Range,New,591126,7.5,Physical Store,Card,0,1,0.0,0.3,1.0,0.76,1.0,1.0,0.535,0.73,1
CUST_03987,30,Male,Dodoma,Christian,Others,No formal,"500,001-1,000,000",Airtel Money,4,0.15,0.59,0.61,0.5,Infinix,China,Mid-Range,New,452663,7.1,Online,Cash,0,2,0.332,0.433,1.0,0.84,1.0,1.0,0.568,0.74,1
CUST_00493,45,Female,Morogoro,Muslim,Haya,Diploma,"200,000-500,000",M-Pesa,1,0.34,0.76,0.76,0.7,Apple,USA,Premium,New,1845409,8.9,Physical Store,Cash,1,2,0.0,0.676,0.9,1.163,1.0,1.0,0.789,0.56,1
CUST_01204,39,Male,Dar es Salaam,Muslim,Others,Diploma,"<200,000",Tigo Pesa,5,0.22,0.96,0.64,0.3,Huawei,China,Premium,Used,1582723,8.1,Physical Store,Mobile Money,0,1,0.0,0.518,0.9,0.974,0.6,1.0,0.324,0.57,0
CUST_00564,28,Male,Dodoma,Christian,Others,Secondary,"500,001-1,000,000",Halopesa,2,0.44,0.44,0.47,0.5,Tecno,China,Mid-Range,New,459071,7.5,Physical Store,Mobile Money,0,12,0.495,0.352,1.0,0.897,1.0,1.0,0.632,0.76,1
CUST_02882,35,Male,Dar es Salaam,Muslim,Others,Diploma,"500,001-1,000,000",None,4,0.24,0.42,0.52,0.5,Vivo,China,Mid-Range,New,579457,6.4,Physical Store,Mobile Money,0,2,0.392,0.333,0.9,0.878,1.0,1.0,0.651,0.67,0
CUST_00718,38,Female,Zanzibar,Christian,Chagga,Diploma,"200,000-500,000",Airtel Money,4,0.35,0.92,0.46,0.7,Tecno,China,Mid-Range,Used,160072,6.2,Mobile,Card,0,2,0.632,0.285,1.0,0.904,0.6,1.0,0.747,0.74,1
CUST_04596,15,Female,Dar es Salaam,Christian,Sukuma,Bachelor,"<200,000",M-Pesa,5,0.14,0.9,0.39,0.0,Samsung,South Korea,Premium,New,2448201,9.2,Physical Store,Mobile Money,0,2,0.0,0.359,1.0,0.889,1.0,1.0,0.665,0.46,1
CUST_01132,22,Male,Morogoro,Christian,Others,Primary,"<200,000",None,4,0.03,0.81,0.58,0.3,Apple,USA,Premium,New,1664608,8.7,Physical Store,Cash,1,2,0.0,0.505,1.0,0.972,1.0,1.0,0.636,0.59,1
CUST_04940,24,Male,Zanzibar,Christian,Others,Secondary,"<200,000",M-Pesa,3,0.31,0.79,0.35,0.5,Infinix,China,Mid-Range,New,455880,7.8,Physical Store,Cash,0,2,0.1,0.273,1.0,0.704,1.0,1.0,0.427,0.78,1
CUST_02742,33,Female,Mbeya,Christian,Nyamwezi,Primary,"500,001-1,000,000",M-Pesa,3,0.15,0.65,0.32,0.5,Apple,USA,Premium,New,960171,8.9,Physical Store,Cash,1,1,0.48,0.285,1.0,1.193,1.0,1.0,0.571,0.74,1
CUST_02042,34,Male,Dodoma,Muslim,Sukuma,Bachelor,"1,000,001-2,000,000",Tigo Pesa,3,0.2,0.4,0.32,0.5,Samsung,South Korea,Premium,New,2216454,9.4,Physical Store,Mobile Money,0,12,0.261,0.301,0.9,0.899,1.0,1.0,0.503,0.52,1
CUST_02673,16,Male,Morogoro,Muslim,Sukuma,Diploma,"200,000-500,000",Airtel Money,2,0.27,0.78,0.39,0.7,Samsung,South Korea,Premium,New,2043283,9.4,Physical Store,Mobile Money,0,2,0.0,0.367,0.9,0.869,1.0,1.0,0.573,0.56,1
CUST_01491,45,Female,Tanga,Muslim,Nyamwezi,No formal,"200,000-500,000",M-Pesa,1,0.68,0.94,0.58,0.5,Infinix,China,Mid-Range,New,512177,7.8,Physical Store,Cash,1,2,0.0,0.452,0.9,0.756,1.0,1.0,0.345,0.77,1
CUST_04980,35,Female,Mwanza,Christian,Nyamwezi,No formal,"<200,000",Airtel Money,4,0.19,0.85,0.84,0.0,Nokia,Finland,Mid-Range,New,584289,6.8,Physical Store,Mobile Money,1,2,0.0,0.571,1.0,0.537,1.0,1.0,0.687,0.69,0
CUST_04500,33,Male,Dar es Salaam,Christian,Others,Secondary,"200,000-500,000",Airtel Money,1,0.02,0.98,0.46,0.3,Huawei,China,Premium,New,674977,9.9,Physical Store,Mobile Money,0,2,0.449,0.455,1.0,0.642,1.0,1.0,0.536,0.86,1
CUST_02297,41,Female,Dar es Salaam,Christian,Gogo,Bachelor,"1,000,001-2,000,000",M-Pesa,3,0.32,0.15,0.56,0.5,Nokia,Finland,Mid-Range,New,468494,7.3,Physical Store,Cash,1,2,0.824,0.409,1.0,0.905,1.0,1.0,0.745,0.74,1
CUST_02889,42,Male,Dar es Salaam,Muslim,Sukuma,Master+,"500,001-1,000,000",Airtel Money,2,0.13,0.61,0.89,0.3,Apple,USA,Premium,New,1646891,8.3,Physical Store,Cash,0,2,0.163,0.739,0.9,0.916,1.0,1.0,0.591,0.57,1
CUST_02175,15,Female,Tanga,Christian,Nyamwezi,Diploma,"200,000-500,000",M-Pesa,4,0.5,0.9,0.57,0.3,Oppo,China,Mid-Range,New,275683,7.8,Physical Store,Cash,0,2,0.38,0.445,1.0,0.752,1.0,1.0,0.51,0.81,0
CUST_03446,26,Male,Mwanza,Christian,Nyamwezi,No formal,"<200,000",Tigo Pesa,4,0.58,0.96,0.7,0.5,Tecno,China,Mid-Range,New,360900,6.1,Online,Mobile Money,1,2,0.134,0.427,1.0,0.858,1.0,1.0,0.545,0.69,1
CUST_01394,20,Female,Dar es Salaam,Muslim,Sukuma,No formal,"500,001-1,000,000",Halopesa,4,0.08,0.79,0.57,0.7,Nokia,Finland,Mid-Range,New,430767,7.9,Online,Cash,0,1,0.149,0.45,0.9,0.574,1.0,1.0,0.543,0.79,1
CUST_03487,38,Female,Arusha,Muslim,Others,Primary,"500,001-1,000,000",M-Pesa,1,0.07,0.68,0.84,0.0,Infinix,China,Mid-Range,New,337695,7.4,Online,Card,1,1,0.426,0.622,0.9,0.667,1.0,1.0,0.661,0.78,1
CUST_02345,31,Male,Dar es Salaam,Christian,Others,Primary,"200,000-500,000",Tigo Pesa,4,0.38,0.95,0.31,0.0,Infinix,China,Mid-Range,New,376130,7.0,Physical Store,Mobile Money,1,2,0.107,0.217,1.0,0.972,1.0,1.0,0.459,0.74,1
CUST_00308,24,Male,Dar es Salaam,Muslim,Gogo,Primary,"500,001-1,000,000",Halopesa,1,0.29,0.45,0.86,0.5,Huawei,China,Premium,New,1715358,9.0,Mobile,Cash,0,12,0.357,0.774,0.9,0.816,1.0,1.0,0.628,0.6,1
CUST_00145,24,Male,Tanga,Christian,Others,Diploma,"500,001-1,000,000",Airtel Money,5,0.15,0.46,0.63,0.5,Samsung,South Korea,Premium,New,633680,9.0,Physical Store,Cash,0,2,0.757,0.567,1.0,1.174,1.0,1.0,0.996,0.81,1
CUST_00688,18,Female,Arusha,Muslim,Others,Secondary,"200,000-500,000",M-Pesa,4,0.11,0.79,0.82,0.5,Oppo,China,Mid-Range,New,376772,6.8,Physical Store,Cash,0,1,0.256,0.558,0.9,0.52,1.0,1.0,0.436,0.73,1
CUST_00578,30,Male,Dar es Salaam,Muslim,Others,Primary,"<200,000",Tigo Pesa,3,0.08,0.77,0.59,0.3,Infinix,China,Mid-Range,New,576036,6.1,Physical Store,Cash,0,2,0.0,0.36,0.9,0.967,1.0,1.0,0.392,0.65,1
CUST_02441,20,Female,Arusha,Christian,Others,Diploma,"500,001-1,000,000",Airtel Money,3,0.2,0.53,0.44,0.0,Huawei,China,Premium,New,1672508,8.1,Physical Store,Cash,1,2,0.261,0.356,1.0,0.614,1.0,1.0,0.518,0.55,1
CUST_03811,36,Male,Tanga,Christian,Others,Diploma,"<200,000",Halopesa,4,0.42,0.84,0.69,1.0,Apple,USA,Premium,New,1875194,8.2,Physical Store,Mobile Money,0,2,0.0,0.566,1.0,0.614,1.0,0.8,0.382,0.52,1
CUST_00953,40,Male,Dar es Salaam,Christian,Chagga,Secondary,"<200,000",M-Pesa,1,0.27,0.96,0.83,0.0,Huawei,China,Premium,New,2143426,8.2,Physical Store,Card,1,2,0.0,0.681,1.0,0.665,1.0,1.0,0.619,0.46,1
CUST_04986,42,Female,Dar es Salaam,Muslim,Others,Primary,"200,000-500,000",M-Pesa,3,0.34,0.9,0.52,0.0,Oppo,China,Mid-Range,New,383176,6.8,Physical Store,Card,1,2,0.138,0.354,0.9,0.797,1.0,1.0,0.533,0.73,1
CUST_02945,15,Female,Dar es Salaam,Christian,Others,No formal,"<200,000",M-Pesa,4,0.45,0.8,0.43,0.3,Tecno,China,Mid-Range,New,467893,6.2,Physical Store,Mobile Money,1,2,0.064,0.267,1.0,0.822,1.0,1.0,0.256,0.68,0
CUST_01183,26,Male,Arusha,Christian,Others,Diploma,"<200,000",Halopesa,3,0.21,0.96,0.33,0.3,Infinix,China,Mid-Range,New,326538,7.5,Physical Store,Mobile Money,0,2,0.216,0.248,1.0,0.755,1.0,1.0,0.5,0.78,1
CUST_02750,17,Female,Dar es Salaam,Christian,Sukuma,No formal,"200,000-500,000",M-Pesa,4,0.13,0.75,0.88,0.0,Tecno,China,Mid-Range,New,591029,7.0,Physical Store,Card,0,2,0.0,0.616,1.0,0.731,1.0,1.0,0.618,0.7,0
CUST_04609,19,Male,Mwanza,Christian,Sukuma,Diploma,"500,001-1,000,000",M-Pesa,4,0.09,0.49,0.68,0.3,Apple,USA,Premium,New,621540,8.3,Online,Cash,0,1,0.746,0.564,1.0,0.993,1.0,1.0,0.75,0.77,1
CUST_02183,31,Female,Dar es Salaam,Muslim,Makonde,No formal,"500,001-1,000,000",Airtel Money,2,0.08,0.58,0.45,0.3,Nokia,Finland,Mid-Range,New,323106,7.6,Physical Store,Cash,1,1,0.531,0.342,0.9,0.632,1.0,1.0,0.665,0.79,0
CUST_02789,38,Female,Dar es Salaam,Muslim,Others,Secondary,"200,000-500,000",Airtel Money,2,0.17,0.84,0.63,0.3,Xiaomi,China,Mid-Range,New,264649,7.4,Physical Store,Cash,1,2,0.444,0.466,0.9,0.869,1.0,1.0,0.697,0.79,1
CUST_04415,27,Female,Mwanza,Christian,Others,Bachelor,"500,001-1,000,000",Airtel Money,1,0.37,0.73,0.54,0.3,Nokia,Finland,Mid-Range,New,397418,6.9,Online,Cash,0,1,0.275,0.373,1.0,0.81,1.0,1.0,0.437,0.73,1
CUST_04238,37,Female,Dar es Salaam,Christian,Chagga,No formal,"200,000-500,000",M-Pesa,3,0.14,0.9,0.85,0.5,Apple,USA,Premium,New,888805,8.8,Physical Store,Cash,1,2,0.333,0.748,1.0,1.198,1.0,1.0,0.656,0.75,0
CUST_02213,15,Female,Dodoma,Muslim,Others,Secondary,"<200,000",Airtel Money,2,0.34,0.79,0.82,0.5,Tecno,China,Mid-Range,New,276186,6.6,Mobile,Cash,1,1,0.455,0.541,0.9,0.876,1.0,1.0,0.485,0.74,1
CUST_02981,27,Male,Dar es Salaam,Muslim,Nyamwezi,Primary,"500,001-1,000,000",M-Pesa,4,0.2,0.44,0.88,0.0,Itel,China,Budget,New,213138,5.3,Physical Store,Mobile Money,0,1,0.375,0.466,0.9,0.708,1.0,1.0,0.504,0.68,1
CUST_04888,16,Male,Dodoma,Christian,Makonde,Master+,"200,000-500,000",M-Pesa,1,0.19,0.85,0.33,0.3,Tecno,China,Mid-Range,New,314317,6.9,Physical Store,Cash,0,2,0.332,0.228,1.0,0.624,1.0,1.0,0.574,0.75,1
CUST_01069,37,Female,Zanzibar,Muslim,Chagga,Bachelor,"200,000-500,000",Airtel Money,4,0.2,0.72,0.81,0.5,Xiaomi,China,Mid-Range,Used,253009,6.9,Online,Cash,0,1,0.545,0.559,0.9,0.752,0.6,1.0,0.602,0.76,1
CUST_01259,28,Female,Dar es Salaam,Christian,Haya,No formal,"200,000-500,000",Halopesa,5,0.07,0.99,0.62,0.3,Samsung,South Korea,Premium,New,929305,9.0,Online,Card,1,2,0.233,0.558,1.0,1.084,1.0,1.0,0.579,0.75,1
CUST_02069,43,Female,Dar es Salaam,Christian,Haya,Secondary,"500,001-1,000,000",M-Pesa,3,0.59,0.67,0.7,0.7,Apple,USA,Premium,New,1576261,8.9,Physical Store,Cash,1,11,0.12,0.623,1.0,1.198,1.0,1.0,0.823,0.62,0
CUST_03783,34,Female,Mwanza,Muslim,Others,Bachelor,"<200,000",Halopesa,4,0.46,0.77,0.58,0.3,Nokia,Finland,Mid-Range,New,437272,6.8,Physical Store,Mobile Money,0,2,0.158,0.394,0.9,0.753,1.0,1.0,0.475,0.72,1
CUST_01837,23,Female,Tanga,Christian,Others,Diploma,"1,000,001-2,000,000",Airtel Money,4,0.74,0.12,0.76,0.5,Tecno,China,Mid-Range,New,382295,6.0,Mobile,Cash,0,2,0.885,0.456,1.0,0.683,1.0,1.0,0.708,0.68,1
CUST_02748,29,Female,Zanzibar,Christian,Others,Secondary,"500,001-1,000,000",M-Pesa,4,0.37,0.67,0.35,0.0,Apple,USA,Premium,New,637684,9.7,Mobile,Cash,1,2,0.644,0.339,1.0,0.809,1.0,1.0,0.655,0.85,0
CUST_02497,34,Female,Morogoro,Christian,Others,Secondary,"500,001-1,000,000",Tigo Pesa,3,0.12,0.48,0.45,0.3,Nokia,Finland,Mid-Range,New,437185,6.7,Physical Store,Cash,0,2,0.475,0.302,1.0,0.717,1.0,1.0,0.441,0.71,1
CUST_00017,41,Female,Mwanza,Christian,Others,Diploma,"200,000-500,000",M-Pesa,1,0.42,0.79,0.65,0.0,Infinix,China,Mid-Range,New,307451,6.3,Physical Store,Cash,0,2,0.393,0.41,1.0,0.863,1.0,1.0,0.418,0.72,1
CUST_00295,22,Male,Tanga,Christian,Sukuma,Secondary,"200,000-500,000",Airtel Money,3,0.09,0.76,0.48,0.5,Apple,USA,Premium,New,1519764,8.3,Physical Store,Card,0,1,0.037,0.398,1.0,1.073,1.0,1.0,0.555,0.59,1
CUST_01321,34,Female,Dodoma,Christian,Haya,No formal,">2,000,000",Tigo Pesa,3,0.12,0.19,0.73,0.3,Oppo,China,Mid-Range,New,264299,6.9,Physical Store,Card,0,10,0.874,0.504,1.0,0.846,1.0,1.0,0.871,0.76,1
CUST_01669,26,Male,Tanga,Christian,Others,Bachelor,">2,000,000",M-Pesa,4,0.26,0.26,0.84,0.7,Itel,China,Budget,New,190922,6.0,Physical Store,Mobile Money,0,1,0.669,0.504,1.0,0.64,1.0,1.0,0.773,0.72,1
CUST_03815,22,Female,Dar es Salaam,Christian,Chagga,Diploma,"500,001-1,000,000",Airtel Money,5,0.21,0.45,0.43,0.5,Samsung,South Korea,Premium,New,698885,8.1,Online,Mobile Money,0,2,0.738,0.348,1.0,0.732,1.0,1.0,0.554,0.75,1
CUST_02883,34,Male,Mbeya,Christian,Sukuma,Primary,"200,000-500,000",None,5,0.61,1.0,0.56,0.5,Samsung,South Korea,Premium,New,1397174,9.4,Physical Store,Cash,0,2,0.0,0.526,1.0,0.882,1.0,1.0,0.467,0.68,1
CUST_02236,15,Female,Tanga,Muslim,Others,Primary,"500,001-1,000,000",None,2,0.48,0.61,0.69,0.5,Infinix,China,Mid-Range,New,380319,7.3,Physical Store,Cash,0,12,0.42,0.504,0.9,0.801,1.0,1.0,0.482,0.76,0
CUST_03723,20,Female,Dar es Salaam,Christian,Others,Secondary,"<200,000",Tigo Pesa,4,0.23,0.98,0.73,0.3,Nokia,Finland,Mid-Range,New,495217,6.6,Physical Store,Card,0,12,0.0,0.482,1.0,0.769,1.0,1.0,0.5,0.7,1
CUST_02004,16,Female,Mwanza,Christian,Nyamwezi,Primary,"500,001-1,000,000",M-Pesa,4,0.1,0.73,0.74,0.5,Huawei,China,Premium,New,1407887,8.7,Online,Cash,0,10,0.144,0.644,1.0,0.605,1.0,1.0,0.426,0.64,1
CUST_01831,25,Male,Mwanza,Muslim,Others,Secondary,"500,001-1,000,000",Halopesa,4,0.28,0.76,0.85,0.5,Apple,USA,Premium,New,1219646,9.2,Physical Store,Cash,1,2,0.228,0.782,0.9,0.772,1.0,1.0,0.614,0.71,1
CUST_01428,26,Male,Dodoma,Muslim,Others,Secondary,"500,001-1,000,000",M-Pesa,4,0.24,0.4,0.68,0.5,Tecno,China,Mid-Range,New,530427,7.5,Online,Card,0,1,0.47,0.51,0.9,0.578,1.0,1.0,0.523,0.74,1
CUST_01528,24,Male,Zanzibar,Christian,Sukuma,Diploma,"<200,000",Halopesa,3,0.47,0.92,0.49,0.3,Huawei,China,Premium,New,1994023,8.1,Physical Store,Cash,0,2,0.0,0.397,1.0,0.867,1.0,1.0,0.648,0.49,1
CUST_02549,33,Female,Tanga,Christian,Gogo,Primary,"200,000-500,000",M-Pesa,3,0.4,0.71,0.4,0.3,Vivo,China,Mid-Range,New,277579,6.4,Physical Store,Mobile Money,0,2,0.507,0.256,1.0,0.645,1.0,1.0,0.507,0.73,1
CUST_03496,22,Female,Dar es Salaam,Christian,Others,No formal,"200,000-500,000",Airtel Money,5,0.39,0.73,0.55,0.5,Tecno,China,Mid-Range,New,485145,6.5,Physical Store,Mobile Money,0,2,0.115,0.358,1.0,0.716,1.0,1.0,0.558,0.69,1
CUST_01979,45,Female,Dar es Salaam,Christian,Others,Primary,"500,001-1,000,000",M-Pesa,2,0.21,0.72,0.36,0.5,Apple,USA,Premium,New,2206018,8.4,Online,Cash,1,1,0.0,0.302,1.0,1.044,1.0,1.0,0.504,0.46,1
CUST_01484,15,Female,Mbeya,Christian,Sukuma,Secondary,"200,000-500,000",Tigo Pesa,2,0.12,0.72,0.56,0.5,Tecno,China,Mid-Range,New,443432,7.8,Physical Store,Cash,1,12,0.202,0.437,1.0,0.562,1.0,1.0,0.418,0.78,0
CUST_00547,24,Male,Dar es Salaam,Christian,Gogo,Secondary,"500,001-1,000,000",Airtel Money,4,0.29,0.78,0.71,0.5,Infinix,China,Mid-Range,New,362739,6.1,Physical Store,Cash,0,2,0.293,0.433,1.0,0.597,1.0,1.0,0.428,0.69,1
CUST_00847,32,Female,Dar es Salaam,Muslim,Others,No formal,"200,000-500,000",Airtel Money,2,0.15,0.9,0.39,0.0,Itel,China,Budget,New,154810,4.3,Physical Store,Cash,0,2,0.071,0.168,0.9,0.969,1.0,1.0,0.425,0.63,1
CUST_04365,46,Male,Tanga,Christian,Others,Diploma,"1,000,001-2,000,000",Tigo Pesa,4,0.75,0.27,0.7,0.5,Itel,China,Budget,New,205746,4.2,Physical Store,Cash,0,2,0.63,0.294,1.0,0.951,1.0,1.0,0.764,0.61,0
CUST_00738,34,Male,Mbeya,Muslim,Nyamwezi,No formal,"200,000-500,000",None,4,0.42,0.95,0.48,0.0,Infinix,China,Mid-Range,New,305148,7.9,Online,Mobile Money,0,2,0.275,0.379,0.9,0.568,1.0,1.0,0.466,0.81,1
CUST_03669,18,Female,Zanzibar,Christian,Chagga,Secondary,"500,001-1,000,000",M-Pesa,4,0.37,0.68,0.61,0.7,Huawei,China,Premium,New,1399233,9.8,Mobile,Cash,0,2,0.207,0.598,1.0,0.783,1.0,1.0,0.744,0.71,1
CUST_04553,36,Female,Tanga,Muslim,Others,Primary,"500,001-1,000,000",Tigo Pesa,2,0.12,0.55,0.72,1.0,Tecno,China,Mid-Range,New,424427,6.2,Physical Store,Cash,0,1,0.416,0.446,0.9,0.765,1.0,0.8,0.522,0.69,1
CUST_01195,17,Female,Dar es Salaam,Muslim,Others,Bachelor,"200,000-500,000",M-Pesa,2,0.49,0.88,0.69,0.5,Infinix,China,Mid-Range,New,441958,7.9,Online,Cash,0,2,0.028,0.545,0.9,0.718,1.0,1.0,0.594,0.79,1
CUST_00375,38,Male,Arusha,Christian,Others,Secondary,"500,001-1,000,000",M-Pesa,3,0.14,0.54,0.61,0.5,Huawei,China,Premium,New,1086290,9.5,Online,Cash,0,2,0.511,0.58,1.0,0.651,1.0,1.0,0.809,0.75,1
CUST_04143,32,Male,Dodoma,Christian,Others,Secondary,"<200,000",Airtel Money,2,0.47,0.76,0.54,0.5,Vivo,China,Mid-Range,New,280049,6.8,Physical Store,Cash,0,2,0.468,0.367,1.0,0.67,1.0,1.0,0.785,0.75,1
CUST_00621,37,Female,Dar es Salaam,Muslim,Makonde,Primary,"200,000-500,000",Tigo Pesa,3,0.59,0.99,0.46,0.5,Apple,USA,Premium,New,2375063,9.0,Physical Store,Card,0,2,0.0,0.414,0.9,0.676,1.0,1.0,0.505,0.46,1
CUST_02158,33,Female,Dar es Salaam,Christian,Chagga,Primary,"200,000-500,000",M-Pesa,5,0.52,0.77,0.61,0.5,Tecno,China,Mid-Range,New,376451,6.1,Physical Store,Card,0,2,0.275,0.372,1.0,0.525,1.0,1.0,0.25,0.69,1
CUST_01896,27,Male,Dar es Salaam,Christian,Others,Secondary,"1,000,001-2,000,000",Airtel Money,3,0.36,0.43,0.61,0.3,Samsung,South Korea,Premium,New,2126866,9.5,Physical Store,Mobile Money,0,1,0.238,0.58,1.0,0.686,1.0,1.0,0.608,0.54,1
CUST_04430,25,Female,Dar es Salaam,Christian,Sukuma,Diploma,"500,001-1,000,000",M-Pesa,2,0.31,0.56,0.69,0.3,Infinix,China,Mid-Range,New,482863,7.0,Physical Store,Mobile Money,0,1,0.324,0.483,1.0,0.869,1.0,1.0,0.501,0.72,1
CUST_03325,20,Female,Dar es Salaam,Christian,Others,Diploma,"500,001-1,000,000",Airtel Money,2,0.25,0.78,0.68,0.3,Vivo,China,Mid-Range,New,380732,6.6,Online,Card,0,12,0.258,0.449,1.0,0.73,1.0,1.0,0.469,0.72,1
CUST_01679,17,Male,Dar es Salaam,Christian,Others,No formal,"500,001-1,000,000",Tigo Pesa,5,0.62,0.41,0.5,0.7,Nokia,Finland,Mid-Range,New,512532,6.3,Physical Store,Mobile Money,0,2,0.475,0.315,1.0,0.713,1.0,1.0,0.631,0.68,1
CUST_01497,52,Male,Dar es Salaam,Christian,Nyamwezi,Secondary,"200,000-500,000",Tigo Pesa,3,0.1,0.92,0.45,0.5,Samsung,South Korea,Premium,New,2080219,9.7,Physical Store,Cash,0,2,0.0,0.436,1.0,0.99,1.0,1.0,0.347,0.57,1
CUST_03215,18,Female,Mwanza,Muslim,Others,Secondary,"<200,000",M-Pesa,3,0.15,0.71,0.85,0.3,Apple,USA,Premium,New,1512605,8.9,Online,Cash,1,12,0.105,0.756,0.9,0.894,1.0,1.0,0.65,0.63,1
CUST_02897,24,Female,Mbeya,Christian,Haya,No formal,"200,000-500,000",M-Pesa,3,0.21,0.9,0.77,0.0,Apple,USA,Premium,New,613088,9.4,Mobile,Mobile Money,0,1,0.54,0.724,1.0,1.036,1.0,1.0,0.841,0.84,1
CUST_02705,31,Female,Dodoma,Christian,Chagga,Primary,"500,001-1,000,000",Tigo Pesa,2,0.29,0.79,0.37,0.5,Xiaomi,China,Mid-Range,New,428136,6.1,Physical Store,Cash,0,2,0.154,0.226,1.0,0.977,1.0,1.0,0.535,0.68,1
CUST_04951,20,Female,Mwanza,Muslim,Others,Secondary,"200,000-500,000",M-Pesa,1,0.4,0.87,0.43,0.3,Itel,China,Budget,New,235477,5.0,Physical Store,Mobile Money,1,1,0.0,0.215,0.9,0.995,1.0,1.0,0.559,0.65,1
CUST_03604,42,Female,Dodoma,Christian,Makonde,Primary,"500,001-1,000,000",M-Pesa,5,0.07,0.48,0.54,0.5,Tecno,China,Mid-Range,New,546746,6.4,Physical Store,Cash,1,2,0.344,0.346,1.0,0.734,1.0,1.0,0.681,0.67,1
CUST_03524,31,Female,Arusha,Christian,Sukuma,Primary,"500,001-1,000,000",M-Pesa,4,0.38,0.52,0.32,0.5,Samsung,South Korea,Premium,New,2016732,8.4,Online,Cash,1,1,0.126,0.269,1.0,1.061,1.0,1.0,0.41,0.5,1
CUST_02101,36,Male,Mwanza,Christian,Sukuma,Primary,">2,000,000",M-Pesa,3,0.2,0.39,0.89,0.5,Nokia,Finland,Mid-Range,New,552943,7.8,Physical Store,Card,1,1,0.461,0.694,1.0,0.575,1.0,1.0,0.645,0.76,1
CUST_00966,29,Female,Mwanza,Christian,Others,Secondary,"<200,000",M-Pesa,3,0.4,0.8,0.44,0.7,Samsung,South Korea,Premium,New,1918705,8.5,Physical Store,Mobile Money,0,12,0.0,0.374,1.0,0.623,1.0,1.0,0.608,0.53,1
CUST_00242,20,Male,Morogoro,Muslim,Others,Secondary,"200,000-500,000",Tigo Pesa,4,0.03,0.77,0.72,0.3,Itel,China,Budget,Used,105121,4.8,Physical Store,Mobile Money,1,2,0.46,0.346,0.9,0.511,0.6,1.0,0.519,0.67,1
CUST_00727,41,Female,Dodoma,Christian,Chagga,Master+,"200,000-500,000",Airtel Money,1,0.65,0.88,0.37,0.7,Samsung,South Korea,Premium,New,1623878,9.6,Physical Store,Cash,0,2,0.0,0.355,1.0,1.135,1.0,1.0,0.542,0.65,1
CUST_02652,32,Female,Dar es Salaam,Other,Sukuma,Primary,"500,001-1,000,000",Tigo Pesa,3,0.2,0.71,0.59,0.0,Nokia,Finland,Mid-Range,Used,152636,6.9,Physical Store,Card,0,1,0.729,0.407,1.0,0.902,0.6,1.0,0.674,0.78,1
CUST_03519,16,Female,Tanga,Christian,Others,Primary,"<200,000",M-Pesa,1,0.18,0.94,0.49,0.0,Infinix,China,Mid-Range,New,318767,7.0,Mobile,Cash,0,2,0.251,0.343,1.0,0.964,1.0,1.0,0.603,0.76,1
CUST_02827,27,Male,Arusha,Muslim,Others,Bachelor,"500,001-1,000,000",M-Pesa,3,0.48,0.72,0.7,0.3,Oppo,China,Mid-Range,New,562208,7.1,Physical Store,Mobile Money,0,12,0.0,0.497,0.9,0.564,1.0,1.0,0.305,0.71,1
CUST_04943,15,Male,Mwanza,Christian,Others,Diploma,"<200,000",M-Pesa,3,0.32,0.82,0.57,0.3,Tecno,China,Mid-Range,New,364075,6.8,Online,Cash,0,2,0.254,0.388,1.0,0.751,1.0,1.0,0.458,0.74,1
CUST_04611,15,Female,Dar es Salaam,Muslim,Others,Diploma,"<200,000",Airtel Money,3,0.07,0.85,0.39,1.0,Infinix,China,Mid-Range,Used,242607,5.6,Physical Store,Cash,0,12,0.484,0.218,0.9,0.552,0.6,0.8,0.577,0.69,1
CUST_03757,16,Male,Dar es Salaam,Christian,Sukuma,Secondary,"200,000-500,000",Halopesa,4,0.55,0.7,0.57,0.5,Samsung,South Korea,Premium,New,1978051,9.4,Physical Store,Cash,0,1,0.0,0.536,1.0,0.62,1.0,1.0,0.526,0.57,1
CUST_03639,23,Male,Mbeya,Christian,Others,Secondary,"200,000-500,000",Tigo Pesa,3,0.11,0.78,0.6,1.0,Vivo,China,Mid-Range,New,404839,6.4,Physical Store,Cash,1,2,0.211,0.384,1.0,0.726,1.0,0.8,0.347,0.7,1
CUST_00574,21,Female,Dar es Salaam,Christian,Sukuma,Primary,"<200,000",Halopesa,1,0.31,0.8,0.38,0.3,Oppo,China,Mid-Range,New,428406,6.3,Online,Cash,0,1,0.143,0.239,1.0,0.616,1.0,1.0,0.296,0.69,1
CUST_01842,16,Female,Mwanza,Christian,Haya,Secondary,"<200,000",Tigo Pesa,5,0.16,0.74,0.63,0.0,Xiaomi,China,Mid-Range,New,522844,7.7,Physical Store,Cash,0,2,0.033,0.485,1.0,0.84,1.0,1.0,0.303,0.76,1
CUST_04892,22,Male,Mwanza,Christian,Makonde,No formal,"<200,000",Tigo Pesa,3,0.44,0.92,0.34,0.7,Huawei,China,Premium,New,1573521,9.3,Mobile,Mobile Money,0,2,0.0,0.316,1.0,0.885,1.0,1.0,0.354,0.64,1
CUST_00314,24,Female,Tanga,Christian,Nyamwezi,Secondary,"<200,000",M-Pesa,3,0.28,0.84,0.73,1.0,Samsung,South Korea,Premium,New,837269,9.2,Physical Store,Mobile Money,0,1,0.414,0.672,1.0,1.134,1.0,0.8,0.938,0.78,1
CUST_02747,15,Female,Dodoma,Christian,Sukuma,Bachelor,"500,001-1,000,000",Tigo Pesa,2,0.34,0.61,0.67,0.7,Tecno,China,Mid-Range,Used,210197,6.2,Online,Card,0,1,0.679,0.415,1.0,0.843,0.6,1.0,0.704,0.73,1
CUST_01312,19,Male,Dodoma,Christian,Makonde,Secondary,"200,000-500,000",M-Pesa,5,0.64,0.79,0.59,0.3,Oppo,China,Mid-Range,New,361892,7.1,Online,Cash,0,2,0.285,0.419,1.0,0.86,1.0,1.0,0.596,0.75,1
CUST_01735,15,Male,Mbeya,Christian,Others,Secondary,"500,001-1,000,000",Tigo Pesa,2,0.41,0.64,0.79,0.3,Samsung,South Korea,Premium,New,1144932,9.2,Physical Store,Mobile Money,0,2,0.389,0.727,1.0,0.641,1.0,1.0,0.574,0.72,1
CUST_01043,19,Male,Dar es Salaam,Christian,Others,Diploma,"500,001-1,000,000",M-Pesa,4,0.39,0.43,0.59,0.3,Itel,China,Budget,Used,73019,3.6,Mobile,Mobile Money,0,2,0.791,0.212,1.0,0.513,0.6,1.0,0.541,0.6,1
CUST_04530,27,Male,Zanzibar,Muslim,Nyamwezi,Primary,"200,000-500,000",Halopesa,1,0.37,0.84,0.85,0.0,Nokia,Finland,Mid-Range,New,258387,6.4,Physical Store,Card,0,2,0.457,0.544,0.9,0.983,1.0,1.0,0.659,0.73,1
CUST_04871,31,Male,Arusha,Christian,Makonde,Primary,"500,001-1,000,000",M-Pesa,3,0.52,0.58,0.64,0.3,Oppo,China,Mid-Range,Used,438107,6.4,Physical Store,Cash,1,2,0.365,0.41,1.0,0.575,0.6,1.0,0.745,0.7,1
CUST_03844,31,Male,Dar es Salaam,Muslim,Haya,Diploma,">2,000,000",Airtel Money,1,0.3,0.26,0.69,0.3,Tecno,China,Mid-Range,New,414895,6.2,Physical Store,Mobile Money,0,2,0.73,0.428,0.9,0.864,1.0,1.0,0.743,0.69,1
CUST_00638,15,Female,Mwanza,Christian,Nyamwezi,Diploma,"500,001-1,000,000",M-Pesa,2,0.67,0.47,0.77,0.3,Tecno,China,Mid-Range,New,571974,7.1,Physical Store,Mobile Money,0,12,0.328,0.547,1.0,0.842,1.0,1.0,0.643,0.71,1
CUST_00833,32,Female,Morogoro,Muslim,Others,Secondary,"500,001-1,000,000",Halopesa,5,0.5,0.47,0.51,0.7,Apple,USA,Premium,New,1722389,8.8,Physical Store,Cash,0,1,0.325,0.449,0.9,0.802,1.0,1.0,0.62,0.58,1
CUST_03170,27,Female,Mwanza,Christian,Others,Master+,"200,000-500,000",Airtel Money,3,0.35,0.91,0.54,1.0,Itel,China,Budget,Used,96563,6.0,Online,Mobile Money,0,2,0.414,0.324,1.0,0.61,0.6,0.8,0.559,0.74,0
CUST_03192,22,Male,Dar es Salaam,Christian,Haya,Secondary,"<200,000",Tigo Pesa,5,0.11,0.77,0.84,0.3,Apple,USA,Premium,New,1073314,8.3,Online,Cash,0,2,0.311,0.697,1.0,0.703,1.0,1.0,0.772,0.68,1
CUST_01822,34,Male,Mbeya,Christian,Gogo,Secondary,"<200,000",M-Pesa,3,0.33,0.94,0.7,0.5,Infinix,China,Mid-Range,New,406395,7.7,Physical Store,Mobile Money,0,2,0.045,0.539,1.0,0.706,1.0,1.0,0.686,0.78,1
CUST_03072,26,Male,Dodoma,Muslim,Gogo,Diploma,"500,001-1,000,000",M-Pesa,4,0.26,0.44,0.54,0.3,Huawei,China,Premium,New,2436916,9.8,Physical Store,Cash,0,11,0.106,0.529,0.9,0.635,1.0,1.0,0.497,0.5,0
CUST_03955,18,Male,Mwanza,Muslim,Others,Diploma,"500,001-1,000,000",M-Pesa,2,0.15,0.66,0.33,0.7,Tecno,China,Mid-Range,New,403605,6.3,Physical Store,Mobile Money,0,2,0.334,0.208,0.9,0.798,1.0,1.0,0.526,0.7,0
CUST_03855,17,Male,Dodoma,Other,Others,Secondary,"200,000-500,000",M-Pesa,3,0.26,0.82,0.53,0.5,Infinix,China,Mid-Range,New,309352,6.4,Mobile,Mobile Money,0,2,0.366,0.339,1.0,0.61,1.0,1.0,0.623,0.72,1
CUST_04257,40,Male,Arusha,Christian,Sukuma,Primary,"200,000-500,000",M-Pesa,3,0.51,0.71,0.84,0.5,Huawei,China,Premium,New,1541100,8.9,Physical Store,Cash,1,2,0.088,0.748,1.0,0.677,1.0,1.0,0.759,0.63,1
CUST_02021,42,Female,Mwanza,Christian,Others,Primary,"500,001-1,000,000",Airtel Money,3,0.13,0.79,0.6,0.7,Huawei,China,Premium,New,2375587,8.8,Online,Cash,1,12,0.0,0.528,1.0,0.715,1.0,1.0,0.451,0.45,0
CUST_04497,23,Female,Dar es Salaam,Christian,Others,Diploma,"200,000-500,000",Tigo Pesa,5,0.12,0.79,0.84,0.0,Vivo,China,Mid-Range,New,258825,7.5,Physical Store,Cash,0,11,0.489,0.63,1.0,0.867,1.0,1.0,0.73,0.8,1
CUST_04287,27,Female,Dodoma,Christian,Others,No formal,"500,001-1,000,000",Tigo Pesa,1,0.35,0.65,0.39,0.5,Samsung,South Korea,Premium,New,2073675,9.2,Physical Store,Card,0,2,0.0,0.359,1.0,1.023,1.0,1.0,0.517,0.54,1
CUST_01966,23,Male,Mbeya,Christian,Others,Secondary,"200,000-500,000",Airtel Money,3,0.22,0.71,0.79,0.5,Nokia,Finland,Mid-Range,New,374057,7.8,Physical Store,Mobile Money,0,1,0.336,0.616,1.0,0.672,1.0,1.0,0.594,0.79,1
CUST_01561,21,Male,Mbeya,Muslim,Gogo,Primary,"1,000,001-2,000,000",Halopesa,1,0.35,0.48,0.4,0.0,Vivo,China,Mid-Range,New,539959,7.4,Physical Store,Cash,0,2,0.352,0.296,0.9,0.965,1.0,1.0,0.68,0.74,1
CUST_04586,33,Female,Dar es Salaam,Christian,Others,Bachelor,"200,000-500,000",M-Pesa,4,0.38,0.94,0.42,0.3,Apple,USA,Premium,New,2188581,9.8,Online,Card,1,1,0.0,0.412,1.0,0.696,1.0,1.0,0.528,0.55,1
CUST_03073,33,Female,Tanga,Christian,Others,Primary,"200,000-500,000",Airtel Money,4,0.26,0.98,0.53,0.3,Huawei,China,Premium,New,2202095,9.2,Online,Cash,0,2,0.0,0.488,1.0,0.547,1.0,1.0,0.256,0.51,1
CUST_04838,33,Male,Mwanza,Christian,Haya,Secondary,"200,000-500,000",Tigo Pesa,5,0.51,0.94,0.49,0.0,Itel,China,Budget,New,146218,5.0,Online,Mobile Money,1,10,0.084,0.245,1.0,0.617,1.0,1.0,0.49,0.67,1
CUST_00320,38,Male,Mwanza,Muslim,Others,Primary,"200,000-500,000",M-Pesa,1,0.15,0.96,0.38,0.5,Nokia,Finland,Mid-Range,New,469856,6.2,Physical Store,Mobile Money,0,2,0.0,0.236,0.9,0.982,1.0,1.0,0.319,0.68,0
CUST_00506,15,Male,Mwanza,Muslim,Nyamwezi,Primary,"200,000-500,000",M-Pesa,5,0.23,0.76,0.69,0.5,Huawei,China,Premium,New,1040796,8.9,Physical Store,Mobile Money,1,9,0.341,0.614,0.9,0.719,1.0,1.0,0.556,0.73,1
CUST_03160,20,Male,Dar es Salaam,Muslim,Others,Primary,"500,001-1,000,000",Tigo Pesa,4,0.54,0.64,0.57,0.3,Itel,China,Budget,New,144235,6.6,Physical Store,Cash,1,2,0.385,0.376,0.9,0.61,1.0,1.0,0.548,0.77,1
CUST_02302,33,Male,Morogoro,Christian,Sukuma,Primary,"500,001-1,000,000",Tigo Pesa,4,0.09,0.64,0.86,0.5,Samsung,South Korea,Premium,New,2321668,9.3,Physical Store,Mobile Money,0,2,0.0,0.8,1.0,1.072,1.0,1.0,0.694,0.49,1
CUST_00832,22,Male,Dar es Salaam,Christian,Others,Bachelor,"<200,000",Airtel Money,3,0.38,0.85,0.79,0.3,Tecno,China,Mid-Range,New,288047,6.5,Online,Mobile Money,0,2,0.388,0.514,1.0,0.838,1.0,1.0,0.543,0.73,1
CUST_01948,16,Female,Mwanza,Christian,Others,Secondary,"200,000-500,000",M-Pesa,3,0.12,0.99,0.3,0.7,Nokia,Finland,Mid-Range,New,472943,7.9,Mobile,Card,1,2,0.0,0.237,1.0,0.74,1.0,1.0,0.246,0.78,1
CUST_01057,15,Male,Dar es Salaam,Christian,Haya,No formal,"200,000-500,000",Tigo Pesa,2,0.25,0.96,0.31,1.0,Vivo,China,Mid-Range,Used,154556,5.9,Physical Store,Cash,0,2,0.629,0.183,1.0,0.661,0.6,0.8,0.52,0.72,1
CUST_03040,20,Male,Tanga,Other,Others,Bachelor,"500,001-1,000,000",None,4,0.29,0.59,0.79,0.5,Xiaomi,China,Mid-Range,New,419044,7.4,Online,Mobile Money,0,2,0.382,0.585,1.0,0.929,1.0,1.0,0.938,0.76,1
CUST_02546,22,Female,Arusha,Muslim,Gogo,Bachelor,"500,001-1,000,000",None,2,0.1,0.52,0.88,0.3,Apple,USA,Premium,New,619319,9.3,Physical Store,Cash,0,2,0.732,0.818,0.9,0.897,1.0,1.0,0.828,0.83,1
CUST_00816,33,Female,Dodoma,Christian,Others,Diploma,"1,000,001-2,000,000",Tigo Pesa,3,0.48,0.38,0.35,0.5,Tecno,China,Mid-Range,Used,258986,6.8,Physical Store,Cash,0,1,0.754,0.238,1.0,0.724,0.6,1.0,0.743,0.76,1
CUST_04511,30,Female,Zanzibar,Muslim,Makonde,Secondary,"<200,000",M-Pesa,4,0.26,0.85,0.49,0.5,Xiaomi,China,Mid-Range,New,462310,7.9,Physical Store,Cash,0,2,0.018,0.387,0.9,0.559,1.0,1.0,0.519,0.78,1
CUST_02634,28,Male,Arusha,Christian,Haya,No formal,"<200,000",Halopesa,1,0.3,0.96,0.59,0.0,Vivo,China,Mid-Range,New,276787,6.6,Physical Store,Mobile Money,0,2,0.336,0.389,1.0,0.836,1.0,1.0,0.44,0.74,1
CUST_01802,24,Male,Mwanza,Muslim,Nyamwezi,No formal,"<200,000",Halopesa,5,0.59,0.76,0.85,0.5,Samsung,South Korea,Premium,New,1491956,9.9,Online,Card,0,2,0.055,0.842,0.9,1.193,1.0,1.0,0.585,0.7,1
CUST_02802,42,Female,Morogoro,Muslim,Gogo,Secondary,"500,001-1,000,000",Tigo Pesa,5,0.15,0.64,0.85,0.5,Apple,USA,Premium,New,967333,8.5,Online,Card,0,1,0.484,0.722,0.9,0.722,1.0,1.0,0.718,0.72,1
CUST_04334,25,Female,Arusha,Christian,Others,Primary,"200,000-500,000",Tigo Pesa,2,0.28,0.75,0.68,0.7,Itel,China,Budget,New,162366,6.2,Physical Store,Cash,1,2,0.188,0.422,1.0,0.501,1.0,1.0,0.667,0.74,1
CUST_02942,41,Male,Dodoma,Christian,Sukuma,No formal,"500,001-1,000,000",Airtel Money,1,0.27,0.7,0.82,0.7,Samsung,South Korea,Premium,New,2122662,8.2,Physical Store,Mobile Money,0,1,0.0,0.672,1.0,0.643,1.0,1.0,0.587,0.47,0
CUST_01129,22,Male,Mwanza,Christian,Chagga,No formal,">2,000,000",Halopesa,3,0.24,0.28,0.33,0.0,Tecno,China,Mid-Range,New,323555,6.6,Online,Cash,0,2,0.774,0.218,1.0,0.975,1.0,1.0,0.777,0.73,1
CUST_02847,25,Male,Tanga,Christian,Others,Bachelor,"<200,000",M-Pesa,4,0.33,0.9,0.69,0.5,Xiaomi,China,Mid-Range,New,418419,7.4,Physical Store,Cash,0,1,0.059,0.511,1.0,0.544,1.0,1.0,0.45,0.76,1
CUST_02534,40,Male,Mwanza,Christian,Nyamwezi,Secondary,"200,000-500,000",M-Pesa,5,0.4,0.99,0.83,0.3,Samsung,South Korea,Premium,New,1735737,8.9,Physical Store,Mobile Money,0,2,0.0,0.739,1.0,1.187,1.0,1.0,0.63,0.59,1
CUST_03588,33,Male,Dar es Salaam,Christian,Others,Primary,"500,001-1,000,000",Halopesa,3,0.31,0.72,0.84,0.5,Itel,China,Budget,New,137070,4.2,Physical Store,Mobile Money,1,2,0.342,0.353,1.0,0.717,1.0,1.0,0.495,0.62,1
CUST_03174,25,Male,Arusha,Christian,Others,Diploma,"200,000-500,000",M-Pesa,2,0.41,0.76,0.63,0.0,Oppo,China,Mid-Range,New,468931,6.4,Physical Store,Mobile Money,0,2,0.109,0.403,1.0,0.8,1.0,1.0,0.543,0.69,1
CUST_02939,19,Male,Dodoma,Christian,Others,Secondary,"200,000-500,000",Tigo Pesa,3,0.14,0.83,0.75,0.3,Nokia,Finland,Mid-Range,New,365517,7.1,Physical Store,Mobile Money,0,2,0.242,0.532,1.0,0.716,1.0,1.0,0.522,0.75,1
CUST_01287,15,Female,Mwanza,Other,Others,Primary,"<200,000",M-Pesa,2,0.16,0.83,0.36,0.3,Infinix,China,Mid-Range,New,341522,7.5,Physical Store,Cash,0,2,0.291,0.27,1.0,0.762,1.0,1.0,0.533,0.78,1
CUST_02806,21,Male,Tanga,Muslim,Gogo,Diploma,"1,000,001-2,000,000",Tigo Pesa,1,0.6,0.16,0.71,0.3,Xiaomi,China,Mid-Range,Used,197311,5.9,Physical Store,Card,0,1,0.921,0.419,0.9,0.6,0.6,1.0,0.7,0.71,1
CUST_03841,19,Female,Mbeya,Christian,Others,No formal,"200,000-500,000",Airtel Money,3,0.65,0.9,0.42,0.7,Huawei,China,Premium,New,907500,9.5,Online,Cash,0,2,0.319,0.399,1.0,0.691,1.0,1.0,0.586,0.79,0
CUST_04078,27,Female,Dar es Salaam,Christian,Others,Secondary,"200,000-500,000",M-Pesa,4,0.11,0.86,0.75,0.5,Nokia,Finland,Mid-Range,New,569422,7.5,Physical Store,Cash,0,1,0.0,0.562,1.0,0.639,1.0,1.0,0.572,0.74,1
CUST_00590,29,Male,Dar es Salaam,Christian,Others,Secondary,"200,000-500,000",Halopesa,2,0.08,0.88,0.62,0.0,Apple,USA,Premium,New,1126012,8.5,Online,Mobile Money,0,2,0.174,0.527,1.0,1.162,1.0,1.0,0.442,0.68,1
CUST_03713,17,Male,Dar es Salaam,Christian,Nyamwezi,Secondary,"1,000,001-2,000,000",M-Pesa,5,0.09,0.48,0.35,0.5,Tecno,China,Mid-Range,New,427117,6.3,Physical Store,Card,0,2,0.487,0.22,1.0,0.96,1.0,1.0,0.442,0.69,0
CUST_02481,32,Male,Dodoma,Muslim,Gogo,Diploma,">2,000,000",Halopesa,4,0.39,0.17,0.76,0.7,Tecno,China,Mid-Range,New,475527,7.6,Physical Store,Cash,0,2,0.798,0.578,0.9,0.529,1.0,1.0,0.663,0.76,1
CUST_02461,37,Female,Mbeya,Christian,Others,Secondary,"<200,000",M-Pesa,4,0.44,0.88,0.57,0.3,Xiaomi,China,Mid-Range,New,424011,7.2,Physical Store,Cash,0,2,0.067,0.41,1.0,0.988,1.0,1.0,0.569,0.75,1
CUST_04023,28,Male,Morogoro,Christian,Gogo,Primary,"200,000-500,000",Tigo Pesa,1,0.31,0.9,0.37,0.5,Vivo,China,Mid-Range,New,559717,6.7,Physical Store,Mobile Money,1,10,0.0,0.248,1.0,0.51,1.0,1.0,0.432,0.69,1
CUST_03006,15,Female,Arusha,Christian,Chagga,Diploma,"200,000-500,000",M-Pesa,2,0.44,0.97,0.58,0.5,Itel,China,Budget,New,225690,5.2,Physical Store,Mobile Money,0,1,0.0,0.302,1.0,0.517,1.0,1.0,0.492,0.67,0
CUST_03580,17,Female,Tanga,Christian,Nyamwezi,Secondary,"500,001-1,000,000",Airtel Money,1,0.47,0.73,0.46,0.0,Nokia,Finland,Mid-Range,New,317207,7.0,Physical Store,Cash,0,2,0.421,0.322,1.0,0.912,1.0,1.0,0.621,0.76,0
CUST_02486,25,Male,Dodoma,Muslim,Chagga,No formal,"<200,000",M-Pesa,5,0.11,0.84,0.66,0.3,Huawei,China,Premium,New,2094695,9.5,Physical Store,Mobile Money,1,2,0.0,0.627,0.9,0.7,1.0,1.0,0.694,0.55,1
CUST_00969,30,Female,Dar es Salaam,Muslim,Others,Primary,"200,000-500,000",Tigo Pesa,3,0.27,0.8,0.61,0.3,Huawei,China,Premium,New,1680268,9.6,Physical Store,Cash,0,2,0.0,0.586,0.9,0.887,1.0,1.0,0.429,0.64,0
CUST_00478,32,Male,Mwanza,Muslim,Others,Primary,"200,000-500,000",Airtel Money,2,0.39,0.77,0.37,0.5,Huawei,China,Premium,New,1804782,9.8,Physical Store,Mobile Money,0,1,0.0,0.363,0.9,0.96,1.0,1.0,0.656,0.63,1
CUST_00089,15,Female,Mbeya,Christian,Haya,Primary,"200,000-500,000",M-Pesa,3,0.06,0.89,0.58,0.3,Tecno,China,Mid-Range,Used,304647,5.1,Online,Mobile Money,0,2,0.322,0.296,1.0,0.578,0.6,1.0,0.498,0.65,1
CUST_04350,34,Female,Mwanza,Christian,Sukuma,Primary,"<200,000",M-Pesa,5,0.81,0.89,0.37,0.7,Huawei,China,Premium,New,1684558,9.5,Physical Store,Cash,0,2,0.0,0.352,1.0,0.778,1.0,1.0,0.397,0.63,1
CUST_02120,34,Male,Mwanza,Muslim,Others,Secondary,"500,001-1,000,000",Airtel Money,3,0.2,0.68,0.38,1.0,Apple,USA,Premium,New,1985849,8.6,Mobile,Cash,0,2,0.0,0.327,0.9,1.197,1.0,0.8,0.491,0.52,1
CUST_03568,23,Female,Mwanza,Muslim,Others,Diploma,"<200,000",M-Pesa,5,0.15,0.83,0.49,0.3,Infinix,China,Mid-Range,New,574811,6.9,Online,Cash,1,1,0.0,0.338,0.9,0.609,1.0,1.0,0.3,0.7,1
CUST_01960,25,Male,Dodoma,Christian,Sukuma,Secondary,"200,000-500,000",Tigo Pesa,4,0.37,0.88,0.47,0.3,Nokia,Finland,Mid-Range,New,279254,7.6,Physical Store,Cash,1,12,0.386,0.357,1.0,0.744,1.0,1.0,0.637,0.8,0
CUST_00315,27,Male,Dar es Salaam,Christian,Others,Primary,"<200,000",M-Pesa,4,0.37,0.71,0.77,0.0,Samsung,South Korea,Premium,New,743752,8.5,Physical Store,Card,1,1,0.56,0.654,1.0,1.035,1.0,1.0,0.759,0.76,1
CUST_04220,15,Female,Dar es Salaam,Christian,Others,Secondary,"1,000,001-2,000,000",M-Pesa,1,0.25,0.36,0.68,0.3,Tecno,China,Mid-Range,New,298418,7.3,Physical Store,Cash,0,2,0.731,0.496,1.0,0.601,1.0,1.0,0.679,0.78,1
CUST_02104,23,Female,Dar es Salaam,Christian,Chagga,Diploma,"200,000-500,000",Halopesa,2,0.19,0.98,0.55,0.3,Vivo,China,Mid-Range,New,364025,6.3,Physical Store,Cash,0,1,0.108,0.347,1.0,0.731,1.0,1.0,0.418,0.71,1
CUST_00702,47,Male,Morogoro,Christian,Sukuma,Diploma,"500,001-1,000,000",Halopesa,3,0.39,0.47,0.31,0.5,Infinix,China,Mid-Range,New,535169,6.3,Online,Cash,0,2,0.371,0.195,1.0,0.963,1.0,1.0,0.747,0.67,1
CUST_04254,27,Female,Arusha,Christian,Sukuma,Diploma,"200,000-500,000",Tigo Pesa,5,0.29,0.85,0.57,0.5,Nokia,Finland,Mid-Range,New,422629,6.2,Physical Store,Mobile Money,0,2,0.102,0.353,1.0,0.991,1.0,1.0,0.4,0.69,1
CUST_00380,26,Female,Tanga,Other,Others,Secondary,"<200,000",M-Pesa,3,0.23,0.87,0.35,0.3,Nokia,Finland,Mid-Range,New,478266,6.3,Physical Store,Cash,0,2,0.0,0.22,1.0,0.736,1.0,1.0,0.525,0.68,1
CUST_04938,20,Female,Mbeya,Muslim,Others,Primary,"<200,000",M-Pesa,4,0.4,0.9,0.52,0.3,Infinix,China,Mid-Range,New,499214,6.6,Physical Store,Mobile Money,0,2,0.0,0.343,0.9,0.59,1.0,1.0,0.531,0.7,1
CUST_00307,36,Male,Dodoma,Muslim,Chagga,Diploma,"200,000-500,000",M-Pesa,4,0.27,1.0,0.43,0.0,Vivo,China,Mid-Range,New,552847,6.5,Mobile,Mobile Money,0,2,0.0,0.28,0.9,0.713,1.0,1.0,0.28,0.68,1
CUST_03238,35,Male,Mwanza,Muslim,Gogo,Bachelor,"200,000-500,000",M-Pesa,3,0.14,0.74,0.49,0.5,Huawei,China,Premium,New,720567,9.2,Physical Store,Cash,0,2,0.556,0.451,0.9,0.818,1.0,1.0,0.517,0.81,0
CUST_04366,31,Male,Mbeya,Christian,Nyamwezi,Secondary,"500,001-1,000,000",M-Pesa,3,0.52,0.6,0.48,0.7,Itel,China,Budget,New,172320,4.3,Physical Store,Mobile Money,0,2,0.311,0.206,1.0,0.578,1.0,1.0,0.558,0.62,1
CUST_04957,34,Male,Dar es Salaam,Muslim,Others,Diploma,"200,000-500,000",Tigo Pesa,2,0.05,0.76,0.84,0.5,Infinix,China,Mid-Range,New,576451,6.0,Physical Store,Cash,1,12,0.0,0.504,0.9,0.562,1.0,1.0,0.34,0.64,1
CUST_00926,28,Female,Dodoma,Christian,Haya,Primary,"<200,000",Airtel Money,4,0.18,0.78,0.51,0.7,Vivo,China,Mid-Range,New,270797,6.8,Physical Store,Cash,0,2,0.472,0.347,1.0,0.823,1.0,1.0,0.62,0.75,1
CUST_04675,29,Female,Dar es Salaam,Christian,Makonde,Diploma,"200,000-500,000",M-Pesa,1,0.22,0.74,0.55,0.5,Infinix,China,Mid-Range,New,485345,6.9,Online,Cash,1,2,0.102,0.38,1.0,0.704,1.0,1.0,0.481,0.72,1
CUST_00586,18,Female,Dodoma,Christian,Gogo,Primary,"200,000-500,000",Tigo Pesa,4,0.4,0.87,0.5,0.0,Huawei,China,Premium,New,2041467,9.9,Physical Store,Card,1,2,0.0,0.495,1.0,0.868,1.0,1.0,0.598,0.59,1
CUST_03754,37,Male,Tanga,Christian,Others,No formal,"<200,000",Tigo Pesa,3,0.37,0.92,0.79,0.0,Nokia,Finland,Mid-Range,Used,385555,6.9,Online,Mobile Money,0,2,0.113,0.545,1.0,0.851,0.6,1.0,0.523,0.74,0
CUST_04340,33,Female,Dodoma,Christian,Others,Primary,"500,001-1,000,000",Halopesa,2,0.31,0.74,0.43,0.3,Vivo,China,Mid-Range,New,577228,6.3,Physical Store,Cash,0,2,0.0,0.271,1.0,0.783,1.0,1.0,0.632,0.66,1
CUST_05000,16,Female,Mwanza,Muslim,Sukuma,Bachelor,"500,001-1,000,000",Tigo Pesa,3,0.2,0.56,0.32,0.5,Nokia,Finland,Mid-Range,New,378500,6.9,Online,Cash,0,2,0.47,0.221,0.9,0.501,1.0,1.0,0.574,0.74,1
CUST_04882,28,Male,Dar es Salaam,Christian,Haya,Primary,"500,001-1,000,000",Tigo Pesa,5,0.11,0.65,0.72,0.3,Tecno,China,Mid-Range,New,580467,7.0,Physical Store,Mobile Money,0,1,0.057,0.504,1.0,0.637,1.0,1.0,0.599,0.7,1
CUST_02695,32,Male,Mbeya,Christian,Others,Primary,"<200,000",M-Pesa,3,0.11,0.89,0.85,0.7,Nokia,Finland,Mid-Range,New,329802,7.8,Physical Store,Cash,1,1,0.266,0.663,1.0,0.89,1.0,1.0,0.861,0.8,1
CUST_03694,51,Female,Dar es Salaam,Christian,Others,No formal,"200,000-500,000",Tigo Pesa,4,0.35,0.89,0.84,0.5,Xiaomi,China,Mid-Range,New,462292,7.3,Physical Store,Card,1,2,0.0,0.613,1.0,0.818,1.0,1.0,0.564,0.75,1
CUST_03469,26,Male,Tanga,Christian,Haya,No formal,"<200,000",Tigo Pesa,3,0.26,0.89,0.72,0.3,Vivo,China,Mid-Range,New,304231,7.4,Physical Store,Mobile Money,0,12,0.323,0.533,1.0,0.862,1.0,1.0,0.634,0.78,1
CUST_01236,29,Female,Arusha,Muslim,Chagga,Primary,"200,000-500,000",Tigo Pesa,4,0.42,0.76,0.83,0.3,Xiaomi,China,Mid-Range,New,440105,7.1,Online,Mobile Money,0,1,0.164,0.589,0.9,0.733,1.0,1.0,0.545,0.74,1
CUST_03960,23,Female,Arusha,Muslim,Sukuma,Secondary,"200,000-500,000",Airtel Money,2,0.43,0.9,0.76,0.3,Huawei,China,Premium,New,1838220,9.5,Mobile,Mobile Money,0,2,0.0,0.722,0.9,0.539,1.0,1.0,0.597,0.6,1
CUST_04757,42,Male,Dodoma,Muslim,Nyamwezi,Primary,"<200,000",Airtel Money,1,0.21,0.91,0.37,0.0,Itel,China,Budget,New,144102,4.4,Online,Cash,0,2,0.126,0.163,0.9,0.784,1.0,1.0,0.523,0.64,1
CUST_01111,28,Male,Mwanza,Christian,Others,Secondary,">2,000,000",M-Pesa,5,0.03,0.12,0.63,0.3,Infinix,China,Mid-Range,New,303097,8.0,Physical Store,Mobile Money,0,1,0.909,0.504,1.0,0.59,1.0,1.0,0.564,0.82,1
CUST_01884,21,Male,Zanzibar,Christian,Others,Secondary,"200,000-500,000",Airtel Money,2,0.29,0.89,0.33,1.0,Apple,USA,Premium,New,912615,9.6,Mobile,Mobile Money,1,2,0.323,0.317,1.0,1.075,1.0,0.8,0.555,0.79,1
CUST_04066,30,Male,Dodoma,Christian,Sukuma,No formal,"1,000,001-2,000,000",Tigo Pesa,2,0.51,0.12,0.85,0.3,Nokia,Finland,Mid-Range,New,304869,6.9,Physical Store,Mobile Money,1,12,0.909,0.586,1.0,0.577,1.0,1.0,0.732,0.75,1
CUST_01641,19,Female,Arusha,Christian,Sukuma,Secondary,"<200,000",Airtel Money,3,0.44,0.91,0.63,0.0,Infinix,China,Mid-Range,New,526431,6.2,Physical Store,Mobile Money,0,2,0.0,0.391,1.0,0.755,1.0,1.0,0.379,0.67,1
CUST_03564,23,Female,Mwanza,Muslim,Sukuma,Bachelor,"<200,000",Tigo Pesa,3,0.37,0.87,0.31,0.5,Vivo,China,Mid-Range,New,466038,7.5,Physical Store,Cash,0,2,0.0,0.232,0.9,0.988,1.0,1.0,0.492,0.76,1
CUST_01681,15,Male,Mwanza,Christian,Sukuma,Primary,"200,000-500,000",M-Pesa,3,0.2,1.0,0.51,0.3,Itel,China,Budget,New,234481,6.0,Physical Store,Mobile Money,0,11,0.0,0.306,1.0,0.573,1.0,1.0,0.17,0.71,0
CUST_04478,15,Female,Zanzibar,Christian,Others,Diploma,"500,001-1,000,000",Airtel Money,4,0.25,0.73,0.86,0.0,Samsung,South Korea,Premium,New,1945723,8.1,Physical Store,Cash,0,1,0.0,0.697,1.0,0.764,1.0,1.0,0.596,0.5,1
CUST_00893,30,Male,Dodoma,Christian,Others,Secondary,"<200,000",Airtel Money,2,0.22,0.77,0.36,0.5,Huawei,China,Premium,New,831648,8.5,Online,Cash,1,1,0.466,0.306,1.0,0.593,1.0,1.0,0.626,0.74,0
CUST_04492,23,Female,Morogoro,Christian,Others,Secondary,">2,000,000",M-Pesa,4,0.4,0.49,0.34,1.0,Samsung,South Korea,Premium,New,1059826,8.7,Physical Store,Cash,0,2,0.567,0.296,1.0,1.08,1.0,0.8,0.744,0.71,0
CUST_02057,27,Male,Arusha,Christian,Nyamwezi,No formal,"<200,000",M-Pesa,3,0.29,0.89,0.78,1.0,Nokia,Finland,Mid-Range,Used,383146,6.9,Physical Store,Mobile Money,1,1,0.148,0.538,1.0,0.828,0.6,0.8,0.599,0.74,1
CUST_04108,28,Male,Mwanza,Christian,Others,Secondary,"<200,000",Halopesa,3,0.27,0.96,0.62,0.3,Tecno,China,Mid-Range,Used,225123,5.6,Physical Store,Cash,0,1,0.46,0.347,1.0,0.87,0.6,1.0,0.528,0.69,1
CUST_00734,19,Male,Arusha,Muslim,Others,Secondary,"200,000-500,000",Halopesa,3,0.11,0.76,0.75,0.3,Samsung,South Korea,Premium,New,1689855,10.0,Physical Store,Cash,0,12,0.0,0.75,0.9,1.106,1.0,1.0,0.671,0.66,1
CUST_03435,32,Female,Mwanza,Christian,Others,Bachelor,"<200,000",M-Pesa,3,0.05,0.88,0.54,0.5,Apple,USA,Premium,New,769652,9.2,Physical Store,Cash,0,2,0.436,0.497,1.0,0.62,1.0,1.0,0.671,0.8,1
CUST_03167,19,Female,Dar es Salaam,Christian,Others,Secondary,"500,001-1,000,000",M-Pesa,4,0.01,0.79,0.78,0.5,Oppo,China,Mid-Range,Used,272566,5.3,Physical Store,Cash,0,2,0.462,0.413,1.0,0.567,0.6,1.0,0.597,0.66,1
CUST_00717,36,Female,Dar es Salaam,Christian,Sukuma,Secondary,"200,000-500,000",M-Pesa,2,0.07,0.75,0.82,0.5,Itel,China,Budget,Used,95606,5.8,Physical Store,Mobile Money,0,1,0.522,0.476,1.0,0.828,0.6,1.0,0.505,0.73,1
CUST_04936,20,Female,Mbeya,Muslim,Others,No formal,"200,000-500,000",Tigo Pesa,1,0.28,0.98,0.41,0.5,Infinix,China,Mid-Range,New,481672,7.7,Physical Store,Cash,0,1,0.0,0.316,0.9,0.808,1.0,1.0,0.292,0.77,1
CUST_03427,15,Female,Dar es Salaam,Christian,Sukuma,Diploma,"500,001-1,000,000",Airtel Money,2,0.31,0.49,0.5,1.0,Apple,USA,Premium,New,1809381,8.7,Online,Cash,0,2,0.261,0.435,1.0,0.935,1.0,0.8,0.603,0.56,0
CUST_02561,20,Female,Dar es Salaam,Muslim,Sukuma,Secondary,"200,000-500,000",Tigo Pesa,5,0.43,0.79,0.84,1.0,Tecno,China,Mid-Range,Used,267466,6.3,Mobile,Mobile Money,0,11,0.472,0.529,0.9,0.838,0.6,0.8,0.459,0.72,1
CUST_00490,30,Female,Arusha,Christian,Haya,Primary,"200,000-500,000",Airtel Money,3,0.07,0.89,0.39,0.5,Apple,USA,Premium,New,841411,8.5,Physical Store,Cash,0,2,0.376,0.332,1.0,0.704,1.0,1.0,0.695,0.74,1
CUST_00043,35,Male,Morogoro,Muslim,Others,Secondary,"1,000,001-2,000,000",M-Pesa,1,0.21,0.42,0.42,0.0,Huawei,China,Premium,New,1389015,8.1,Online,Mobile Money,0,1,0.514,0.34,0.9,0.728,1.0,1.0,0.749,0.61,1
CUST_04225,35,Female,Dodoma,Christian,Others,Secondary,">2,000,000",Tigo Pesa,3,0.06,0.43,0.62,0.5,Apple,USA,Premium,New,1677294,8.1,Physical Store,Mobile Money,1,2,0.399,0.502,1.0,1.036,1.0,1.0,0.766,0.55,1
CUST_00095,42,Female,Mbeya,Christian,Nyamwezi,Master+,"<200,000",Airtel Money,3,0.04,0.74,0.36,0.5,Samsung,South Korea,Premium,New,2123698,9.0,Physical Store,Mobile Money,0,2,0.0,0.324,1.0,0.607,1.0,1.0,0.346,0.52,1
CUST_02348,15,Female,Dar es Salaam,Christian,Sukuma,Diploma,"200,000-500,000",Airtel Money,3,0.29,0.89,0.89,0.5,Infinix,China,Mid-Range,New,562615,6.0,Physical Store,Cash,0,2,0.0,0.534,1.0,0.799,1.0,1.0,0.419,0.65,0
CUST_02566,29,Female,Arusha,Christian,Others,Secondary,"200,000-500,000",Tigo Pesa,4,0.28,0.92,0.36,0.0,Vivo,China,Mid-Range,New,371010,6.9,Online,Mobile Money,0,2,0.147,0.248,1.0,0.858,1.0,1.0,0.306,0.74,1
CUST_01827,20,Female,Zanzibar,Christian,Others,Primary,"200,000-500,000",Halopesa,3,0.35,0.73,0.81,0.3,Apple,USA,Premium,New,2201960,8.7,Online,Card,0,2,0.0,0.705,1.0,0.743,1.0,1.0,0.572,0.48,1
CUST_01143,40,Female,Morogoro,Muslim,Others,Primary,"200,000-500,000",Tigo Pesa,3,0.28,0.78,0.74,0.5,Huawei,China,Premium,New,1948228,10.0,Physical Store,Card,1,2,0.0,0.74,0.9,0.873,1.0,1.0,0.424,0.61,1
CUST_04937,40,Female,Mbeya,Christian,Others,Secondary,"<200,000",M-Pesa,3,0.38,0.93,0.7,0.5,Tecno,China,Mid-Range,New,272327,6.8,Physical Store,Cash,1,1,0.367,0.476,1.0,0.974,1.0,1.0,0.472,0.75,1
CUST_01665,15,Female,Mbeya,Christian,Sukuma,No formal,"500,001-1,000,000",Tigo Pesa,3,0.26,0.63,0.54,0.3,Xiaomi,China,Mid-Range,New,337734,7.3,Physical Store,Mobile Money,1,2,0.468,0.394,1.0,0.621,1.0,1.0,0.726,0.77,1
CUST_03192,22,Male,Dar es Salaam,Christian,Haya,Secondary,"<200,000",Tigo Pesa,5,0.11,0.77,0.84,0.3,Infinix,China,Mid-Range,New,354475,7.0,Mobile,Card,1,2,0.318,0.588,1.0,0.766,1.0,1.0,0.625,0.75,1
CUST_02790,49,Female,Dar es Salaam,Muslim,Others,No formal,"200,000-500,000",M-Pesa,4,0.21,0.8,0.89,1.0,Nokia,Finland,Mid-Range,Used,335501,5.5,Physical Store,Mobile Money,0,11,0.329,0.49,0.9,0.872,0.6,0.8,0.685,0.66,1
CUST_04753,21,Female,Mwanza,Christian,Others,No formal,"<200,000",M-Pesa,4,0.04,0.72,0.67,0.3,Huawei,China,Premium,New,2360520,8.6,Physical Store,Cash,0,1,0.0,0.576,1.0,0.824,1.0,1.0,0.443,0.44,1
CUST_03342,17,Male,Arusha,Christian,Others,Diploma,"200,000-500,000",Halopesa,3,0.51,0.91,0.41,0.7,Oppo,China,Mid-Range,New,381955,6.3,Physical Store,Mobile Money,0,12,0.131,0.258,1.0,0.887,1.0,1.0,0.436,0.7,1
CUST_03635,35,Female,Mbeya,Muslim,Others,Secondary,"500,001-1,000,000",Halopesa,1,0.39,0.47,0.64,0.3,Huawei,China,Premium,New,1269549,9.7,Physical Store,Cash,0,1,0.503,0.621,0.9,0.6,1.0,1.0,0.47,0.73,1
CUST_01077,39,Male,Mwanza,Other,Others,Primary,"500,001-1,000,000",Halopesa,2,0.2,0.53,0.83,0.0,Samsung,South Korea,Premium,New,1143072,9.2,Physical Store,Mobile Money,1,1,0.495,0.764,1.0,0.676,1.0,1.0,0.738,0.72,1
CUST_01777,28,Male,Mbeya,Muslim,Sukuma,Diploma,"<200,000",M-Pesa,3,0.15,0.82,0.37,0.5,Infinix,China,Mid-Range,New,588996,6.0,Physical Store,Cash,1,12,0.0,0.222,0.9,0.559,1.0,1.0,0.251,0.64,1
CUST_02648,23,Male,Tanga,Christian,Nyamwezi,Secondary,"<200,000",Tigo Pesa,4,0.39,0.75,0.83,0.7,Samsung,South Korea,Premium,New,2468233,8.5,Physical Store,Cash,0,2,0.0,0.705,1.0,0.96,1.0,1.0,0.432,0.42,1
CUST_02897,24,Female,Mbeya,Christian,Haya,No formal,"200,000-500,000",M-Pesa,3,0.21,0.9,0.77,0.0,Infinix,China,Mid-Range,New,539365,7.4,Online,Mobile Money,0,2,0.0,0.57,1.0,0.791,1.0,1.0,0.367,0.74,1
CUST_04867,16,Female,Zanzibar,Christian,Makonde,Bachelor,"500,001-1,000,000",Tigo Pesa,5,0.18,0.66,0.43,0.3,Apple,USA,Premium,New,2413259,9.9,Physical Store,Mobile Money,0,2,0.0,0.426,1.0,0.857,1.0,1.0,0.501,0.51,1
CUST_04246,17,Female,Dodoma,Christian,Others,Diploma,"<200,000",Airtel Money,1,0.48,0.72,0.54,0.5,Xiaomi,China,Mid-Range,Used,440780,7.0,Physical Store,Cash,0,2,0.207,0.378,1.0,0.612,0.6,1.0,0.34,0.73,1
CUST_00432,25,Female,Tanga,Muslim,Chagga,No formal,"<200,000",Airtel Money,3,0.31,0.94,0.35,0.0,Oppo,China,Mid-Range,New,329440,6.2,Physical Store,Cash,0,2,0.226,0.217,0.9,0.722,1.0,1.0,0.327,0.71,1
CUST_03439,23,Male,Mwanza,Christian,Others,Secondary,">2,000,000",Halopesa,4,0.05,0.13,0.86,0.3,Samsung,South Korea,Premium,New,864885,9.9,Online,Mobile Money,0,2,0.906,0.851,1.0,1.168,1.0,1.0,0.926,0.82,1
CUST_03928,31,Male,Arusha,Christian,Others,Secondary,"1,000,001-2,000,000",M-Pesa,4,0.04,0.43,0.31,0.5,Nokia,Finland,Mid-Range,New,507861,6.5,Physical Store,Cash,0,2,0.454,0.202,1.0,0.903,1.0,1.0,0.539,0.69,1
CUST_00448,35,Male,Mbeya,Muslim,Chagga,Primary,"200,000-500,000",Tigo Pesa,4,0.1,0.89,0.46,0.0,Vivo,China,Mid-Range,New,250651,6.9,Physical Store,Mobile Money,0,1,0.442,0.317,0.9,0.855,1.0,1.0,0.627,0.76,1
CUST_04315,24,Female,Dodoma,Christian,Others,Secondary,"<200,000",M-Pesa,5,0.49,0.91,0.78,0.3,Tecno,China,Mid-Range,New,410158,6.3,Online,Cash,0,11,0.067,0.491,1.0,0.622,1.0,1.0,0.596,0.7,1
CUST_01926,26,Female,Mwanza,Christian,Sukuma,No formal,"1,000,001-2,000,000",M-Pesa,1,0.17,0.11,0.7,0.3,Huawei,China,Premium,Used,807084,7.5,Physical Store,Mobile Money,0,2,0.926,0.525,1.0,0.848,0.6,1.0,0.672,0.69,1
CUST_02067,34,Female,Arusha,Muslim,Others,Secondary,"1,000,001-2,000,000",Halopesa,3,0.65,0.19,0.43,0.5,Xiaomi,China,Mid-Range,New,275347,6.1,Physical Store,Card,0,2,0.869,0.262,0.9,0.681,1.0,1.0,0.737,0.71,1
CUST_00775,22,Female,Morogoro,Christian,Others,Primary,"<200,000",Airtel Money,2,0.37,0.81,0.66,0.5,Xiaomi,China,Mid-Range,New,289537,7.5,Mobile,Cash,0,2,0.414,0.495,1.0,0.579,1.0,1.0,0.524,0.79,1
CUST_04764,15,Female,Dodoma,Muslim,Others,Primary,"500,001-1,000,000",M-Pesa,2,0.29,0.49,0.54,0.7,Apple,USA,Premium,New,1734275,9.8,Physical Store,Mobile Money,0,1,0.292,0.529,0.9,0.697,1.0,1.0,0.592,0.64,1
CUST_01949,36,Male,Mbeya,Muslim,Nyamwezi,No formal,"200,000-500,000",M-Pesa,2,0.26,0.9,0.37,0.5,Samsung,South Korea,Premium,New,1543394,9.9,Online,Card,0,2,0.0,0.366,0.9,1.037,1.0,1.0,0.417,0.69,1
CUST_03405,20,Female,Dodoma,Christian,Gogo,Primary,"200,000-500,000",Halopesa,4,0.08,0.72,0.33,0.3,Tecno,China,Mid-Range,Used,360506,5.8,Physical Store,Cash,0,2,0.351,0.191,1.0,0.649,0.6,1.0,0.484,0.68,0
CUST_04029,36,Male,Dar es Salaam,Christian,Others,Secondary,"500,001-1,000,000",Halopesa,2,0.27,0.74,0.87,0.0,Infinix,China,Mid-Range,New,539696,6.8,Physical Store,Mobile Money,0,2,0.002,0.592,1.0,0.717,1.0,1.0,0.609,0.7,1
CUST_00865,23,Male,Tanga,Muslim,Others,Master+,"<200,000",M-Pesa,1,0.49,0.89,0.61,0.5,Oppo,China,Mid-Range,New,598494,7.0,Physical Store,Mobile Money,0,11,0.0,0.427,0.9,0.638,1.0,1.0,0.459,0.7,1
CUST_01687,28,Female,Mwanza,Other,Others,Secondary,"500,001-1,000,000",Tigo Pesa,2,0.08,0.43,0.88,0.0,Tecno,China,Mid-Range,New,258603,7.2,Physical Store,Cash,0,1,0.722,0.634,1.0,0.948,1.0,1.0,0.857,0.78,1
CUST_04416,20,Male,Zanzibar,Christian,Others,Diploma,"200,000-500,000",Tigo Pesa,5,0.3,0.96,0.77,0.5,Nokia,Finland,Mid-Range,Used,423014,6.7,Physical Store,Cash,1,11,0.0,0.516,1.0,0.915,0.6,1.0,0.583,0.72,1
CUST_00680,30,Male,Mwanza,Christian,Others,Secondary,"<200,000",M-Pesa,5,0.33,0.96,0.44,0.0,Oppo,China,Mid-Range,New,560201,7.3,Online,Cash,0,12,0.0,0.321,1.0,0.72,1.0,1.0,0.485,0.73,1
CUST_04477,26,Male,Mwanza,Christian,Makonde,Secondary,"<200,000",Airtel Money,5,0.5,0.76,0.52,0.0,Nokia,Finland,Mid-Range,New,336807,7.1,Online,Card,0,2,0.36,0.369,1.0,0.817,1.0,1.0,0.689,0.76,1
CUST_03283,43,Female,Tanga,Christian,Nyamwezi,Primary,"200,000-500,000",M-Pesa,3,0.14,0.78,0.49,0.3,Infinix,China,Mid-Range,Used,423900,6.0,Physical Store,Cash,1,1,0.173,0.294,1.0,0.659,0.6,1.0,0.607,0.68,1
CUST_00694,19,Female,Morogoro,Christian,Sukuma,Primary,"200,000-500,000",Airtel Money,5,0.5,0.97,0.35,0.0,Oppo,China,Mid-Range,Used,210325,5.2,Online,Cash,0,2,0.49,0.182,1.0,0.626,0.6,1.0,0.531,0.67,1
CUST_01460,22,Female,Dar es Salaam,Christian,Others,Primary,"500,001-1,000,000",Airtel Money,2,0.18,0.47,0.67,0.5,Vivo,China,Mid-Range,Used,262226,5.4,Physical Store,Cash,1,2,0.692,0.362,1.0,0.678,0.6,1.0,0.528,0.67,1
CUST_03815,22,Female,Dar es Salaam,Christian,Chagga,Diploma,"500,001-1,000,000",Airtel Money,5,0.21,0.45,0.43,0.5,Infinix,China,Mid-Range,New,296032,7.8,Physical Store,Cash,0,2,0.667,0.335,1.0,0.808,1.0,1.0,0.71,0.81,1
CUST_01896,27,Male,Dar es Salaam,Christian,Others,Secondary,"1,000,001-2,000,000",Airtel Money,3,0.36,0.43,0.61,0.3,Apple,USA,Premium,New,1366093,8.1,Physical Store,Cash,0,11,0.51,0.494,1.0,0.76,1.0,1.0,0.62,0.61,1
CUST_01506,42,Male,Dar es Salaam,Christian,Others,Primary,"1,000,001-2,000,000",Tigo Pesa,5,0.07,0.26,0.32,0.3,Infinix,China,Mid-Range,New,529858,6.5,Online,Cash,0,2,0.656,0.208,1.0,0.729,1.0,1.0,0.62,0.68,1
CUST_03145,27,Female,Morogoro,Muslim,Chagga,Primary,">2,000,000",M-Pesa,4,0.22,0.12,0.51,0.5,Nokia,Finland,Mid-Range,New,490865,6.6,Physical Store,Cash,0,2,0.853,0.337,0.9,0.836,1.0,1.0,0.741,0.7,1
CUST_03078,16,Female,Mbeya,Christian,Others,Secondary,"500,001-1,000,000",Halopesa,5,0.15,0.73,0.51,0.3,Itel,China,Budget,Used,143338,4.1,Physical Store,Cash,0,1,0.302,0.209,1.0,0.982,0.6,1.0,0.619,0.62,1
CUST_01716,47,Female,Zanzibar,Christian,Others,No formal,"1,000,001-2,000,000",M-Pesa,2,0.35,0.47,0.51,0.5,Infinix,China,Mid-Range,New,369648,7.0,Online,Cash,0,2,0.566,0.357,1.0,0.996,1.0,1.0,0.711,0.75,1
CUST_02292,28,Male,Mwanza,Christian,Sukuma,Diploma,"200,000-500,000",M-Pesa,5,0.45,0.84,0.32,0.3,Nokia,Finland,Mid-Range,New,420388,6.9,Online,Cash,0,12,0.117,0.221,1.0,0.545,1.0,1.0,0.378,0.73,1
CUST_04797,18,Male,Dodoma,Christian,Others,Secondary,"500,001-1,000,000",M-Pesa,3,0.31,0.77,0.54,0.3,Xiaomi,China,Mid-Range,Used,298137,6.3,Online,Cash,0,9,0.426,0.34,1.0,0.584,0.6,1.0,0.576,0.72,1
CUST_00192,45,Male,Tanga,Christian,Haya,Primary,"200,000-500,000",Tigo Pesa,2,0.3,0.99,0.67,0.5,Tecno,China,Mid-Range,New,584364,7.0,Online,Mobile Money,0,1,0.0,0.469,1.0,0.774,1.0,1.0,0.521,0.7,1
CUST_01240,20,Female,Dodoma,Muslim,Others,Primary,">2,000,000",M-Pesa,2,0.16,0.48,0.49,0.3,Xiaomi,China,Mid-Range,New,443014,6.1,Physical Store,Cash,0,11,0.468,0.299,0.9,0.54,1.0,1.0,0.63,0.68,1
CUST_04627,35,Female,Dar es Salaam,Christian,Nyamwezi,Diploma,"500,001-1,000,000",Airtel Money,2,0.13,0.59,0.65,0.0,Tecno,China,Mid-Range,New,287799,6.9,Physical Store,Cash,0,2,0.575,0.449,1.0,0.803,1.0,1.0,0.88,0.76,0
CUST_01845,38,Female,Dodoma,Other,Haya,Secondary,"500,001-1,000,000",M-Pesa,2,0.18,0.8,0.72,0.5,Tecno,China,Mid-Range,New,420642,6.4,Online,Cash,1,2,0.159,0.461,1.0,0.508,1.0,1.0,0.54,0.7,1
CUST_04229,32,Female,Mwanza,Christian,Others,No formal,"<200,000",Halopesa,3,0.25,0.82,0.77,0.3,Huawei,China,Premium,New,1545433,9.8,Physical Store,Cash,1,2,0.0,0.755,1.0,0.58,1.0,1.0,0.693,0.68,1
CUST_04437,27,Male,Dar es Salaam,Christian,Sukuma,Secondary,"<200,000",M-Pesa,1,0.08,0.87,0.6,0.3,Huawei,China,Premium,New,1130918,9.1,Online,Cash,0,1,0.18,0.546,1.0,0.548,1.0,1.0,0.563,0.72,1
CUST_00414,32,Male,Mbeya,Muslim,Sukuma,Diploma,"200,000-500,000",Tigo Pesa,1,0.18,0.91,0.87,0.5,Apple,USA,Premium,New,2196281,8.3,Mobile,Cash,1,1,0.0,0.722,0.9,0.784,1.0,1.0,0.589,0.46,1
CUST_02297,41,Female,Dar es Salaam,Christian,Gogo,Bachelor,"1,000,001-2,000,000",M-Pesa,3,0.32,0.15,0.56,0.5,Nokia,Finland,Mid-Range,Used,412416,6.5,Physical Store,Cash,0,1,0.845,0.364,1.0,0.942,0.6,1.0,0.735,0.71,1
CUST_04666,27,Male,Mwanza,Christian,Others,Secondary,"500,001-1,000,000",Airtel Money,3,0.24,0.49,0.45,0.0,Apple,USA,Premium,New,1412201,9.4,Online,Cash,1,1,0.423,0.423,1.0,0.605,1.0,1.0,0.67,0.68,1
CUST_00671,34,Male,Morogoro,Christian,Makonde,Secondary,"500,001-1,000,000",M-Pesa,1,0.47,0.57,0.42,0.5,Huawei,China,Premium,New,1281155,8.9,Physical Store,Mobile Money,1,2,0.391,0.374,1.0,0.675,1.0,1.0,0.684,0.68,1
CUST_00167,31,Female,Zanzibar,Other,Nyamwezi,Bachelor,"1,000,001-2,000,000",None,3,0.39,0.36,0.7,0.0,Huawei,China,Premium,New,1939856,9.8,Physical Store,Cash,1,2,0.418,0.686,1.0,0.613,1.0,1.0,0.66,0.6,1
CUST_02935,46,Male,Arusha,Muslim,Others,Secondary,"200,000-500,000",M-Pesa,4,0.38,0.72,0.54,0.5,Vivo,China,Mid-Range,New,592637,6.6,Online,Cash,0,2,0.0,0.356,0.9,0.754,1.0,1.0,0.5,0.68,1
CUST_04937,40,Female,Mbeya,Christian,Others,Secondary,"<200,000",M-Pesa,3,0.38,0.93,0.7,0.5,Nokia,Finland,Mid-Range,New,283408,7.6,Online,Cash,1,2,0.341,0.532,1.0,0.779,1.0,1.0,0.605,0.8,1
CUST_04434,17,Male,Tanga,Muslim,Others,Bachelor,"<200,000",M-Pesa,4,0.22,0.72,0.54,0.7,Nokia,Finland,Mid-Range,New,377199,7.0,Physical Store,Cash,0,2,0.321,0.378,0.9,0.54,1.0,1.0,0.475,0.74,1
CUST_01465,26,Female,Arusha,Christian,Gogo,No formal,"500,001-1,000,000",Halopesa,5,0.44,0.45,0.8,0.0,Itel,China,Budget,New,135823,5.5,Physical Store,Mobile Money,0,2,0.593,0.44,1.0,0.839,1.0,1.0,0.591,0.7,1
CUST_02919,30,Male,Mwanza,Christian,Others,Secondary,"1,000,001-2,000,000",Airtel Money,3,0.38,0.15,0.6,0.5,Apple,USA,Premium,New,1783462,9.1,Physical Store,Mobile Money,0,2,0.777,0.546,1.0,0.687,1.0,1.0,0.869,0.59,1
CUST_02082,23,Female,Arusha,Muslim,Makonde,Secondary,"1,000,001-2,000,000",M-Pesa,2,0.37,0.15,0.67,0.3,Apple,USA,Premium,New,846012,9.3,Physical Store,Card,0,2,0.894,0.623,0.9,0.987,1.0,1.0,0.797,0.79,1
CUST_02589,26,Female,Dodoma,Muslim,Makonde,Secondary,">2,000,000",None,4,0.31,0.23,0.72,1.0,Samsung,South Korea,Premium,New,1587832,9.5,Physical Store,Cash,0,2,0.696,0.684,0.9,0.745,1.0,0.8,0.733,0.65,1
CUST_03628,36,Female,Dodoma,Christian,Sukuma,No formal,"200,000-500,000",M-Pesa,4,0.2,0.9,0.68,0.0,Vivo,China,Mid-Range,New,476969,6.7,Physical Store,Cash,0,1,0.0,0.456,1.0,0.818,1.0,1.0,0.569,0.71,1
CUST_01699,28,Male,Tanga,Christian,Others,Primary,">2,000,000",M-Pesa,3,0.4,0.49,0.6,0.5,Infinix,China,Mid-Range,New,533763,6.8,Physical Store,Cash,0,2,0.346,0.408,1.0,0.728,1.0,1.0,0.794,0.7,1
CUST_04491,24,Female,Mbeya,Christian,Others,Primary,"<200,000",Airtel Money,3,0.32,0.71,0.89,0.7,Vivo,China,Mid-Range,New,388157,7.7,Online,Mobile Money,0,12,0.311,0.685,1.0,0.794,1.0,1.0,0.452,0.78,1
CUST_02344,53,Female,Dar es Salaam,Christian,Sukuma,Secondary,"500,001-1,000,000",M-Pesa,3,0.32,0.41,0.85,0.5,Xiaomi,China,Mid-Range,New,350385,7.2,Physical Store,Cash,1,2,0.641,0.612,1.0,0.834,1.0,1.0,0.581,0.76,1
CUST_01940,52,Male,Mwanza,Christian,Others,No formal,"<200,000",Airtel Money,3,0.3,0.8,0.8,0.3,Huawei,China,Premium,New,871800,8.7,Physical Store,Cash,0,11,0.419,0.696,1.0,0.52,1.0,1.0,0.631,0.75,1
CUST_04815,30,Female,Dodoma,Christian,Others,No formal,"200,000-500,000",M-Pesa,2,0.14,0.98,0.49,0.5,Itel,China,Budget,Used,118346,3.6,Online,Mobile Money,0,12,0.227,0.176,1.0,0.884,0.6,1.0,0.581,0.59,1
CUST_03825,43,Male,Dodoma,Christian,Others,Primary,"500,001-1,000,000",M-Pesa,4,0.61,0.47,0.84,0.3,Vivo,China,Mid-Range,New,285532,6.8,Physical Store,Mobile Money,1,2,0.664,0.571,1.0,0.923,1.0,1.0,0.831,0.75,1
CUST_02132,31,Male,Zanzibar,Christian,Sukuma,Primary,"500,001-1,000,000",M-Pesa,5,0.24,0.58,0.33,0.0,Itel,China,Budget,Used,86513,3.4,Physical Store,Mobile Money,1,2,0.665,0.112,1.0,0.962,0.6,1.0,0.591,0.59,0
CUST_02735,23,Male,Dar es Salaam,Christian,Others,Secondary,"500,001-1,000,000",Tigo Pesa,1,0.34,0.46,0.88,0.3,Huawei,China,Premium,New,2432987,9.3,Online,Mobile Money,1,1,0.067,0.818,1.0,0.84,1.0,1.0,0.707,0.47,1
CUST_01970,19,Female,Dar es Salaam,Christian,Others,Primary,"<200,000",M-Pesa,4,0.45,0.8,0.38,0.5,Infinix,China,Mid-Range,New,384971,6.3,Physical Store,Cash,0,2,0.23,0.239,1.0,0.754,1.0,1.0,0.403,0.7,1
CUST_02559,32,Male,Arusha,Muslim,Others,Primary,"500,001-1,000,000",Airtel Money,3,0.09,0.74,0.7,1.0,Vivo,China,Mid-Range,New,391660,7.8,Online,Cash,0,12,0.275,0.546,0.9,0.926,1.0,0.8,0.601,0.79,1
CUST_03529,25,Male,Mwanza,Christian,Others,No formal,"200,000-500,000",Halopesa,4,0.35,0.81,0.82,0.5,Vivo,China,Mid-Range,Used,141643,6.5,Physical Store,Cash,1,1,0.713,0.533,1.0,0.529,0.6,1.0,0.753,0.76,1
CUST_00465,36,Female,Arusha,Christian,Sukuma,Primary,"<200,000",M-Pesa,4,0.16,0.72,0.36,0.3,Nokia,Finland,Mid-Range,New,509342,7.6,Physical Store,Cash,0,2,0.083,0.274,1.0,0.638,1.0,1.0,0.461,0.75,1
CUST_04561,32,Male,Tanga,Muslim,Gogo,No formal,"200,000-500,000",Tigo Pesa,3,0.02,0.99,0.79,0.7,Nokia,Finland,Mid-Range,New,448424,7.7,Physical Store,Cash,0,2,0.0,0.608,0.9,0.863,1.0,1.0,0.468,0.77,0
CUST_00501,46,Male,Mwanza,Christian,Others,Secondary,"<200,000",M-Pesa,4,0.44,0.78,0.44,0.0,Samsung,South Korea,Premium,New,1602548,8.5,Online,Cash,0,2,0.0,0.374,1.0,0.88,1.0,1.0,0.345,0.59,1
CUST_04097,15,Female,Zanzibar,Christian,Makonde,Diploma,"200,000-500,000",None,1,0.24,0.91,0.43,0.5,Nokia,Finland,Mid-Range,New,370010,6.7,Physical Store,Card,0,12,0.158,0.288,1.0,0.622,1.0,1.0,0.477,0.73,1
CUST_01684,37,Male,Mbeya,Muslim,Haya,Secondary,"500,001-1,000,000",Airtel Money,3,0.03,0.5,0.56,0.7,Infinix,China,Mid-Range,New,402372,7.0,Online,Cash,0,1,0.497,0.392,0.9,0.819,1.0,1.0,0.517,0.74,1
CUST_00315,27,Male,Dar es Salaam,Christian,Others,Primary,"<200,000",M-Pesa,4,0.37,0.71,0.77,0.0,Samsung,South Korea,Premium,New,1194473,8.6,Physical Store,Cash,1,2,0.293,0.662,1.0,0.724,1.0,1.0,0.789,0.68,1
CUST_04251,25,Female,Dar es Salaam,Christian,Others,No formal,"200,000-500,000",M-Pesa,1,0.27,0.94,0.88,0.3,Huawei,China,Premium,New,1023466,8.8,Physical Store,Card,1,11,0.198,0.774,1.0,0.612,1.0,1.0,0.516,0.72,1
CUST_01860,24,Male,Dar es Salaam,Christian,Others,No formal,"200,000-500,000",Halopesa,1,0.24,0.94,0.38,0.3,Nokia,Finland,Mid-Range,New,580506,7.2,Physical Store,Cash,1,2,0.0,0.274,1.0,0.965,1.0,1.0,0.416,0.72,1
CUST_00443,15,Male,Dar es Salaam,Christian,Others,Primary,"200,000-500,000",M-Pesa,4,0.05,0.78,0.69,0.0,Samsung,South Korea,Premium,New,1332760,9.9,Physical Store,Mobile Money,1,1,0.134,0.683,1.0,0.708,1.0,1.0,0.755,0.73,1
CUST_03810,20,Female,Zanzibar,Christian,Makonde,Primary,"200,000-500,000",Tigo Pesa,3,0.35,0.95,0.39,0.0,Apple,USA,Premium,New,665058,9.5,Online,Mobile Money,1,2,0.473,0.37,1.0,0.66,1.0,1.0,0.771,0.84,1
CUST_03471,33,Female,Mbeya,Christian,Others,Diploma,"<200,000",Tigo Pesa,5,0.09,0.71,0.56,0.0,Oppo,China,Mid-Range,New,532668,6.7,Online,Cash,0,2,0.055,0.375,1.0,0.881,1.0,1.0,0.563,0.7,1
CUST_02545,37,Male,Zanzibar,Christian,Sukuma,Primary,"200,000-500,000",Airtel Money,3,0.23,0.71,0.47,0.5,Nokia,Finland,Mid-Range,New,409118,6.0,Physical Store,Cash,0,2,0.274,0.282,1.0,0.639,1.0,1.0,0.432,0.68,1
CUST_01049,22,Female,Arusha,Christian,Others,No formal,"500,001-1,000,000",Tigo Pesa,5,0.26,0.57,0.88,0.5,Oppo,China,Mid-Range,New,419817,6.9,Online,Mobile Money,0,2,0.402,0.607,1.0,0.892,1.0,1.0,0.71,0.73,1
CUST_04417,26,Male,Tanga,Christian,Others,Secondary,"200,000-500,000",M-Pesa,4,0.5,0.71,0.72,0.0,Vivo,China,Mid-Range,New,400896,7.0,Mobile,Cash,1,2,0.288,0.504,1.0,0.852,1.0,1.0,0.761,0.74,1
CUST_04969,40,Female,Arusha,Muslim,Chagga,Secondary,"500,001-1,000,000",Airtel Money,4,0.44,0.78,0.67,0.0,Itel,China,Budget,New,179290,4.4,Online,Mobile Money,1,2,0.068,0.295,0.9,0.505,1.0,1.0,0.34,0.63,1
CUST_01130,15,Male,Dar es Salaam,Christian,Gogo,Primary,"500,001-1,000,000",Halopesa,2,0.17,0.49,0.8,0.7,Apple,USA,Premium,New,2268467,10.0,Physical Store,Mobile Money,1,2,0.074,0.8,1.0,0.733,1.0,1.0,0.539,0.55,1
CUST_03103,36,Female,Dar es Salaam,Christian,Nyamwezi,Diploma,"200,000-500,000",Tigo Pesa,4,0.15,0.92,0.43,0.5,Apple,USA,Premium,New,1605046,9.4,Physical Store,Cash,0,2,0.0,0.404,1.0,0.782,1.0,1.0,0.403,0.64,1
CUST_01263,32,Female,Dar es Salaam,Christian,Haya,Secondary,"1,000,001-2,000,000",Tigo Pesa,2,0.27,0.37,0.31,0.0,Samsung,South Korea,Premium,New,927259,9.2,Online,Cash,0,12,0.714,0.285,1.0,0.613,1.0,1.0,0.659,0.77,1
CUST_02609,20,Male,Mwanza,Muslim,Gogo,Primary,"<200,000",M-Pesa,4,0.13,0.85,0.89,0.5,Tecno,China,Mid-Range,Used,255164,5.4,Physical Store,Card,0,2,0.458,0.481,0.9,0.888,0.6,1.0,0.584,0.67,1
CUST_04345,19,Male,Arusha,Muslim,Others,No formal,"1,000,001-2,000,000",Tigo Pesa,5,0.2,0.19,0.33,0.3,Itel,China,Budget,Used,41597,4.3,Physical Store,Cash,0,2,0.947,0.142,0.9,0.717,0.6,1.0,0.806,0.65,1
CUST_02039,39,Male,Dar es Salaam,Christian,Sukuma,Diploma,"200,000-500,000",M-Pesa,2,0.11,0.91,0.83,0.0,Apple,USA,Premium,New,878696,8.9,Online,Cash,0,2,0.334,0.739,1.0,0.622,1.0,1.0,0.595,0.76,1
CUST_03495,24,Male,Arusha,Muslim,Nyamwezi,No formal,"200,000-500,000",Halopesa,2,0.29,0.72,0.77,0.3,Oppo,China,Mid-Range,New,298921,7.6,Physical Store,Cash,0,1,0.462,0.585,0.9,0.82,1.0,1.0,0.584,0.8,0
CUST_04852,15,Female,Dodoma,Christian,Others,Primary,"200,000-500,000",M-Pesa,5,0.27,0.71,0.86,0.7,Itel,China,Budget,New,108785,5.6,Mobile,Mobile Money,0,2,0.485,0.482,1.0,0.776,1.0,1.0,0.446,0.71,1
CUST_01264,49,Female,Mbeya,Christian,Others,Secondary,"200,000-500,000",Tigo Pesa,4,0.08,0.76,0.45,0.0,Tecno,China,Mid-Range,New,574074,6.8,Mobile,Cash,0,2,0.0,0.306,1.0,0.888,1.0,1.0,0.525,0.69,1
CUST_00782,15,Female,Tanga,Christian,Others,Primary,"200,000-500,000",Tigo Pesa,1,0.42,0.98,0.87,1.0,Vivo,China,Mid-Range,New,583304,7.6,Physical Store,Mobile Money,1,2,0.0,0.661,1.0,0.707,1.0,0.8,0.54,0.74,1
CUST_00429,23,Female,Morogoro,Christian,Sukuma,No formal,"1,000,001-2,000,000",M-Pesa,2,0.11,0.17,0.46,0.5,Apple,USA,Premium,New,1674549,8.3,Physical Store,Mobile Money,0,2,0.763,0.382,1.0,0.85,1.0,1.0,0.797,0.56,1
CUST_04301,31,Female,Dodoma,Muslim,Others,No formal,"500,001-1,000,000",M-Pesa,3,0.28,0.47,0.6,0.5,Huawei,China,Premium,New,2070591,9.5,Online,Mobile Money,0,2,0.189,0.57,0.9,0.574,1.0,1.0,0.63,0.56,1
CUST_03447,26,Female,Dar es Salaam,Christian,Makonde,Secondary,"200,000-500,000",M-Pesa,3,0.17,0.93,0.38,0.5,Huawei,China,Premium,New,1990395,8.5,Physical Store,Mobile Money,1,2,0.0,0.323,1.0,0.922,1.0,1.0,0.474,0.51,0
CUST_02292,28,Male,Mwanza,Christian,Sukuma,Diploma,"200,000-500,000",M-Pesa,5,0.45,0.84,0.32,0.3,Tecno,China,Mid-Range,New,507699,7.0,Physical Store,Cash,0,2,0.0,0.224,1.0,0.56,1.0,1.0,0.344,0.72,1
CUST_02924,30,Male,Mwanza,Christian,Others,Secondary,"1,000,001-2,000,000",Tigo Pesa,1,0.06,0.4,0.85,0.3,Samsung,South Korea,Premium,Used,722971,7.3,Physical Store,Cash,0,2,0.759,0.62,1.0,0.952,0.6,1.0,0.747,0.69,1
CUST_00297,16,Female,Mbeya,Muslim,Others,Secondary,"200,000-500,000",Tigo Pesa,1,0.48,0.84,0.81,0.3,Infinix,China,Mid-Range,New,330330,7.9,Mobile,Cash,0,1,0.306,0.64,0.9,0.866,1.0,1.0,0.831,0.81,0
CUST_02754,15,Female,Mbeya,Christian,Others,Secondary,"200,000-500,000",M-Pesa,5,0.59,0.78,0.64,0.0,Infinix,China,Mid-Range,New,598685,6.2,Physical Store,Mobile Money,0,2,0.0,0.397,1.0,0.963,1.0,1.0,0.527,0.65,1
CUST_02154,15,Female,Morogoro,Christian,Others,Primary,"<200,000",None,4,0.23,1.0,0.45,0.0,Xiaomi,China,Mid-Range,New,554474,7.9,Physical Store,Cash,0,1,0.0,0.356,1.0,0.634,1.0,1.0,0.301,0.76,1
CUST_02149,46,Female,Arusha,Muslim,Others,Secondary,"200,000-500,000",M-Pesa,3,0.32,0.97,0.86,0.3,Apple,USA,Premium,New,675922,8.8,Physical Store,Mobile Money,1,2,0.454,0.757,0.9,1.116,1.0,1.0,0.792,0.79,1
CUST_04311,15,Female,Dodoma,Other,Others,Secondary,"200,000-500,000",Tigo Pesa,3,0.4,0.84,0.81,0.3,Samsung,South Korea,Premium,New,1812545,8.9,Physical Store,Cash,1,11,0.0,0.721,1.0,1.093,1.0,1.0,0.638,0.57,1
CUST_03534,31,Male,Zanzibar,Christian,Others,Master+,"<200,000",M-Pesa,5,0.01,0.79,0.87,0.3,Samsung,South Korea,Premium,New,1614441,9.0,Physical Store,Card,0,2,0.0,0.783,1.0,1.176,1.0,1.0,0.494,0.62,1
CUST_00189,29,Female,Dar es Salaam,Christian,Others,No formal,"200,000-500,000",M-Pesa,2,0.57,0.95,0.77,0.3,Nokia,Finland,Mid-Range,New,322781,7.9,Online,Cash,1,2,0.233,0.608,1.0,0.806,1.0,1.0,0.483,0.81,1
CUST_01616,16,Male,Zanzibar,Other,Sukuma,No formal,"200,000-500,000",Tigo Pesa,5,0.5,0.98,0.35,0.5,Oppo,China,Mid-Range,Used,135317,6.5,Physical Store,Cash,0,2,0.668,0.227,1.0,0.657,0.6,1.0,0.501,0.76,1
CUST_03110,16,Female,Arusha,Christian,Sukuma,Diploma,"500,001-1,000,000",M-Pesa,4,0.47,0.5,0.32,0.7,Nokia,Finland,Mid-Range,New,455017,7.8,Physical Store,Cash,0,1,0.431,0.25,1.0,0.817,1.0,1.0,0.731,0.78,1
CUST_01256,30,Male,Dodoma,Christian,Sukuma,Secondary,"500,001-1,000,000",Airtel Money,4,0.39,0.75,0.48,0.5,Xiaomi,China,Mid-Range,New,528402,7.4,Mobile,Cash,0,2,0.009,0.355,1.0,0.542,1.0,1.0,0.289,0.74,1
CUST_03376,32,Female,Tanga,Christian,Nyamwezi,Primary,"<200,000",M-Pesa,3,0.13,0.82,0.38,0.7,Huawei,China,Premium,New,1263501,8.5,Physical Store,Mobile Money,1,2,0.137,0.323,1.0,0.946,1.0,1.0,0.618,0.66,1
CUST_02344,53,Female,Dar es Salaam,Christian,Sukuma,Secondary,"500,001-1,000,000",M-Pesa,3,0.32,0.41,0.85,0.5,Tecno,China,Mid-Range,New,498046,6.9,Mobile,Cash,0,2,0.49,0.586,1.0,0.687,1.0,1.0,0.651,0.71,1
CUST_00260,22,Male,Dar es Salaam,Christian,Nyamwezi,Secondary,"200,000-500,000",M-Pesa,4,0.31,0.87,0.64,0.7,Apple,USA,Premium,New,2267222,8.8,Physical Store,Mobile Money,0,2,0.0,0.563,1.0,1.046,1.0,1.0,0.527,0.47,1
CUST_02775,15,Female,Zanzibar,Muslim,Others,Primary,"500,001-1,000,000",Tigo Pesa,4,0.2,0.69,0.81,0.3,Vivo,China,Mid-Range,New,520774,7.0,Physical Store,Mobile Money,0,2,0.102,0.567,0.9,0.925,1.0,1.0,0.554,0.72,1
CUST_03833,41,Male,Tanga,Christian,Others,Secondary,"200,000-500,000",Airtel Money,4,0.24,0.99,0.69,1.0,Nokia,Finland,Mid-Range,New,384360,7.1,Physical Store,Cash,0,2,0.049,0.49,1.0,0.976,1.0,0.8,0.528,0.75,1
CUST_04781,31,Female,Morogoro,Muslim,Sukuma,Primary,"<200,000",M-Pesa,2,0.25,0.99,0.81,0.0,Nokia,Finland,Mid-Range,New,461132,6.5,Physical Store,Cash,1,2,0.0,0.527,0.9,0.665,1.0,1.0,0.431,0.7,1
CUST_04452,32,Female,Tanga,Muslim,Others,Primary,"200,000-500,000",Halopesa,1,0.08,0.88,0.63,0.7,Tecno,China,Mid-Range,New,384867,6.8,Physical Store,Cash,1,2,0.153,0.428,0.9,0.998,1.0,1.0,0.479,0.73,1
CUST_01950,16,Female,Mwanza,Christian,Chagga,Secondary,"<200,000",Tigo Pesa,3,0.21,0.76,0.7,0.3,Apple,USA,Premium,New,2006132,8.7,Physical Store,Mobile Money,0,1,0.0,0.609,1.0,1.189,1.0,1.0,0.432,0.52,0
CUST_03491,25,Female,Dar es Salaam,Muslim,Sukuma,Primary,"200,000-500,000",Tigo Pesa,1,0.15,0.73,0.85,0.3,Infinix,China,Mid-Range,New,323389,6.5,Physical Store,Cash,1,1,0.41,0.552,0.9,0.641,1.0,1.0,0.552,0.73,1
CUST_04419,37,Male,Arusha,Muslim,Others,Primary,"1,000,001-2,000,000",Halopesa,5,0.26,0.27,0.46,0.5,Infinix,China,Mid-Range,Used,363807,6.7,Online,Mobile Money,0,2,0.754,0.308,0.9,0.887,0.6,1.0,0.588,0.73,1
CUST_00837,26,Female,Dodoma,Muslim,Sukuma,Primary,"<200,000",Tigo Pesa,3,0.57,0.72,0.71,0.5,Samsung,South Korea,Premium,New,1413474,8.2,Physical Store,Card,1,12,0.152,0.582,0.9,0.887,1.0,1.0,0.61,0.61,1
CUST_01867,15,Female,Dodoma,Christian,Sukuma,Primary,">2,000,000",M-Pesa,2,0.14,0.42,0.59,0.0,Oppo,China,Mid-Range,New,443079,7.3,Physical Store,Cash,1,2,0.535,0.431,1.0,0.885,1.0,1.0,0.639,0.75,1
CUST_00393,32,Male,Mwanza,Christian,Gogo,No formal,"200,000-500,000",Halopesa,3,0.58,0.86,0.37,0.0,Huawei,China,Premium,New,2394493,9.8,Online,Cash,0,2,0.0,0.363,1.0,0.818,1.0,1.0,0.437,0.51,1
CUST_02763,20,Female,Tanga,Muslim,Others,Primary,"200,000-500,000",Halopesa,4,0.27,0.83,0.84,0.5,Samsung,South Korea,Premium,New,760276,8.9,Mobile,Cash,0,2,0.474,0.748,0.9,1.142,1.0,1.0,0.774,0.78,1
CUST_02374,30,Male,Mwanza,Christian,Others,Secondary,"200,000-500,000",Tigo Pesa,4,0.2,0.92,0.7,0.3,Huawei,China,Premium,New,773782,8.8,Mobile,Mobile Money,0,12,0.407,0.616,1.0,0.861,1.0,1.0,0.625,0.77,1
CUST_01755,21,Female,Tanga,Christian,Others,Secondary,"200,000-500,000",Tigo Pesa,4,0.08,0.86,0.52,0.5,Huawei,China,Premium,New,612609,8.3,Physical Store,Cash,1,11,0.561,0.432,1.0,0.593,1.0,1.0,0.534,0.78,0
CUST_01656,32,Female,Mbeya,Christian,Nyamwezi,Primary,"200,000-500,000",M-Pesa,3,0.5,0.71,0.58,0.0,Oppo,China,Mid-Range,New,423725,6.9,Physical Store,Cash,0,1,0.248,0.4,1.0,0.527,1.0,1.0,0.463,0.73,1
CUST_04345,19,Male,Arusha,Muslim,Others,No formal,"1,000,001-2,000,000",Tigo Pesa,5,0.2,0.19,0.33,0.3,Vivo,China,Mid-Range,New,363362,7.4,Physical Store,Cash,0,1,0.827,0.244,0.9,0.524,1.0,1.0,0.695,0.77,1
CUST_02900,40,Female,Mbeya,Christian,Sukuma,No formal,"200,000-500,000",None,2,0.11,0.99,0.83,0.5,Tecno,China,Mid-Range,New,397631,6.7,Physical Store,Mobile Money,0,2,0.016,0.556,1.0,0.605,1.0,1.0,0.453,0.72,1
CUST_00240,37,Male,Arusha,Muslim,Chagga,Master+,"<200,000",None,5,0.26,0.79,0.58,0.5,Huawei,China,Premium,New,1736755,8.8,Physical Store,Mobile Money,0,2,0.0,0.51,0.9,0.949,1.0,1.0,0.508,0.58,0
CUST_02238,22,Male,Tanga,Muslim,Nyamwezi,Master+,"500,001-1,000,000",M-Pesa,3,0.49,0.53,0.48,1.0,Huawei,China,Premium,New,2066587,9.5,Online,Card,0,2,0.087,0.456,0.9,0.732,1.0,0.8,0.515,0.56,1
CUST_03226,28,Male,Tanga,Christian,Chagga,Diploma,"500,001-1,000,000",Tigo Pesa,5,0.23,0.77,0.39,0.3,Huawei,China,Premium,New,791008,10.0,Physical Store,Card,0,2,0.492,0.39,1.0,0.686,1.0,1.0,0.618,0.84,0
CUST_03971,29,Male,Dar es Salaam,Muslim,Gogo,Primary,"<200,000",Halopesa,3,0.03,0.74,0.35,0.0,Samsung,South Korea,Premium,New,2114025,9.4,Physical Store,Cash,1,2,0.0,0.329,0.9,1.084,1.0,1.0,0.646,0.54,1
CUST_01613,51,Male,Zanzibar,Christian,Others,No formal,"<200,000",M-Pesa,1,0.3,0.8,0.54,0.7,Samsung,South Korea,Premium,New,1522025,9.9,Physical Store,Card,0,2,0.0,0.535,1.0,1.102,1.0,1.0,0.553,0.69,1
CUST_01958,15,Male,Arusha,Muslim,Nyamwezi,Secondary,"500,001-1,000,000",Tigo Pesa,3,0.3,0.69,0.48,0.3,Infinix,China,Mid-Range,New,444467,6.4,Physical Store,Cash,0,2,0.233,0.307,0.9,0.961,1.0,1.0,0.553,0.7,1
CUST_03462,34,Male,Dodoma,Christian,Sukuma,Master+,"200,000-500,000",Airtel Money,5,0.38,0.9,0.82,0.5,Huawei,China,Premium,New,2155953,8.0,Mobile,Cash,0,2,0.0,0.656,1.0,0.839,1.0,1.0,0.458,0.45,0
CUST_04064,25,Female,Tanga,Christian,Haya,Bachelor,"500,001-1,000,000",M-Pesa,5,0.29,0.41,0.45,1.0,Samsung,South Korea,Premium,New,936281,8.4,Physical Store,Mobile Money,0,2,0.68,0.378,1.0,1.133,1.0,0.8,0.819,0.72,1
CUST_00337,34,Male,Dodoma,Muslim,Sukuma,Secondary,"200,000-500,000",None,1,0.28,0.77,0.6,0.7,Oppo,China,Mid-Range,New,304704,7.5,Physical Store,Cash,0,2,0.413,0.45,0.9,0.864,1.0,1.0,0.638,0.79,1
CUST_02711,21,Female,Zanzibar,Christian,Sukuma,No formal,"<200,000",M-Pesa,2,0.39,0.97,0.41,0.3,Apple,USA,Premium,New,1180666,8.7,Physical Store,Mobile Money,1,2,0.046,0.357,1.0,1.008,1.0,1.0,0.49,0.69,1
CUST_02708,42,Male,Mwanza,Christian,Gogo,Secondary,"1,000,001-2,000,000",M-Pesa,2,0.12,0.26,0.85,0.3,Nokia,Finland,Mid-Range,New,433550,6.8,Physical Store,Cash,1,2,0.718,0.578,1.0,0.79,1.0,1.0,0.732,0.72,1
CUST_02848,44,Male,Dodoma,Christian,Sukuma,Primary,"500,001-1,000,000",M-Pesa,2,0.35,0.59,0.52,0.7,Huawei,China,Premium,New,1469669,8.9,Online,Cash,0,2,0.277,0.463,1.0,0.806,1.0,1.0,0.689,0.64,0
CUST_02483,26,Male,Dodoma,Christian,Others,Diploma,"200,000-500,000",M-Pesa,4,0.28,0.85,0.55,0.0,Itel,China,Budget,New,129114,4.6,Physical Store,Mobile Money,1,8,0.268,0.253,1.0,0.821,1.0,1.0,0.553,0.65,0
CUST_01010,23,Female,Mwanza,Christian,Others,Diploma,"<200,000",M-Pesa,5,0.14,0.92,0.35,0.5,Itel,China,Budget,New,108224,5.0,Physical Store,Cash,0,2,0.336,0.175,1.0,0.986,1.0,1.0,0.434,0.68,1
CUST_04376,26,Female,Arusha,Christian,Others,Secondary,"200,000-500,000",Halopesa,4,0.31,0.73,0.64,0.3,Nokia,Finland,Mid-Range,Used,326534,5.8,Physical Store,Cash,0,11,0.404,0.371,1.0,0.848,0.6,1.0,0.537,0.68,1
CUST_03399,20,Female,Mwanza,Christian,Others,Secondary,"1,000,001-2,000,000",Airtel Money,2,0.08,0.29,0.79,0.3,Huawei,China,Premium,New,1541293,9.4,Physical Store,Mobile Money,1,12,0.628,0.743,1.0,0.526,1.0,1.0,0.821,0.66,1
CUST_01125,41,Male,Dar es Salaam,Muslim,Others,Primary,"500,001-1,000,000",Airtel Money,5,0.34,0.41,0.84,0.5,Tecno,China,Mid-Range,New,455129,7.5,Physical Store,Cash,0,12,0.533,0.63,0.9,0.689,1.0,1.0,0.81,0.76,1
CUST_00904,15,Male,Dar es Salaam,Christian,Haya,Master+,"200,000-500,000",Tigo Pesa,5,0.5,0.94,0.46,0.0,Apple,USA,Premium,New,1864374,8.4,Physical Store,Mobile Money,1,2,0.0,0.386,1.0,1.072,1.0,1.0,0.636,0.53,1
CUST_03317,22,Female,Tanga,Christian,Nyamwezi,Diploma,"200,000-500,000",Tigo Pesa,3,0.32,0.76,0.87,0.7,Apple,USA,Premium,New,2113686,9.6,Online,Cash,0,2,0.0,0.835,1.0,0.68,1.0,1.0,0.538,0.55,1
CUST_04735,32,Male,Morogoro,Other,Others,Primary,"200,000-500,000",M-Pesa,3,0.34,0.75,0.87,0.5,Tecno,China,Mid-Range,New,480653,6.6,Physical Store,Card,0,1,0.099,0.574,1.0,0.534,1.0,1.0,0.616,0.7,1
CUST_04804,24,Male,Dar es Salaam,Christian,Others,Diploma,"200,000-500,000",Halopesa,5,0.4,0.86,0.34,0.7,Nokia,Finland,Mid-Range,New,344312,7.7,Physical Store,Cash,0,2,0.26,0.262,1.0,0.887,1.0,1.0,0.41,0.79,1
CUST_02846,26,Male,Dar es Salaam,Christian,Others,Secondary,"200,000-500,000",Airtel Money,4,0.36,0.85,0.86,0.7,Vivo,China,Mid-Range,Used,178846,5.0,Physical Store,Mobile Money,0,1,0.62,0.43,1.0,0.684,0.6,1.0,0.868,0.66,1
CUST_00179,17,Female,Zanzibar,Christian,Others,No formal,"500,001-1,000,000",M-Pesa,3,0.2,0.53,0.74,0.3,Apple,USA,Premium,Used,1380661,7.0,Physical Store,Mobile Money,1,2,0.39,0.518,1.0,0.637,0.6,1.0,0.524,0.54,1
CUST_02022,28,Female,Dar es Salaam,Muslim,Others,Primary,"200,000-500,000",Tigo Pesa,4,0.09,0.95,0.79,0.0,Itel,China,Budget,New,162151,6.4,Physical Store,Cash,0,1,0.0,0.506,0.9,0.584,1.0,1.0,0.448,0.75,1
CUST_03472,30,Female,Dar es Salaam,Christian,Others,Primary,"200,000-500,000",Tigo Pesa,4,0.44,0.7,0.83,0.5,Tecno,China,Mid-Range,Used,162013,5.9,Physical Store,Cash,1,2,0.716,0.49,1.0,0.581,0.6,1.0,0.546,0.72,1
CUST_00806,37,Female,Dar es Salaam,Christian,Gogo,Diploma,"200,000-500,000",Tigo Pesa,3,0.4,0.74,0.53,0.5,Nokia,Finland,Mid-Range,New,268708,7.9,Physical Store,Card,1,2,0.503,0.419,1.0,0.785,1.0,1.0,0.613,0.82,1
CUST_03417,46,Female,Dar es Salaam,Muslim,Others,Secondary,"<200,000",M-Pesa,1,0.25,0.83,0.87,0.5,Samsung,South Korea,Premium,New,886569,8.2,Physical Store,Cash,0,2,0.387,0.713,0.9,0.93,1.0,1.0,0.805,0.71,1
CUST_02081,42,Male,Dar es Salaam,Muslim,Others,Secondary,"200,000-500,000",Airtel Money,4,0.6,0.96,0.37,0.3,Xiaomi,China,Mid-Range,Used,364789,5.4,Physical Store,Mobile Money,0,2,0.125,0.2,0.9,0.599,0.6,1.0,0.366,0.65,1
CUST_01281,24,Male,Tanga,Muslim,Others,No formal,"<200,000",Halopesa,2,0.33,0.77,0.89,0.7,Vivo,China,Mid-Range,New,474489,7.8,Physical Store,Cash,0,2,0.087,0.694,0.9,0.885,1.0,1.0,0.644,0.77,1
CUST_00394,40,Female,Mbeya,Muslim,Chagga,Diploma,"<200,000",M-Pesa,2,0.11,0.92,0.37,0.3,Huawei,China,Premium,New,607444,8.4,Online,Cash,0,2,0.534,0.311,0.9,0.836,1.0,1.0,0.443,0.78,1
CUST_00574,21,Female,Dar es Salaam,Christian,Sukuma,Primary,"<200,000",Halopesa,1,0.31,0.8,0.38,0.3,Infinix,China,Mid-Range,New,560379,7.5,Physical Store,Cash,1,1,0.0,0.285,1.0,0.55,1.0,1.0,0.233,0.74,1
CUST_00173,32,Male,Dar es Salaam,Christian,Others,Primary,"200,000-500,000",M-Pesa,5,0.24,0.7,0.74,1.0,Samsung,South Korea,Premium,New,746218,9.0,Online,Mobile Money,0,2,0.565,0.666,1.0,1.098,1.0,0.8,0.637,0.79,1
CUST_00797,15,Female,Arusha,Muslim,Others,Bachelor,"500,001-1,000,000",M-Pesa,5,0.08,0.71,0.66,0.7,Vivo,China,Mid-Range,New,542543,7.8,Physical Store,Cash,1,2,0.037,0.515,0.9,0.897,1.0,1.0,0.434,0.76,1
CUST_03225,39,Female,Mwanza,Muslim,Others,Primary,"200,000-500,000",Airtel Money,3,0.74,0.72,0.67,0.3,Samsung,South Korea,Premium,New,699412,8.9,Online,Mobile Money,0,2,0.58,0.596,0.9,0.811,1.0,1.0,0.653,0.79,1
CUST_04990,15,Female,Mwanza,Christian,Others,Primary,"500,001-1,000,000",M-Pesa,1,0.65,0.59,0.67,0.5,Infinix,China,Mid-Range,New,476356,7.4,Physical Store,Cash,0,9,0.297,0.496,1.0,0.859,1.0,1.0,0.693,0.75,1
CUST_00189,29,Female,Dar es Salaam,Christian,Others,No formal,"200,000-500,000",M-Pesa,2,0.57,0.95,0.77,0.3,Samsung,South Korea,Premium,New,1011203,8.1,Physical Store,Cash,0,2,0.199,0.624,1.0,1.083,1.0,1.0,0.59,0.68,1
CUST_00328,15,Male,Morogoro,Muslim,Others,Diploma,"500,001-1,000,000",Airtel Money,2,0.37,0.58,0.62,0.0,Huawei,China,Premium,New,1555316,9.9,Physical Store,Mobile Money,0,11,0.248,0.614,0.9,0.607,1.0,1.0,0.581,0.68,1
CUST_00452,28,Female,Morogoro,Muslim,Others,Primary,"500,001-1,000,000",Tigo Pesa,1,0.1,0.45,0.89,0.3,Tecno,China,Mid-Range,New,267229,7.1,Physical Store,Cash,0,2,0.699,0.632,0.9,0.907,1.0,1.0,0.747,0.77,1
CUST_01959,30,Female,Mwanza,Christian,Others,Diploma,"200,000-500,000",Airtel Money,3,0.15,0.79,0.6,0.5,Samsung,South Korea,Premium,New,1067439,8.5,Physical Store,Cash,1,2,0.297,0.51,1.0,0.638,1.0,1.0,0.676,0.7,1
CUST_01108,42,Female,Dar es Salaam,Christian,Haya,Secondary,"500,001-1,000,000",Tigo Pesa,3,0.45,0.7,0.52,0.7,Xiaomi,China,Mid-Range,New,589279,7.7,Online,Cash,0,2,0.0,0.4,1.0,0.823,1.0,1.0,0.378,0.74,1
CUST_00983,17,Male,Tanga,Muslim,Others,Diploma,"500,001-1,000,000",M-Pesa,5,0.05,0.67,0.79,0.3,Infinix,China,Mid-Range,Used,422253,5.9,Physical Store,Mobile Money,1,2,0.293,0.466,0.9,0.553,0.6,1.0,0.587,0.67,1
CUST_00338,19,Female,Dar es Salaam,Christian,Others,Bachelor,"<200,000",Tigo Pesa,2,0.44,0.79,0.57,0.3,Vivo,China,Mid-Range,New,352203,7.1,Physical Store,Cash,1,1,0.304,0.405,1.0,0.853,1.0,1.0,0.426,0.76,1
CUST_04609,19,Male,Mwanza,Christian,Sukuma,Diploma,"500,001-1,000,000",M-Pesa,4,0.09,0.49,0.68,0.3,Vivo,China,Mid-Range,New,414958,7.2,Physical Store,Card,0,2,0.492,0.49,1.0,0.872,1.0,1.0,0.664,0.75,1
CUST_01876,32,Male,Dar es Salaam,Muslim,Sukuma,Diploma,"200,000-500,000",M-Pesa,5,0.18,0.89,0.7,0.7,Tecno,China,Mid-Range,New,450315,6.3,Physical Store,Mobile Money,0,2,0.0,0.441,0.9,0.558,1.0,1.0,0.461,0.69,1
CUST_01132,22,Male,Morogoro,Christian,Others,Primary,"<200,000",None,4,0.03,0.81,0.58,0.3,Itel,China,Budget,New,192344,6.3,Physical Store,Cash,1,2,0.0,0.365,1.0,0.71,1.0,1.0,0.581,0.74,1
CUST_00503,26,Female,Mwanza,Christian,Others,Diploma,"<200,000",Airtel Money,4,0.39,0.74,0.69,0.3,Vivo,China,Mid-Range,Used,324125,5.1,Physical Store,Cash,1,1,0.4,0.352,1.0,0.66,0.6,1.0,0.475,0.64,0
CUST_01825,15,Male,Arusha,Christian,Others,No formal,"500,001-1,000,000",M-Pesa,2,0.17,0.76,0.4,0.5,Apple,USA,Premium,New,1832318,9.3,Physical Store,Cash,0,1,0.0,0.372,1.0,0.848,1.0,1.0,0.433,0.59,1
CUST_04595,17,Female,Morogoro,Christian,Haya,Diploma,"200,000-500,000",None,4,0.04,0.79,0.71,0.0,Infinix,China,Mid-Range,New,366204,6.2,Online,Mobile Money,1,2,0.277,0.44,1.0,0.664,1.0,1.0,0.627,0.7,1
CUST_02379,18,Female,Arusha,Christian,Nyamwezi,Bachelor,">2,000,000",M-Pesa,5,0.36,0.48,0.4,0.0,Vivo,China,Mid-Range,New,273944,6.9,Mobile,Cash,0,1,0.671,0.276,1.0,0.807,1.0,1.0,0.684,0.76,1
CUST_04291,38,Male,Morogoro,Muslim,Chagga,Primary,"200,000-500,000",Halopesa,3,0.13,0.8,0.67,1.0,Samsung,South Korea,Premium,New,2330376,8.6,Physical Store,Card,1,2,0.0,0.576,0.9,0.812,1.0,0.8,0.646,0.45,0
CUST_04620,31,Female,Dar es Salaam,Christian,Others,Diploma,"<200,000",Airtel Money,4,0.33,0.92,0.75,0.0,Huawei,China,Premium,New,2427583,8.1,Physical Store,Cash,0,1,0.0,0.607,1.0,0.959,1.0,1.0,0.674,0.4,1
CUST_03875,43,Female,Zanzibar,Muslim,Others,Secondary,"200,000-500,000",M-Pesa,2,0.14,0.75,0.61,0.5,Tecno,China,Mid-Range,New,560281,6.1,Physical Store,Card,0,12,0.0,0.372,0.9,0.711,1.0,1.0,0.363,0.65,1
CUST_02261,17,Male,Dodoma,Muslim,Others,No formal,"500,001-1,000,000",Airtel Money,2,0.32,0.51,0.5,0.7,Vivo,China,Mid-Range,New,268734,6.6,Online,Cash,1,2,0.657,0.33,0.9,0.692,1.0,1.0,0.594,0.74,1
CUST_02270,28,Female,Dodoma,Muslim,Others,Secondary,"200,000-500,000",Halopesa,4,0.58,0.78,0.87,1.0,Samsung,South Korea,Premium,New,1014839,9.6,Mobile,Mobile Money,0,2,0.34,0.835,0.9,0.629,1.0,0.8,0.602,0.77,1
CUST_00092,18,Male,Mbeya,Muslim,Chagga,No formal,"<200,000",Airtel Money,2,0.51,0.78,0.88,0.3,Nokia,Finland,Mid-Range,New,290414,6.0,Physical Store,Mobile Money,0,2,0.434,0.528,0.9,0.942,1.0,1.0,0.752,0.7,1
CUST_04862,31,Male,Zanzibar,Christian,Sukuma,Primary,"200,000-500,000",Tigo Pesa,3,0.4,0.99,0.87,0.5,Itel,China,Budget,New,230644,4.7,Physical Store,Cash,0,1,0.0,0.409,1.0,0.684,1.0,1.0,0.548,0.64,1
CUST_01872,35,Female,Dar es Salaam,Muslim,Others,Bachelor,"<200,000",None,3,0.11,0.92,0.67,0.3,Nokia,Finland,Mid-Range,New,595846,6.7,Physical Store,Cash,1,2,0.0,0.449,0.9,0.868,1.0,1.0,0.4,0.68,1
CUST_04536,15,Male,Arusha,Other,Haya,Bachelor,"500,001-1,000,000",Airtel Money,1,0.11,0.66,0.56,0.7,Vivo,China,Mid-Range,New,373920,6.4,Physical Store,Mobile Money,0,2,0.383,0.358,1.0,0.78,1.0,1.0,0.744,0.71,0
CUST_01620,20,Female,Dar es Salaam,Christian,Others,Secondary,"200,000-500,000",M-Pesa,2,0.05,0.92,0.4,0.5,Tecno,China,Mid-Range,New,287613,7.4,Physical Store,Mobile Money,0,2,0.338,0.296,1.0,0.863,1.0,1.0,0.601,0.79,1
CUST_02668,23,Female,Arusha,Christian,Chagga,Master+,"500,001-1,000,000",M-Pesa,4,0.46,0.71,0.76,1.0,Vivo,China,Mid-Range,New,322617,6.1,Physical Store,Mobile Money,0,1,0.427,0.464,1.0,0.665,1.0,0.8,0.636,0.7,1
CUST_01621,15,Male,Zanzibar,Christian,Sukuma,No formal,"<200,000",None,4,0.48,0.78,0.65,0.0,Vivo,China,Mid-Range,New,461447,6.4,Physical Store,Cash,0,1,0.1,0.416,1.0,0.62,1.0,1.0,0.582,0.69,0
CUST_02034,21,Female,Zanzibar,Christian,Makonde,Primary,"<200,000",Halopesa,4,0.14,0.83,0.35,0.5,Apple,USA,Premium,New,2475775,8.4,Mobile,Cash,0,11,0.0,0.294,1.0,0.934,1.0,1.0,0.378,0.41,1
CUST_00066,24,Female,Dodoma,Christian,Sukuma,Secondary,"<200,000",Airtel Money,2,0.05,0.73,0.83,0.3,Infinix,China,Mid-Range,New,288761,6.3,Physical Store,Mobile Money,0,1,0.473,0.523,1.0,0.52,1.0,1.0,0.595,0.72,1
CUST_01181,28,Female,Dar es Salaam,Christian,Makonde,Bachelor,"500,001-1,000,000",Tigo Pesa,2,0.16,0.48,0.71,0.7,Nokia,Finland,Mid-Range,New,281108,6.8,Online,Mobile Money,0,1,0.663,0.483,1.0,0.756,1.0,1.0,0.551,0.75,1
CUST_00592,37,Male,Mwanza,Christian,Others,Primary,"<200,000",M-Pesa,4,0.27,0.87,0.59,0.5,Xiaomi,China,Mid-Range,New,467820,6.3,Physical Store,Mobile Money,0,2,0.0,0.372,1.0,0.821,1.0,1.0,0.295,0.68,1
CUST_04677,34,Male,Mbeya,Christian,Nyamwezi,Bachelor,"200,000-500,000",Airtel Money,4,0.25,0.98,0.64,0.0,Vivo,China,Mid-Range,New,559945,6.6,Online,Cash,0,2,0.0,0.422,1.0,0.776,1.0,1.0,0.472,0.68,1
CUST_02301,24,Female,Morogoro,Christian,Others,Primary,"200,000-500,000",Tigo Pesa,4,0.01,0.74,0.56,0.7,Samsung,South Korea,Premium,New,1321641,8.4,Mobile,Mobile Money,1,2,0.185,0.47,1.0,0.669,1.0,1.0,0.762,0.64,1
CUST_02363,27,Female,Morogoro,Christian,Chagga,Secondary,"<200,000",M-Pesa,5,0.27,0.92,0.57,0.7,Nokia,Finland,Mid-Range,New,271403,7.1,Online,Cash,0,1,0.376,0.405,1.0,0.538,1.0,1.0,0.608,0.77,1
CUST_01069,37,Female,Zanzibar,Muslim,Chagga,Bachelor,"200,000-500,000",Airtel Money,4,0.2,0.72,0.81,0.5,Tecno,China,Mid-Range,New,506293,6.2,Online,Cash,1,2,0.089,0.502,0.9,0.827,1.0,1.0,0.532,0.67,1
CUST_03950,47,Male,Morogoro,Muslim,Sukuma,Primary,"1,000,001-2,000,000",Tigo Pesa,4,0.29,0.48,0.35,0.0,Samsung,South Korea,Premium,New,1255211,9.7,Physical Store,Mobile Money,0,2,0.498,0.339,0.9,1.078,1.0,1.0,0.812,0.73,1
CUST_03584,32,Female,Mbeya,Christian,Sukuma,Diploma,"200,000-500,000",Tigo Pesa,2,0.09,0.91,0.39,0.5,Itel,China,Budget,New,213469,4.4,Physical Store,Cash,0,1,0.0,0.172,1.0,0.736,1.0,1.0,0.621,0.62,1
CUST_04684,34,Male,Tanga,Muslim,Gogo,No formal,"200,000-500,000",M-Pesa,5,0.07,0.99,0.43,0.7,Samsung,South Korea,Premium,New,679546,9.7,Physical Store,Cash,0,2,0.439,0.417,0.9,0.685,1.0,1.0,0.613,0.85,1
CUST_03648,40,Male,Mwanza,Christian,Sukuma,No formal,"<200,000",Airtel Money,4,0.19,0.78,0.52,0.7,Itel,China,Budget,New,91657,4.1,Online,Cash,0,2,0.523,0.213,1.0,0.925,1.0,1.0,0.222,0.63,1
CUST_01603,36,Male,Dar es Salaam,Christian,Gogo,Primary,"200,000-500,000",Airtel Money,3,0.04,0.85,0.73,0.5,Samsung,South Korea,Premium,New,1937691,8.0,Physical Store,Mobile Money,0,12,0.0,0.584,1.0,0.866,1.0,1.0,0.588,0.49,1
CUST_03591,33,Female,Dar es Salaam,Christian,Nyamwezi,No formal,"200,000-500,000",Tigo Pesa,1,0.36,0.8,0.82,0.5,Oppo,China,Mid-Range,New,264196,7.4,Physical Store,Mobile Money,1,1,0.472,0.607,1.0,0.644,1.0,1.0,0.66,0.79,1
CUST_04370,15,Male,Mwanza,Christian,Others,Primary,"200,000-500,000",M-Pesa,3,0.3,0.85,0.33,0.0,Infinix,China,Mid-Range,New,589378,7.7,Physical Store,Mobile Money,1,12,0.0,0.254,1.0,0.523,1.0,1.0,0.664,0.74,1
CUST_04074,15,Female,Dar es Salaam,Muslim,Others,Primary,"1,000,001-2,000,000",M-Pesa,4,0.59,0.42,0.41,0.5,Infinix,China,Mid-Range,New,280566,7.0,Physical Store,Cash,0,2,0.705,0.287,0.9,0.627,1.0,1.0,0.614,0.76,1
CUST_04295,30,Male,Mwanza,Christian,Sukuma,Primary,"200,000-500,000",Tigo Pesa,4,0.44,0.89,0.65,0.3,Apple,USA,Premium,New,954474,9.6,Physical Store,Mobile Money,0,2,0.292,0.624,1.0,0.638,1.0,1.0,0.636,0.79,0
CUST_04501,15,Female,Mwanza,Muslim,Others,Secondary,"<200,000",Airtel Money,4,0.69,0.73,0.53,0.7,Tecno,China,Mid-Range,New,462465,7.6,Physical Store,Cash,1,2,0.156,0.403,0.9,0.777,1.0,1.0,0.705,0.76,1
CUST_00536,22,Male,Dodoma,Christian,Chagga,Primary,"200,000-500,000",M-Pesa,5,0.06,0.89,0.5,0.3,Samsung,South Korea,Premium,New,869985,8.2,Physical Store,Mobile Money,0,1,0.355,0.41,1.0,0.731,1.0,1.0,0.53,0.72,1
CUST_02450,34,Female,Dar es Salaam,Christian,Others,Primary,"<200,000",Airtel Money,3,0.37,0.81,0.52,0.5,Huawei,China,Premium,New,1435138,8.7,Physical Store,Card,0,2,0.031,0.452,1.0,0.523,1.0,1.0,0.342,0.63,0
CUST_00724,35,Male,Zanzibar,Christian,Others,Diploma,"<200,000",M-Pesa,5,0.03,0.85,0.89,1.0,Infinix,China,Mid-Range,Used,223924,6.5,Physical Store,Mobile Money,0,2,0.524,0.578,1.0,0.774,0.6,0.8,0.698,0.75,1
CUST_04441,23,Male,Dar es Salaam,Christian,Sukuma,No formal,"200,000-500,000",Tigo Pesa,2,0.23,0.74,0.81,0.5,Xiaomi,China,Mid-Range,New,491413,6.2,Physical Store,Mobile Money,0,1,0.091,0.502,1.0,0.626,1.0,1.0,0.689,0.67,0
CUST_02609,20,Male,Mwanza,Muslim,Gogo,Primary,"<200,000",M-Pesa,4,0.13,0.85,0.89,0.5,Nokia,Finland,Mid-Range,New,380438,7.1,Physical Store,Mobile Money,0,2,0.192,0.632,0.9,0.655,1.0,1.0,0.455,0.75,1
CUST_04338,37,Female,Zanzibar,Muslim,Nyamwezi,Diploma,">2,000,000",Halopesa,3,0.36,0.19,0.74,0.5,Infinix,China,Mid-Range,New,279180,7.8,Physical Store,Mobile Money,0,2,0.867,0.577,0.9,0.659,1.0,1.0,0.58,0.81,1
CUST_00661,41,Female,Tanga,Muslim,Others,Primary,"500,001-1,000,000",M-Pesa,3,0.33,0.74,0.77,0.3,Huawei,China,Premium,New,1967662,8.4,Physical Store,Cash,1,12,0.0,0.647,0.9,0.974,1.0,1.0,0.468,0.51,1
CUST_00720,31,Male,Arusha,Christian,Sukuma,Primary,"500,001-1,000,000",Tigo Pesa,2,0.22,0.47,0.58,0.5,Nokia,Finland,Mid-Range,New,479575,7.4,Online,Card,1,2,0.436,0.429,1.0,0.511,1.0,1.0,0.701,0.75,1
CUST_03284,22,Female,Dodoma,Muslim,Others,Primary,"500,001-1,000,000",Tigo Pesa,2,0.21,0.77,0.38,0.5,Samsung,South Korea,Premium,New,2017981,8.7,Physical Store,Cash,0,11,0.0,0.331,0.9,0.602,1.0,1.0,0.675,0.52,1
CUST_00571,18,Female,Mbeya,Christian,Sukuma,Diploma,"<200,000",Tigo Pesa,3,0.17,0.82,0.46,0.3,Huawei,China,Premium,New,936301,9.4,Physical Store,Cash,0,2,0.36,0.432,1.0,0.927,1.0,1.0,0.562,0.78,1
CUST_03630,20,Female,Mwanza,Christian,Others,Secondary,"1,000,001-2,000,000",None,2,0.11,0.47,0.84,0.0,Huawei,China,Premium,New,1754394,9.7,Online,Cash,0,2,0.313,0.815,1.0,0.786,1.0,1.0,0.671,0.63,1
CUST_00485,28,Male,Morogoro,Christian,Chagga,Secondary,"500,001-1,000,000",M-Pesa,5,0.19,0.73,0.36,0.7,Vivo,China,Mid-Range,New,582211,7.3,Physical Store,Cash,0,12,0.0,0.263,1.0,0.791,1.0,1.0,0.407,0.72,1
CUST_03442,23,Male,Zanzibar,Muslim,Nyamwezi,Primary,"<200,000",M-Pesa,1,0.54,0.88,0.44,0.0,Huawei,China,Premium,New,2279314,9.1,Online,Cash,0,12,0.0,0.4,0.9,0.997,1.0,1.0,0.512,0.49,1
CUST_01784,28,Male,Mwanza,Christian,Others,Secondary,"<200,000",Airtel Money,3,0.23,0.78,0.7,0.7,Xiaomi,China,Mid-Range,New,560458,7.0,Physical Store,Mobile Money,0,2,0.0,0.49,1.0,0.546,1.0,1.0,0.29,0.71,1
CUST_02343,20,Female,Mwanza,Muslim,Others,No formal,"1,000,001-2,000,000",M-Pesa,4,0.23,0.36,0.77,0.0,Infinix,China,Mid-Range,New,430655,6.6,Physical Store,Cash,1,2,0.612,0.508,0.9,0.729,1.0,1.0,0.594,0.71,1
CUST_01504,25,Male,Zanzibar,Christian,Sukuma,Secondary,"200,000-500,000",Airtel Money,3,0.46,0.83,0.88,0.3,Vivo,China,Mid-Range,New,386706,7.3,Mobile,Mobile Money,0,2,0.198,0.642,1.0,0.69,1.0,1.0,0.619,0.76,1
CUST_04405,18,Male,Dodoma,Christian,Others,Secondary,"200,000-500,000",None,5,0.6,0.83,0.37,0.5,Samsung,South Korea,Premium,New,745440,9.9,Physical Store,Mobile Money,0,2,0.484,0.366,1.0,0.621,1.0,1.0,0.689,0.84,1
CUST_02266,18,Female,Dar es Salaam,Muslim,Sukuma,Primary,"500,001-1,000,000",M-Pesa,2,0.31,0.46,0.74,1.0,Samsung,South Korea,Premium,New,1938414,9.3,Physical Store,Cash,0,1,0.257,0.688,0.9,0.851,1.0,0.8,0.576,0.57,0
CUST_04520,37,Male,Mwanza,Muslim,Others,No formal,"1,000,001-2,000,000",M-Pesa,1,0.1,0.4,0.77,0.0,Nokia,Finland,Mid-Range,New,549717,7.4,Physical Store,Cash,0,1,0.45,0.57,0.9,0.977,1.0,1.0,0.812,0.73,1
CUST_00486,15,Female,Dodoma,Christian,Others,Bachelor,"<200,000",Tigo Pesa,3,0.08,0.83,0.42,0.7,Tecno,China,Mid-Range,New,415098,6.9,Physical Store,Mobile Money,0,1,0.139,0.29,1.0,0.854,1.0,1.0,0.549,0.73,1
CUST_00537,29,Male,Mbeya,Christian,Others,Primary,"<200,000",M-Pesa,2,0.07,0.79,0.61,0.3,Apple,USA,Premium,New,630186,9.5,Physical Store,Card,0,2,0.585,0.58,1.0,0.928,1.0,1.0,0.663,0.84,1
CUST_03611,22,Male,Arusha,Muslim,Makonde,No formal,"1,000,001-2,000,000",Tigo Pesa,1,0.15,0.22,0.87,0.5,Nokia,Finland,Mid-Range,New,575535,7.1,Physical Store,Mobile Money,0,1,0.683,0.618,0.9,0.672,1.0,1.0,0.709,0.71,0
CUST_03752,21,Male,Tanga,Christian,Sukuma,Secondary,"<200,000",Airtel Money,4,0.32,0.86,0.41,0.5,Samsung,South Korea,Premium,New,1415084,9.6,Physical Store,Mobile Money,1,2,0.0,0.394,1.0,0.742,1.0,1.0,0.378,0.69,1
CUST_00541,43,Male,Dodoma,Muslim,Nyamwezi,Secondary,"200,000-500,000",Airtel Money,3,0.32,0.88,0.56,0.0,Vivo,China,Mid-Range,New,345120,6.8,Physical Store,Card,0,12,0.241,0.381,0.9,0.507,1.0,1.0,0.491,0.74,0
CUST_00105,24,Female,Mwanza,Christian,Chagga,No formal,"200,000-500,000",M-Pesa,1,0.13,0.95,0.36,0.3,Huawei,China,Premium,New,1611048,8.8,Physical Store,Cash,1,2,0.0,0.317,1.0,0.598,1.0,1.0,0.499,0.61,1
CUST_02900,40,Female,Mbeya,Christian,Sukuma,No formal,"200,000-500,000",None,2,0.11,0.99,0.83,0.5,Infinix,China,Mid-Range,New,363746,6.5,Physical Store,Mobile Money,0,1,0.1,0.54,1.0,0.509,1.0,1.0,0.521,0.72,1
CUST_00664,29,Female,Dar es Salaam,Christian,Makonde,Bachelor,"200,000-500,000",Tigo Pesa,5,0.21,0.9,0.47,0.5,Infinix,China,Mid-Range,New,575195,7.4,Online,Cash,1,11,0.0,0.348,1.0,0.506,1.0,1.0,0.44,0.73,1
CUST_00374,35,Male,Mbeya,Muslim,Others,Secondary,"1,000,001-2,000,000",Tigo Pesa,5,0.12,0.23,0.82,0.7,Itel,China,Budget,New,244213,4.5,Physical Store,Mobile Money,0,12,0.626,0.369,0.9,0.844,1.0,1.0,0.631,0.62,1
CUST_00620,26,Female,Morogoro,Muslim,Others,Primary,"200,000-500,000",Tigo Pesa,3,0.18,0.73,0.8,0.0,Apple,USA,Premium,New,1075157,8.8,Physical Store,Card,1,2,0.346,0.704,0.9,1.109,1.0,1.0,0.638,0.71,1
CUST_00600,31,Female,Mbeya,Muslim,Gogo,Primary,"<200,000",M-Pesa,3,0.28,0.92,0.44,0.0,Apple,USA,Premium,New,877635,8.8,Online,Cash,1,2,0.327,0.387,0.9,0.779,1.0,1.0,0.503,0.75,1
CUST_00898,18,Female,Morogoro,Christian,Others,Secondary,">2,000,000",Airtel Money,3,0.12,0.48,0.43,0.5,Huawei,China,Premium,New,2297712,9.5,Physical Store,Card,0,1,0.081,0.408,1.0,0.748,1.0,1.0,0.494,0.51,1
CUST_03218,40,Female,Tanga,Muslim,Others,Diploma,"200,000-500,000",Airtel Money,4,0.34,0.71,0.43,0.3,Huawei,China,Premium,New,786859,9.2,Physical Store,Card,0,2,0.534,0.396,0.9,0.964,1.0,1.0,0.636,0.79,0
CUST_03186,41,Male,Arusha,Christian,Others,Diploma,"500,001-1,000,000",M-Pesa,3,0.15,0.63,0.85,0.5,Oppo,China,Mid-Range,New,304166,7.8,Physical Store,Mobile Money,1,2,0.521,0.663,1.0,0.969,1.0,1.0,0.763,0.81,0
CUST_02522,29,Male,Mbeya,Muslim,Others,Bachelor,"200,000-500,000",M-Pesa,3,0.04,0.93,0.69,0.5,Apple,USA,Premium,New,1815924,8.8,Physical Store,Mobile Money,0,2,0.0,0.607,0.9,0.852,1.0,1.0,0.495,0.56,1
CUST_02347,31,Male,Dar es Salaam,Muslim,Gogo,Secondary,"500,001-1,000,000",Halopesa,4,0.24,0.41,0.78,0.3,Xiaomi,China,Mid-Range,Used,338880,6.8,Physical Store,Mobile Money,0,2,0.653,0.53,0.9,0.982,0.6,1.0,0.78,0.74,1
CUST_01112,23,Male,Dar es Salaam,Muslim,Nyamwezi,Primary,"200,000-500,000",Airtel Money,1,0.36,0.94,0.68,0.3,Itel,China,Budget,New,109852,4.6,Online,Cash,0,12,0.312,0.313,0.9,0.99,1.0,1.0,0.571,0.65,1
CUST_03452,15,Male,Zanzibar,Christian,Gogo,Secondary,"<200,000",Halopesa,5,0.21,0.97,0.34,0.5,Samsung,South Korea,Premium,New,1451358,10.0,Physical Store,Card,1,2,0.0,0.34,1.0,1.181,1.0,1.0,0.536,0.71,1
CUST_03587,15,Male,Mwanza,Christian,Others,Secondary,"200,000-500,000",Tigo Pesa,2,0.27,0.9,0.84,0.0,Samsung,South Korea,Premium,New,2206661,8.5,Physical Store,Cash,1,2,0.0,0.714,1.0,0.649,1.0,1.0,0.595,0.47,1
CUST_04407,20,Male,Dar es Salaam,Christian,Gogo,Bachelor,"200,000-500,000",Halopesa,5,0.22,0.72,0.41,0.3,Xiaomi,China,Mid-Range,Used,424034,5.9,Physical Store,Mobile Money,0,11,0.237,0.242,1.0,0.801,0.6,1.0,0.371,0.67,1
CUST_02362,24,Male,Dar es Salaam,Muslim,Sukuma,Secondary,"<200,000",Halopesa,2,0.42,0.77,0.6,0.3,Tecno,China,Mid-Range,New,314818,7.1,Physical Store,Mobile Money,0,2,0.394,0.426,0.9,0.846,1.0,1.0,0.57,0.76,1
CUST_03419,16,Male,Dar es Salaam,Christian,Others,Master+,"500,001-1,000,000",Tigo Pesa,4,0.15,0.63,0.73,0.5,Samsung,South Korea,Premium,New,1578118,8.9,Physical Store,Cash,0,1,0.171,0.65,1.0,0.683,1.0,1.0,0.64,0.62,1
CUST_02734,20,Female,Arusha,Christian,Others,Primary,"<200,000",Tigo Pesa,5,0.18,0.97,0.5,0.5,Infinix,China,Mid-Range,New,371739,7.7,Physical Store,Cash,1,2,0.099,0.385,1.0,0.813,1.0,1.0,0.555,0.79,1
CUST_00875,15,Female,Mbeya,Muslim,Sukuma,Diploma,"<200,000",Tigo Pesa,5,0.41,0.72,0.82,0.7,Nokia,Finland,Mid-Range,New,262578,6.7,Physical Store,Cash,1,2,0.527,0.549,0.9,0.64,1.0,1.0,0.705,0.75,0
CUST_00356,16,Female,Dar es Salaam,Christian,Sukuma,Bachelor,"500,001-1,000,000",Airtel Money,1,0.02,0.67,0.6,0.5,Nokia,Finland,Mid-Range,Used,215518,6.4,Online,Mobile Money,1,2,0.639,0.384,1.0,0.546,0.6,1.0,0.444,0.74,1
CUST_02235,48,Male,Zanzibar,Muslim,Others,Bachelor,"200,000-500,000",Tigo Pesa,5,0.43,0.91,0.43,0.7,Infinix,China,Mid-Range,New,321105,6.4,Physical Store,Mobile Money,0,2,0.269,0.275,0.9,0.565,1.0,1.0,0.397,0.72,1
CUST_01648,29,Female,Mwanza,Muslim,Chagga,Diploma,"500,001-1,000,000",M-Pesa,5,0.17,0.43,0.41,0.0,Oppo,China,Mid-Range,New,279979,7.7,Physical Store,Mobile Money,0,2,0.699,0.316,0.9,0.549,1.0,1.0,0.633,0.81,1
CUST_03914,28,Female,Tanga,Muslim,Sukuma,Bachelor,"200,000-500,000",Tigo Pesa,5,0.4,0.72,0.89,0.5,Samsung,South Korea,Premium,New,1421564,8.6,Physical Store,Cash,0,2,0.147,0.765,0.9,1.082,1.0,1.0,0.617,0.63,1
CUST_01448,27,Female,Dar es Salaam,Christian,Chagga,No formal,"200,000-500,000",M-Pesa,1,0.15,0.83,0.39,0.0,Infinix,China,Mid-Range,New,477818,7.5,Physical Store,Cash,1,12,0.009,0.292,1.0,0.794,1.0,1.0,0.485,0.75,1
CUST_04136,31,Female,Arusha,Muslim,Others,Bachelor,"500,001-1,000,000",Tigo Pesa,4,0.79,0.69,0.36,0.7,Nokia,Finland,Mid-Range,New,575833,7.4,Physical Store,Cash,0,2,0.007,0.266,0.9,0.977,1.0,1.0,0.448,0.73,1
CUST_03477,18,Male,Mbeya,Christian,Gogo,Diploma,"500,001-1,000,000",Airtel Money,3,0.19,0.71,0.62,0.3,Apple,USA,Premium,New,2371786,9.1,Online,Cash,0,2,0.0,0.564,1.0,1.172,1.0,1.0,0.625,0.47,1
CUST_01165,41,Female,Tanga,Christian,Others,Secondary,"<200,000",M-Pesa,5,0.04,0.76,0.56,0.5,Xiaomi,China,Mid-Range,New,540338,7.5,Online,Cash,1,2,0.0,0.42,1.0,0.575,1.0,1.0,0.473,0.74,1
CUST_00972,24,Female,Mbeya,Christian,Others,Primary,"<200,000",Airtel Money,3,0.61,0.84,0.58,1.0,Infinix,China,Mid-Range,New,257141,7.7,Physical Store,Mobile Money,0,10,0.46,0.447,1.0,0.873,1.0,0.8,0.716,0.81,0
CUST_01549,43,Male,Dar es Salaam,Christian,Others,Primary,"<200,000",Airtel Money,5,0.4,0.8,0.62,1.0,Tecno,China,Mid-Range,New,302934,6.4,Physical Store,Mobile Money,0,12,0.394,0.397,1.0,0.553,1.0,0.8,0.651,0.72,1
CUST_02489,18,Male,Dodoma,Christian,Others,Primary,"1,000,001-2,000,000",M-Pesa,4,0.19,0.26,0.79,0.3,Itel,China,Budget,New,103371,6.5,Mobile,Mobile Money,1,11,0.821,0.514,1.0,0.985,1.0,1.0,0.673,0.77,1
CUST_00844,23,Female,Dodoma,Christian,Sukuma,No formal,"1,000,001-2,000,000",Tigo Pesa,4,0.52,0.16,0.35,0.3,Apple,USA,Premium,New,1276553,9.0,Physical Store,Cash,0,2,0.83,0.315,1.0,1.044,1.0,1.0,0.766,0.68,1
CUST_01032,41,Male,Morogoro,Muslim,Others,Diploma,"500,001-1,000,000",Airtel Money,2,0.13,0.54,0.4,0.3,Oppo,China,Mid-Range,New,344526,6.7,Physical Store,Mobile Money,0,9,0.535,0.268,0.9,0.876,1.0,1.0,0.835,0.73,0
CUST_02625,23,Female,Dar es Salaam,Christian,Haya,Primary,"200,000-500,000",M-Pesa,3,0.16,0.96,0.3,0.3,Apple,USA,Premium,New,2452381,9.1,Physical Store,Mobile Money,0,2,0.0,0.273,1.0,1.054,1.0,1.0,0.599,0.46,1
CUST_02705,31,Female,Dodoma,Christian,Chagga,Primary,"500,001-1,000,000",Tigo Pesa,2,0.29,0.79,0.37,0.5,Apple,USA,Premium,Used,458128,7.9,Online,Cash,0,2,0.698,0.292,1.0,0.871,0.6,1.0,0.645,0.78,1
CUST_02282,15,Female,Mwanza,Christian,Haya,Secondary,"200,000-500,000",M-Pesa,4,0.19,0.88,0.8,0.5,Apple,USA,Premium,New,1394378,8.8,Physical Store,Mobile Money,1,2,0.0,0.704,1.0,0.728,1.0,1.0,0.414,0.65,1
CUST_02938,31,Female,Mwanza,Christian,Others,Diploma,"200,000-500,000",Tigo Pesa,5,0.19,0.76,0.35,0.0,Apple,USA,Premium,New,1041648,8.1,Mobile,Cash,0,2,0.34,0.284,1.0,0.629,1.0,1.0,0.528,0.68,0
CUST_02384,32,Female,Dar es Salaam,Muslim,Others,Diploma,"<200,000",M-Pesa,3,0.35,0.88,0.61,0.0,Infinix,China,Mid-Range,New,280911,6.9,Online,Cash,0,2,0.382,0.421,0.9,0.895,1.0,1.0,0.758,0.76,1
CUST_02397,40,Male,Dodoma,Muslim,Others,Bachelor,"1,000,001-2,000,000",Tigo Pesa,4,0.06,0.41,0.53,0.5,Tecno,China,Mid-Range,New,370736,7.4,Physical Store,Cash,0,2,0.62,0.392,0.9,0.521,1.0,1.0,0.489,0.77,1
CUST_04755,34,Male,Dar es Salaam,Christian,Others,Secondary,"<200,000",M-Pesa,5,0.14,0.94,0.71,0.5,Apple,USA,Premium,New,885518,9.3,Physical Store,Mobile Money,0,1,0.306,0.66,1.0,0.914,1.0,1.0,0.467,0.78,1
CUST_01620,20,Female,Dar es Salaam,Christian,Others,Secondary,"200,000-500,000",M-Pesa,2,0.05,0.92,0.4,0.5,Tecno,China,Mid-Range,Used,285501,5.6,Physical Store,Mobile Money,1,11,0.343,0.224,1.0,0.555,0.6,1.0,0.366,0.68,1
CUST_01925,29,Female,Dodoma,Christian,Sukuma,No formal,"<200,000",Airtel Money,5,0.56,0.78,0.33,0.5,Huawei,China,Premium,New,2321975,9.6,Physical Store,Cash,0,1,0.0,0.317,1.0,0.641,1.0,1.0,0.535,0.51,1
CUST_04557,15,Male,Dar es Salaam,Muslim,Sukuma,Primary,"500,001-1,000,000",M-Pesa,3,0.27,0.8,0.62,0.7,Apple,USA,Premium,New,1141659,8.1,Physical Store,Cash,0,1,0.239,0.502,0.9,0.646,1.0,1.0,0.61,0.66,0
CUST_02342,33,Female,Mwanza,Christian,Sukuma,Bachelor,"500,001-1,000,000",Tigo Pesa,1,0.23,0.64,0.87,0.3,Apple,USA,Premium,New,1418185,8.3,Physical Store,Card,1,1,0.244,0.722,1.0,1.079,1.0,1.0,0.714,0.61,0
CUST_02926,18,Female,Mbeya,Christian,Others,Primary,"200,000-500,000",M-Pesa,4,0.55,0.79,0.33,0.5,Samsung,South Korea,Premium,New,1394610,9.8,Online,Cash,0,1,0.082,0.323,1.0,0.982,1.0,1.0,0.543,0.71,1
CUST_00597,33,Male,Zanzibar,Christian,Others,Bachelor,"<200,000",M-Pesa,3,0.11,0.93,0.89,0.7,Oppo,China,Mid-Range,Used,278383,6.6,Physical Store,Cash,0,2,0.353,0.587,1.0,0.629,0.6,1.0,0.671,0.74,0
CUST_04277,15,Male,Mbeya,Christian,Others,Secondary,"200,000-500,000",M-Pesa,3,0.55,0.79,0.83,0.5,Samsung,South Korea,Premium,New,2197791,9.7,Physical Store,Card,1,12,0.0,0.805,1.0,1.013,1.0,1.0,0.627,0.54,0
CUST_01380,50,Male,Mbeya,Muslim,Others,Primary,"200,000-500,000",M-Pesa,2,0.23,1.0,0.39,0.3,Infinix,China,Mid-Range,New,315064,6.8,Online,Cash,0,2,0.212,0.265,0.9,0.698,1.0,1.0,0.464,0.74,1
CUST_02475,15,Male,Mwanza,Muslim,Others,Diploma,"<200,000",None,1,0.48,0.92,0.51,0.0,Huawei,China,Premium,New,2004368,8.2,Physical Store,Cash,1,2,0.0,0.418,0.9,0.648,1.0,1.0,0.491,0.49,1
CUST_00270,20,Male,Mbeya,Christian,Gogo,Primary,"200,000-500,000",M-Pesa,2,0.19,0.98,0.31,0.0,Apple,USA,Premium,New,1161166,8.6,Mobile,Cash,1,2,0.052,0.267,1.0,0.616,1.0,1.0,0.471,0.68,1
CUST_03058,40,Female,Dar es Salaam,Muslim,Nyamwezi,Primary,">2,000,000",M-Pesa,5,0.35,0.44,0.57,0.3,Samsung,South Korea,Premium,Used,1043658,7.7,Physical Store,Mobile Money,0,2,0.617,0.439,0.9,0.783,0.6,1.0,0.618,0.65,1
CUST_04948,29,Female,Dar es Salaam,Christian,Chagga,Primary,"200,000-500,000",M-Pesa,4,0.11,0.73,0.3,0.5,Huawei,China,Premium,New,1391792,9.8,Physical Store,Mobile Money,0,11,0.153,0.294,1.0,0.734,1.0,1.0,0.536,0.71,1
CUST_04976,35,Male,Tanga,Christian,Gogo,Secondary,"<200,000",Tigo Pesa,5,0.53,0.97,0.41,0.3,Itel,China,Budget,New,193200,5.9,Physical Store,Cash,0,2,0.0,0.242,1.0,0.866,1.0,1.0,0.47,0.72,1
CUST_01477,26,Male,Mwanza,Christian,Others,Secondary,"200,000-500,000",Tigo Pesa,3,0.51,0.82,0.46,0.7,Itel,China,Budget,New,161601,5.7,Online,Mobile Money,0,2,0.117,0.262,1.0,0.668,1.0,1.0,0.478,0.71,1
CUST_01936,28,Male,Dar es Salaam,Muslim,Chagga,Primary,"200,000-500,000",Airtel Money,4,0.18,0.86,0.65,0.3,Vivo,China,Mid-Range,New,407017,6.0,Physical Store,Cash,1,11,0.125,0.39,0.9,0.888,1.0,1.0,0.661,0.68,1
CUST_03541,18,Female,Dar es Salaam,Christian,Others,Bachelor,"200,000-500,000",Tigo Pesa,1,0.43,0.91,0.75,0.5,Tecno,China,Mid-Range,New,463952,6.2,Physical Store,Mobile Money,0,2,0.0,0.465,1.0,0.904,1.0,1.0,0.535,0.68,1
CUST_03749,39,Male,Mwanza,Christian,Sukuma,Diploma,"1,000,001-2,000,000",M-Pesa,3,0.28,0.13,0.34,1.0,Apple,USA,Premium,New,1368620,8.9,Physical Store,Mobile Money,0,2,0.852,0.303,1.0,1.153,1.0,0.8,0.642,0.66,1
CUST_03011,22,Male,Mbeya,Christian,Nyamwezi,Primary,">2,000,000",Tigo Pesa,4,0.1,0.36,0.86,0.0,Vivo,China,Mid-Range,New,340714,7.3,Physical Store,Cash,0,1,0.693,0.628,1.0,0.961,1.0,1.0,0.717,0.77,1
CUST_02867,23,Female,Dar es Salaam,Christian,Nyamwezi,Secondary,"200,000-500,000",M-Pesa,4,0.45,0.73,0.89,0.3,Huawei,China,Premium,New,1894478,9.2,Physical Store,Cash,1,2,0.0,0.819,1.0,0.955,1.0,1.0,0.57,0.57,1
CUST_01356,41,Female,Dar es Salaam,Muslim,Chagga,Primary,"500,001-1,000,000",M-Pesa,1,0.13,0.79,0.44,0.7,Nokia,Finland,Mid-Range,New,478340,6.8,Physical Store,Mobile Money,0,2,0.055,0.299,0.9,0.77,1.0,1.0,0.536,0.71,1
CUST_02141,23,Female,Dodoma,Christian,Nyamwezi,Secondary,"200,000-500,000",M-Pesa,4,0.66,0.8,0.39,1.0,Apple,USA,Premium,New,1979142,8.0,Online,Cash,0,2,0.0,0.312,1.0,0.849,1.0,0.8,0.353,0.48,1
CUST_01314,22,Male,Morogoro,Muslim,Nyamwezi,Primary,"500,001-1,000,000",M-Pesa,3,0.19,0.45,0.8,0.5,Vivo,China,Mid-Range,New,332212,6.6,Online,Mobile Money,0,11,0.626,0.528,0.9,0.532,1.0,1.0,0.615,0.73,1
CUST_02370,15,Male,Dodoma,Christian,Others,Secondary,"500,001-1,000,000",M-Pesa,4,0.15,0.43,0.5,0.5,Samsung,South Korea,Premium,New,2438341,9.8,Online,Cash,0,1,0.126,0.49,1.0,1.153,1.0,1.0,0.593,0.5,1
CUST_01268,30,Female,Dodoma,Muslim,Haya,Primary,"500,001-1,000,000",Airtel Money,1,0.46,0.64,0.4,0.5,Samsung,South Korea,Premium,New,1144438,9.2,Physical Store,Cash,0,12,0.39,0.368,0.9,1.173,1.0,1.0,0.76,0.72,1
CUST_03579,36,Male,Dar es Salaam,Christian,Others,No formal,"<200,000",M-Pesa,1,0.6,0.79,0.74,0.5,Xiaomi,China,Mid-Range,New,251724,6.2,Physical Store,Cash,0,2,0.503,0.459,1.0,0.627,1.0,1.0,0.572,0.72,0
CUST_01562,39,Male,Dar es Salaam,Christian,Haya,Secondary,"500,001-1,000,000",M-Pesa,3,0.28,0.73,0.35,0.3,Tecno,China,Mid-Range,New,362833,6.3,Physical Store,Card,0,2,0.338,0.22,1.0,0.842,1.0,1.0,0.651,0.71,1
CUST_00976,23,Female,Tanga,Muslim,Gogo,Primary,"<200,000",Airtel Money,1,0.11,0.95,0.4,0.5,Nokia,Finland,Mid-Range,New,289183,6.2,Mobile,Mobile Money,0,2,0.313,0.248,0.9,0.736,1.0,1.0,0.585,0.71,1
CUST_04074,15,Female,Dar es Salaam,Muslim,Others,Primary,"1,000,001-2,000,000",M-Pesa,4,0.59,0.42,0.41,0.5,Nokia,Finland,Mid-Range,Used,340558,5.5,Online,Cash,0,2,0.642,0.226,0.9,0.899,0.6,1.0,0.502,0.66,1
CUST_04161,15,Male,Dar es Salaam,Muslim,Makonde,Diploma,"200,000-500,000",Halopesa,5,0.68,0.78,0.38,0.0,Infinix,China,Mid-Range,New,453517,7.1,Mobile,Mobile Money,0,2,0.116,0.27,0.9,0.637,1.0,1.0,0.434,0.74,1
CUST_03777,28,Female,Mwanza,Christian,Others,Primary,"500,001-1,000,000",M-Pesa,5,0.19,0.55,0.84,0.3,Tecno,China,Mid-Range,New,494919,6.0,Physical Store,Cash,0,2,0.319,0.504,1.0,0.814,1.0,1.0,0.356,0.66,1
CUST_02896,15,Male,Dodoma,Christian,Nyamwezi,Diploma,"200,000-500,000",Airtel Money,4,0.04,1.0,0.43,0.0,Infinix,China,Mid-Range,New,430882,6.7,Physical Store,Cash,0,2,0.0,0.288,1.0,0.998,1.0,1.0,0.328,0.72,1
CUST_03209,24,Female,Tanga,Christian,Makonde,Secondary,"200,000-500,000",None,4,0.33,0.72,0.53,0.5,Apple,USA,Premium,New,992003,8.4,Physical Store,Cash,0,2,0.405,0.445,1.0,1.077,1.0,1.0,0.76,0.71,0
CUST_03993,40,Male,Mbeya,Christian,Others,No formal,"<200,000",Airtel Money,4,0.09,0.84,0.3,0.5,Nokia,Finland,Mid-Range,New,279789,6.3,Physical Store,Mobile Money,0,2,0.412,0.189,1.0,0.738,1.0,1.0,0.472,0.72,1
CUST_04212,17,Female,Mbeya,Christian,Chagga,Diploma,"200,000-500,000",Airtel Money,3,0.07,0.88,0.89,0.5,Infinix,China,Mid-Range,New,409031,6.6,Online,Mobile Money,0,1,0.1,0.587,1.0,0.771,1.0,1.0,0.684,0.71,1
CUST_03626,30,Female,Mbeya,Muslim,Others,Secondary,"1,000,001-2,000,000",Tigo Pesa,4,0.38,0.31,0.7,0.5,Nokia,Finland,Mid-Range,New,542731,7.7,Physical Store,Mobile Money,1,2,0.579,0.539,0.9,0.667,1.0,1.0,0.715,0.75,1
CUST_00979,35,Male,Arusha,Muslim,Chagga,Primary,"200,000-500,000",Tigo Pesa,3,0.3,0.96,0.63,0.3,Infinix,China,Mid-Range,New,447965,7.9,Mobile,Cash,0,2,0.0,0.498,0.9,0.82,1.0,1.0,0.389,0.78,0
CUST_04022,32,Female,Arusha,Christian,Others,No formal,"200,000-500,000",M-Pesa,5,0.03,0.88,0.53,0.7,Xiaomi,China,Mid-Range,New,433279,7.8,Online,Mobile Money,1,2,0.047,0.413,1.0,0.867,1.0,1.0,0.557,0.78,0
CUST_03960,23,Female,Arusha,Muslim,Sukuma,Secondary,"200,000-500,000",Airtel Money,2,0.43,0.9,0.76,0.3,Oppo,China,Mid-Range,New,567285,7.4,Physical Store,Cash,0,2,0.0,0.562,0.9,0.696,1.0,1.0,0.537,0.73,1
CUST_01174,15,Female,Mwanza,Christian,Others,Primary,"200,000-500,000",Halopesa,4,0.38,0.8,0.4,0.5,Nokia,Finland,Mid-Range,Used,478534,6.6,Physical Store,Cash,0,1,0.043,0.264,1.0,0.888,0.6,1.0,0.269,0.7,1
CUST_03610,28,Male,Zanzibar,Christian,Makonde,Bachelor,"500,001-1,000,000",M-Pesa,2,0.4,0.74,0.89,0.3,Xiaomi,China,Mid-Range,New,389623,6.5,Mobile,Card,0,12,0.279,0.578,1.0,0.521,1.0,1.0,0.548,0.71,1
CUST_04045,40,Male,Morogoro,Christian,Sukuma,No formal,"<200,000",M-Pesa,3,0.11,0.86,0.43,0.7,Apple,USA,Premium,New,1411591,8.9,Physical Store,Cash,0,1,0.0,0.383,1.0,1.161,1.0,1.0,0.522,0.65,1
CUST_02793,19,Male,Dodoma,Muslim,Others,Secondary,"500,001-1,000,000",M-Pesa,3,0.14,0.71,0.36,0.7,Apple,USA,Premium,Used,1879330,8.6,Physical Store,Cash,0,1,0.0,0.31,0.9,0.727,0.6,1.0,0.62,0.54,1
CUST_04551,29,Female,Tanga,Muslim,Others,Secondary,"200,000-500,000",Airtel Money,5,0.19,0.9,0.61,0.0,Huawei,China,Premium,New,602282,8.3,Physical Store,Cash,0,10,0.548,0.506,0.9,0.636,1.0,1.0,0.673,0.78,0
CUST_02559,32,Male,Arusha,Muslim,Others,Primary,"500,001-1,000,000",Airtel Money,3,0.09,0.74,0.7,1.0,Oppo,China,Mid-Range,New,418214,7.8,Physical Store,Cash,0,1,0.226,0.546,0.9,0.868,1.0,0.8,0.521,0.78,1
CUST_02140,32,Male,Tanga,Christian,Sukuma,Bachelor,"200,000-500,000",Tigo Pesa,3,0.09,0.83,0.63,0.5,Itel,China,Budget,New,216688,5.2,Physical Store,Cash,0,12,0.0,0.328,1.0,0.764,1.0,1.0,0.423,0.67,1
CUST_01340,40,Male,Dar es Salaam,Christian,Others,Diploma,"500,001-1,000,000",None,5,0.07,0.53,0.37,0.3,Tecno,China,Mid-Range,Used,205939,5.3,Physical Store,Cash,0,2,0.727,0.196,1.0,0.737,0.6,1.0,0.601,0.68,1
CUST_01988,30,Female,Dar es Salaam,Christian,Others,Secondary,"200,000-500,000",Airtel Money,3,0.52,0.98,0.32,0.3,Tecno,China,Mid-Range,New,268884,7.5,Physical Store,Cash,0,2,0.341,0.24,1.0,0.644,1.0,1.0,0.581,0.8,1
CUST_00553,28,Female,Dar es Salaam,Muslim,Others,Diploma,"200,000-500,000",M-Pesa,3,0.31,0.97,0.83,0.7,Infinix,China,Mid-Range,New,273624,6.9,Online,Card,1,12,0.336,0.573,0.9,0.578,1.0,1.0,0.574,0.76,1
CUST_03115,38,Female,Morogoro,Muslim,Others,No formal,"500,001-1,000,000",Tigo Pesa,5,0.43,0.67,0.41,0.5,Tecno,China,Mid-Range,New,320539,7.8,Online,Mobile Money,0,1,0.463,0.32,0.9,0.712,1.0,1.0,0.667,0.8,1
CUST_03294,45,Female,Mwanza,Christian,Others,Secondary,"200,000-500,000",Airtel Money,4,0.18,0.96,0.5,0.3,Apple,USA,Premium,New,1026179,9.9,Physical Store,Card,0,12,0.179,0.495,1.0,0.913,1.0,1.0,0.562,0.79,1
CUST_02445,16,Male,Arusha,Muslim,Sukuma,No formal,"<200,000",M-Pesa,1,0.07,0.9,0.66,0.5,Tecno,China,Mid-Range,New,396769,7.2,Physical Store,Cash,0,2,0.107,0.475,0.9,0.78,1.0,1.0,0.4,0.75,1
CUST_02579,48,Male,Tanga,Christian,Others,Diploma,"<200,000",Tigo Pesa,3,0.17,0.84,0.4,1.0,Tecno,China,Mid-Range,New,463399,7.5,Physical Store,Mobile Money,0,2,0.027,0.3,1.0,0.941,1.0,0.8,0.578,0.76,1
CUST_02812,28,Male,Mbeya,Muslim,Others,Diploma,"1,000,001-2,000,000",M-Pesa,5,0.23,0.35,0.63,0.3,Tecno,China,Mid-Range,New,576061,7.1,Physical Store,Mobile Money,1,2,0.496,0.447,0.9,0.854,1.0,1.0,0.66,0.71,0
CUST_02613,15,Female,Mwanza,Christian,Others,Secondary,"200,000-500,000",Halopesa,5,0.02,0.98,0.45,0.0,Tecno,China,Mid-Range,New,493547,7.9,Physical Store,Mobile Money,0,2,0.0,0.356,1.0,0.681,1.0,1.0,0.451,0.78,0
CUST_00354,15,Male,Dar es Salaam,Muslim,Others,Secondary,"200,000-500,000",M-Pesa,4,0.13,0.93,0.59,0.7,Samsung,South Korea,Premium,New,1934493,9.4,Mobile,Mobile Money,0,1,0.0,0.555,0.9,1.096,1.0,1.0,0.571,0.58,0
CUST_03091,19,Male,Dodoma,Muslim,Sukuma,Primary,"<200,000",Tigo Pesa,1,0.1,0.77,0.8,0.5,Itel,China,Budget,Used,116214,4.6,Online,Mobile Money,0,2,0.403,0.368,0.9,0.549,0.6,1.0,0.465,0.65,1
CUST_03471,33,Female,Mbeya,Christian,Others,Diploma,"<200,000",Tigo Pesa,5,0.09,0.71,0.56,0.0,Samsung,South Korea,Premium,New,1221603,8.5,Physical Store,Mobile Money,0,2,0.277,0.476,1.0,0.731,1.0,1.0,0.735,0.67,1
CUST_03478,28,Female,Tanga,Christian,Others,Primary,"<200,000",Airtel Money,5,0.3,0.71,0.77,0.5,Tecno,China,Mid-Range,New,592841,6.2,Physical Store,Mobile Money,1,12,0.0,0.477,1.0,0.905,1.0,1.0,0.502,0.65,1
CUST_01098,22,Male,Morogoro,Christian,Others,Primary,"200,000-500,000",Airtel Money,1,0.39,0.85,0.4,0.7,Oppo,China,Mid-Range,New,569673,6.8,Physical Store,Cash,0,1,0.0,0.272,1.0,0.9,1.0,1.0,0.623,0.69,1
CUST_02883,34,Male,Mbeya,Christian,Sukuma,Primary,"200,000-500,000",None,5,0.61,1.0,0.56,0.5,Infinix,China,Mid-Range,New,469461,6.3,Physical Store,Cash,0,2,0.0,0.353,1.0,0.675,1.0,1.0,0.408,0.68,1
CUST_00612,26,Male,Morogoro,Muslim,Sukuma,Secondary,"<200,000",Tigo Pesa,1,0.14,0.96,0.52,0.0,Tecno,China,Mid-Range,New,522335,6.2,Physical Store,Cash,0,2,0.0,0.322,0.9,0.526,1.0,1.0,0.348,0.67,1
CUST_00380,26,Female,Tanga,Other,Others,Secondary,"<200,000",M-Pesa,3,0.23,0.87,0.35,0.3,Huawei,China,Premium,New,2252153,9.3,Physical Store,Mobile Money,0,1,0.0,0.326,1.0,0.845,1.0,1.0,0.439,0.51,1
CUST_00511,20,Male,Dar es Salaam,Christian,Sukuma,Diploma,"1,000,001-2,000,000",M-Pesa,3,0.44,0.37,0.81,0.0,Apple,USA,Premium,New,2365136,8.1,Physical Store,Cash,0,2,0.271,0.656,1.0,0.6,1.0,1.0,0.632,0.41,1
CUST_01177,34,Male,Mwanza,Christian,Nyamwezi,Primary,"200,000-500,000",M-Pesa,5,0.3,0.86,0.89,0.5,Apple,USA,Premium,New,2254134,8.3,Physical Store,Mobile Money,0,2,0.0,0.739,1.0,0.807,1.0,1.0,0.542,0.45,1
CUST_04340,33,Female,Dodoma,Christian,Others,Primary,"500,001-1,000,000",Halopesa,2,0.31,0.74,0.43,0.3,Infinix,China,Mid-Range,Used,473657,5.2,Physical Store,Cash,0,2,0.124,0.224,1.0,0.712,0.6,1.0,0.466,0.62,1
CUST_02676,15,Male,Dar es Salaam,Christian,Others,Secondary,">2,000,000",Halopesa,1,0.33,0.18,0.77,0.3,Samsung,South Korea,Premium,New,1972087,8.1,Physical Store,Cash,0,2,0.704,0.624,1.0,0.615,1.0,1.0,0.728,0.49,1
CUST_04595,17,Female,Morogoro,Christian,Haya,Diploma,"200,000-500,000",None,4,0.04,0.79,0.71,0.0,Samsung,South Korea,Premium,Used,630958,7.2,Physical Store,Mobile Money,0,1,0.585,0.511,1.0,0.719,0.6,1.0,0.535,0.71,1
CUST_00465,36,Female,Arusha,Christian,Sukuma,Primary,"<200,000",M-Pesa,4,0.16,0.72,0.36,0.3,Infinix,China,Mid-Range,New,344573,6.5,Physical Store,Cash,0,2,0.38,0.234,1.0,0.954,1.0,1.0,0.572,0.72,1
CUST_02780,34,Male,Tanga,Christian,Nyamwezi,Secondary,"1,000,001-2,000,000",Airtel Money,2,0.06,0.48,0.79,0.3,Tecno,China,Mid-Range,New,385586,7.1,Physical Store,Cash,0,2,0.537,0.561,1.0,0.721,1.0,1.0,0.814,0.75,1
CUST_02761,39,Female,Morogoro,Christian,Makonde,Primary,"200,000-500,000",M-Pesa,2,0.28,0.77,0.77,0.3,Oppo,China,Mid-Range,New,372000,7.1,Online,Mobile Money,0,2,0.284,0.547,1.0,0.731,1.0,1.0,0.631,0.75,1
CUST_03308,33,Male,Mbeya,Muslim,Others,Secondary,"<200,000",M-Pesa,2,0.42,0.74,0.41,0.7,Nokia,Finland,Mid-Range,New,264240,7.1,Online,Cash,0,1,0.511,0.291,0.9,0.794,1.0,1.0,0.671,0.77,1
CUST_04214,15,Female,Arusha,Muslim,Haya,No formal,"500,001-1,000,000",Airtel Money,2,0.36,0.45,0.3,0.3,Tecno,China,Mid-Range,New,580123,6.4,Physical Store,Cash,1,1,0.347,0.192,0.9,0.589,1.0,1.0,0.519,0.67,1
CUST_00562,17,Male,Tanga,Christian,Others,Secondary,"<200,000",M-Pesa,4,0.13,0.84,0.33,1.0,Tecno,China,Mid-Range,New,489846,6.8,Physical Store,Mobile Money,0,2,0.0,0.224,1.0,0.944,1.0,0.8,0.469,0.71,1
CUST_04930,31,Female,Morogoro,Christian,Gogo,Secondary,"500,001-1,000,000",Airtel Money,5,0.12,0.67,0.35,0.3,Samsung,South Korea,Premium,New,1223475,8.4,Physical Store,Mobile Money,0,1,0.317,0.294,1.0,0.733,1.0,1.0,0.4,0.66,1
CUST_01934,36,Female,Dar es Salaam,Christian,Makonde,Primary,"200,000-500,000",M-Pesa,1,0.17,0.97,0.58,0.0,Apple,USA,Premium,New,1907650,9.6,Physical Store,Mobile Money,1,2,0.0,0.557,1.0,1.119,1.0,1.0,0.689,0.59,1
CUST_02593,21,Female,Dar es Salaam,Christian,Sukuma,Master+,"1,000,001-2,000,000",M-Pesa,4,0.28,0.3,0.33,1.0,Nokia,Finland,Mid-Range,New,438836,6.7,Physical Store,Mobile Money,0,10,0.671,0.221,1.0,0.777,1.0,0.8,0.672,0.71,0
CUST_01414,36,Male,Dar es Salaam,Christian,Sukuma,Diploma,"200,000-500,000",M-Pesa,3,0.56,0.94,0.57,0.5,Huawei,China,Premium,New,1257085,9.3,Physical Store,Card,0,1,0.015,0.53,1.0,0.656,1.0,1.0,0.58,0.71,1
CUST_04711,15,Female,Tanga,Muslim,Others,Secondary,"<200,000",Airtel Money,4,0.34,0.86,0.51,0.3,Tecno,China,Mid-Range,New,297884,7.6,Online,Mobile Money,0,2,0.36,0.388,0.9,0.647,1.0,1.0,0.635,0.8,1
CUST_01112,23,Male,Dar es Salaam,Muslim,Nyamwezi,Primary,"200,000-500,000",Airtel Money,1,0.36,0.94,0.68,0.3,Apple,USA,Premium,New,2158697,8.7,Physical Store,Cash,0,2,0.0,0.592,0.9,0.909,1.0,1.0,0.291,0.49,1
CUST_01769,17,Male,Mwanza,Christian,Nyamwezi,Primary,"1,000,001-2,000,000",Airtel Money,4,0.79,0.23,0.6,0.0,Tecno,China,Mid-Range,New,538375,6.9,Physical Store,Mobile Money,0,2,0.69,0.414,1.0,0.979,1.0,1.0,0.838,0.71,1
CUST_01466,15,Male,Mwanza,Christian,Others,No formal,"500,001-1,000,000",Airtel Money,4,0.34,0.63,0.48,0.3,Tecno,China,Mid-Range,Used,368167,6.2,Physical Store,Card,0,2,0.42,0.298,1.0,0.525,0.6,1.0,0.585,0.7,1
CUST_04583,26,Female,Zanzibar,Christian,Makonde,Primary,"1,000,001-2,000,000",M-Pesa,1,0.67,0.19,0.33,0.3,Infinix,China,Mid-Range,Used,250533,5.0,Physical Store,Mobile Money,0,2,0.881,0.165,1.0,0.932,0.6,1.0,0.982,0.65,1
CUST_03555,21,Female,Dar es Salaam,Christian,Nyamwezi,Secondary,"200,000-500,000",Airtel Money,2,0.18,0.91,0.32,0.3,Nokia,Finland,Mid-Range,New,572180,6.8,Physical Store,Cash,0,11,0.0,0.218,1.0,0.545,1.0,1.0,0.434,0.69,0
CUST_03541,18,Female,Dar es Salaam,Christian,Others,Bachelor,"200,000-500,000",Tigo Pesa,1,0.43,0.91,0.75,0.5,Itel,China,Budget,New,223292,4.2,Online,Card,0,2,0.0,0.315,1.0,0.889,1.0,1.0,0.63,0.61,1
CUST_02244,18,Male,Mwanza,Christian,Others,Primary,"500,001-1,000,000",Airtel Money,1,0.46,0.53,0.85,0.0,Vivo,China,Mid-Range,New,333297,6.3,Online,Mobile Money,0,2,0.558,0.536,1.0,0.516,1.0,1.0,0.546,0.71,0
CUST_03097,23,Male,Arusha,Christian,Others,Secondary,"500,001-1,000,000",M-Pesa,3,0.26,0.42,0.6,0.5,Xiaomi,China,Mid-Range,New,559024,7.8,Physical Store,Cash,1,1,0.413,0.468,1.0,0.693,1.0,1.0,0.586,0.76,1
CUST_01580,39,Female,Dar es Salaam,Muslim,Others,Primary,">2,000,000",M-Pesa,4,0.07,0.36,0.6,0.0,Samsung,South Korea,Premium,New,2332924,9.1,Physical Store,Mobile Money,1,2,0.3,0.546,0.9,0.655,1.0,1.0,0.454,0.48,0
CUST_04251,25,Female,Dar es Salaam,Christian,Others,No formal,"200,000-500,000",M-Pesa,1,0.27,0.94,0.88,0.3,Oppo,China,Mid-Range,Used,430835,6.1,Online,Cash,0,2,0.0,0.537,1.0,0.853,0.6,1.0,0.588,0.68,1
CUST_02148,15,Female,Dar es Salaam,Christian,Others,Diploma,"500,001-1,000,000",M-Pesa,5,0.39,0.45,0.61,0.3,Tecno,China,Mid-Range,New,258480,7.9,Physical Store,Cash,1,2,0.709,0.482,1.0,0.959,1.0,1.0,0.723,0.82,1
CUST_04232,30,Male,Dodoma,Christian,Others,Primary,"200,000-500,000",Tigo Pesa,2,0.13,0.88,0.57,0.3,Samsung,South Korea,Premium,New,1243379,8.1,Physical Store,Mobile Money,0,2,0.088,0.462,1.0,0.822,1.0,1.0,0.661,0.64,1
CUST_02785,15,Female,Zanzibar,Christian,Others,No formal,"500,001-1,000,000",Tigo Pesa,2,0.51,0.44,0.85,0.7,Infinix,China,Mid-Range,New,403402,6.1,Physical Store,Cash,0,1,0.556,0.518,1.0,0.533,1.0,1.0,0.666,0.69,1
CUST_04428,19,Male,Zanzibar,Christian,Haya,Secondary,"200,000-500,000",M-Pesa,3,0.26,0.93,0.63,0.7,Huawei,China,Premium,New,2471610,8.5,Physical Store,Cash,0,2,0.0,0.536,1.0,0.515,1.0,1.0,0.559,0.42,1
CUST_00458,51,Female,Dodoma,Other,Sukuma,No formal,"500,001-1,000,000",Airtel Money,3,0.39,0.77,0.71,0.3,Nokia,Finland,Mid-Range,New,351867,6.8,Physical Store,Cash,0,10,0.323,0.483,1.0,0.563,1.0,1.0,0.573,0.74,1
CUST_02051,24,Male,Mbeya,Muslim,Sukuma,Primary,"<200,000",M-Pesa,4,0.13,0.96,0.87,0.3,Vivo,China,Mid-Range,New,454925,7.9,Mobile,Card,0,1,0.0,0.687,0.9,0.816,1.0,1.0,0.49,0.78,1
CUST_04211,16,Female,Tanga,Muslim,Makonde,Primary,"200,000-500,000",M-Pesa,4,0.06,0.88,0.42,0.3,Infinix,China,Mid-Range,New,501456,7.3,Physical Store,Cash,0,1,0.0,0.307,0.9,0.807,1.0,1.0,0.415,0.74,0
CUST_03741,23,Male,Mwanza,Other,Gogo,Secondary,"500,001-1,000,000",None,2,0.6,0.53,0.82,0.0,Tecno,China,Mid-Range,Used,298351,5.3,Physical Store,Cash,0,2,0.605,0.435,1.0,0.876,0.6,1.0,0.675,0.66,1
CUST_00531,28,Female,Zanzibar,Christian,Others,Diploma,"1,000,001-2,000,000",M-Pesa,1,0.88,0.33,0.62,0.0,Samsung,South Korea,Premium,New,705484,9.4,Physical Store,Cash,0,1,0.806,0.583,1.0,1.061,1.0,1.0,1.01,0.82,1
CUST_00129,15,Male,Tanga,Christian,Nyamwezi,Primary,"200,000-500,000",Airtel Money,4,0.05,0.99,0.68,0.0,Tecno,China,Mid-Range,Used,239659,6.8,Physical Store,Cash,0,12,0.407,0.462,1.0,0.609,0.6,1.0,0.352,0.76,1
CUST_01493,17,Female,Dodoma,Christian,Makonde,Primary,"200,000-500,000",M-Pesa,3,0.6,0.7,0.45,0.5,Tecno,China,Mid-Range,New,361731,7.6,Physical Store,Mobile Money,0,1,0.367,0.342,1.0,0.527,1.0,1.0,0.635,0.78,1
CUST_04711,15,Female,Tanga,Muslim,Others,Secondary,"<200,000",Airtel Money,4,0.34,0.86,0.51,0.3,Samsung,South Korea,Premium,New,2392160,9.4,Physical Store,Cash,1,12,0.0,0.479,0.9,0.965,1.0,1.0,0.538,0.49,1
CUST_03682,22,Male,Arusha,Muslim,Gogo,No formal,"200,000-500,000",M-Pesa,3,0.55,0.75,0.73,0.3,Samsung,South Korea,Premium,New,1807010,9.6,Physical Store,Cash,0,2,0.0,0.701,0.9,0.632,1.0,1.0,0.611,0.61,0
CUST_00485,28,Male,Morogoro,Christian,Chagga,Secondary,"500,001-1,000,000",M-Pesa,5,0.19,0.73,0.36,0.7,Nokia,Finland,Mid-Range,New,563576,6.8,Physical Store,Cash,0,2,0.0,0.245,1.0,0.752,1.0,1.0,0.342,0.7,1
CUST_00391,18,Female,Dodoma,Muslim,Nyamwezi,Primary,"200,000-500,000",Airtel Money,3,0.11,0.72,0.83,0.0,Vivo,China,Mid-Range,New,414208,6.6,Physical Store,Cash,1,2,0.254,0.548,0.9,0.948,1.0,1.0,0.664,0.71,1
CUST_02728,28,Female,Dar es Salaam,Christian,Others,No formal,"500,001-1,000,000",Tigo Pesa,5,0.19,0.6,0.39,0.5,Nokia,Finland,Mid-Range,New,561690,7.5,Online,Mobile Money,1,2,0.157,0.292,1.0,0.62,1.0,1.0,0.527,0.74,0
CUST_00916,28,Female,Dodoma,Christian,Others,Secondary,"200,000-500,000",Tigo Pesa,3,0.07,1.0,0.6,0.0,Vivo,China,Mid-Range,New,252161,7.9,Physical Store,Mobile Money,0,1,0.37,0.474,1.0,0.721,1.0,1.0,0.729,0.82,1
CUST_01326,37,Male,Mwanza,Christian,Others,Bachelor,"500,001-1,000,000",M-Pesa,1,0.31,0.66,0.63,0.0,Infinix,China,Mid-Range,New,305834,6.4,Physical Store,Card,1,1,0.495,0.403,1.0,0.829,1.0,1.0,0.814,0.72,0
CUST_02137,15,Male,Arusha,Christian,Sukuma,Secondary,"500,001-1,000,000",Halopesa,3,0.3,0.69,0.55,0.5,Infinix,China,Mid-Range,New,271541,6.9,Physical Store,Cash,1,1,0.532,0.38,1.0,0.71,1.0,1.0,0.599,0.76,1
CUST_00763,15,Male,Dar es Salaam,Christian,Others,Diploma,"500,001-1,000,000",Tigo Pesa,2,0.31,0.61,0.77,0.3,Samsung,South Korea,Premium,New,1600950,8.9,Online,Cash,0,2,0.186,0.685,1.0,0.792,1.0,1.0,0.638,0.61,0
CUST_00631,30,Female,Morogoro,Christian,Nyamwezi,Diploma,"500,001-1,000,000",Halopesa,3,0.15,0.6,0.86,0.7,Samsung,South Korea,Premium,New,1454989,8.0,Physical Store,Cash,0,2,0.273,0.688,1.0,1.164,1.0,1.0,0.737,0.59,1
CUST_00259,30,Male,Morogoro,Christian,Others,Secondary,"200,000-500,000",M-Pesa,1,0.41,0.9,0.35,0.3,Nokia,Finland,Mid-Range,New,540830,7.1,Mobile,Cash,0,12,0.0,0.248,1.0,0.588,1.0,1.0,0.439,0.72,0
CUST_03081,24,Male,Mwanza,Christian,Others,Secondary,"200,000-500,000",Tigo Pesa,3,0.5,0.92,0.63,0.5,Samsung,South Korea,Premium,Used,669690,8.3,Online,Mobile Money,0,2,0.487,0.523,1.0,1.024,0.6,1.0,0.91,0.76,0
CUST_02626,28,Male,Mbeya,Muslim,Others,No formal,"200,000-500,000",Tigo Pesa,4,0.08,0.83,0.51,0.5,Apple,USA,Premium,New,1478533,8.1,Physical Store,Card,0,2,0.0,0.413,0.9,1.089,1.0,1.0,0.613,0.59,1
CUST_03322,33,Female,Morogoro,Muslim,Haya,Diploma,"200,000-500,000",Tigo Pesa,4,0.24,0.96,0.82,0.5,Huawei,China,Premium,New,1840346,9.5,Mobile,Cash,0,2,0.0,0.779,0.9,0.694,1.0,1.0,0.455,0.6,1
CUST_03055,32,Female,Dar es Salaam,Christian,Others,Secondary,"200,000-500,000",M-Pesa,4,0.23,0.86,0.31,0.7,Apple,USA,Premium,New,1724369,8.7,Physical Store,Mobile Money,0,10,0.0,0.27,1.0,0.817,1.0,1.0,0.399,0.58,1
CUST_00279,29,Male,Arusha,Muslim,Gogo,No formal,"200,000-500,000",None,3,0.16,0.96,0.6,0.5,Itel,China,Budget,Used,135190,4.4,Mobile,Mobile Money,0,1,0.135,0.264,0.9,0.508,0.6,1.0,0.401,0.64,1
CUST_01728,34,Female,Dar es Salaam,Christian,Chagga,Secondary,"200,000-500,000",M-Pesa,3,0.32,0.81,0.58,0.5,Tecno,China,Mid-Range,New,308622,7.3,Physical Store,Cash,0,2,0.375,0.423,1.0,0.603,1.0,1.0,0.504,0.78,0
CUST_01433,30,Female,Morogoro,Christian,Others,Secondary,"200,000-500,000",Airtel Money,3,0.63,0.99,0.78,0.0,Apple,USA,Premium,New,918627,9.6,Physical Store,Mobile Money,0,1,0.242,0.749,1.0,0.831,1.0,1.0,0.539,0.79,1
CUST_00056,15,Male,Zanzibar,Christian,Sukuma,No formal,"1,000,001-2,000,000",M-Pesa,3,0.15,0.18,0.31,0.0,Nokia,Finland,Mid-Range,Used,127360,5.3,Mobile,Card,0,2,0.943,0.164,1.0,0.849,0.6,1.0,0.766,0.69,1
CUST_01760,32,Female,Dodoma,Muslim,Others,Secondary,"500,001-1,000,000",M-Pesa,3,0.25,0.57,0.67,0.3,Tecno,China,Mid-Range,New,489038,6.6,Physical Store,Cash,0,2,0.303,0.442,0.9,0.516,1.0,1.0,0.565,0.7,1
CUST_00993,40,Female,Mwanza,Christian,Others,Diploma,"1,000,001-2,000,000",M-Pesa,3,0.32,0.34,0.42,0.3,Apple,USA,Premium,New,2165798,9.5,Physical Store,Cash,0,1,0.386,0.399,1.0,1.016,1.0,1.0,0.705,0.54,1
CUST_03426,22,Female,Mbeya,Christian,Sukuma,Diploma,"500,001-1,000,000",Halopesa,5,0.29,0.7,0.39,0.7,Tecno,China,Mid-Range,New,559126,7.2,Physical Store,Mobile Money,1,2,0.022,0.281,1.0,0.788,1.0,1.0,0.548,0.72,1
CUST_02703,36,Female,Dodoma,Muslim,Others,Diploma,"500,001-1,000,000",M-Pesa,3,0.52,0.44,0.46,0.5,Infinix,China,Mid-Range,New,300114,6.3,Physical Store,Card,1,2,0.67,0.29,0.9,0.511,1.0,1.0,0.639,0.72,1
CUST_04970,32,Female,Mwanza,Muslim,Gogo,Diploma,"1,000,001-2,000,000",M-Pesa,3,0.6,0.49,0.66,0.0,Tecno,China,Mid-Range,New,567343,6.1,Physical Store,Mobile Money,0,2,0.305,0.403,0.9,0.716,1.0,1.0,0.647,0.65,1
CUST_04217,23,Female,Dodoma,Christian,Chagga,Master+,"<200,000",Tigo Pesa,2,0.54,0.99,0.5,0.7,Infinix,China,Mid-Range,New,381984,6.7,Online,Cash,1,2,0.055,0.335,1.0,0.616,1.0,1.0,0.681,0.73,1
CUST_03346,25,Male,Dar es Salaam,Muslim,Others,No formal,"1,000,001-2,000,000",Tigo Pesa,4,0.25,0.28,0.46,0.7,Itel,China,Budget,New,245185,4.1,Physical Store,Mobile Money,0,2,0.542,0.189,0.9,0.784,1.0,1.0,0.502,0.6,1
CUST_04427,15,Female,Arusha,Christian,Sukuma,Primary,"<200,000",M-Pesa,3,0.2,0.77,0.58,0.5,Apple,USA,Premium,New,1128456,8.2,Mobile,Mobile Money,0,12,0.276,0.476,1.0,0.804,1.0,1.0,0.732,0.67,1
CUST_04630,31,Female,Mwanza,Christian,Others,No formal,"200,000-500,000",Airtel Money,4,0.25,0.8,0.7,0.5,Infinix,China,Mid-Range,New,250947,6.3,Physical Store,Mobile Money,1,2,0.498,0.441,1.0,0.897,1.0,1.0,0.583,0.73,1
CUST_03620,27,Female,Zanzibar,Other,Others,Diploma,"200,000-500,000",M-Pesa,4,0.44,0.75,0.47,0.3,Nokia,Finland,Mid-Range,Used,160225,5.6,Physical Store,Cash,0,2,0.7,0.263,1.0,0.735,0.6,1.0,0.657,0.7,1
CUST_01020,22,Male,Mwanza,Christian,Others,Diploma,"200,000-500,000",Airtel Money,3,0.17,0.84,0.74,0.7,Samsung,South Korea,Premium,New,673376,8.2,Physical Store,Mobile Money,0,1,0.529,0.607,1.0,0.935,1.0,1.0,0.598,0.76,0
CUST_02701,15,Female,Dar es Salaam,Christian,Others,No formal,"200,000-500,000",M-Pesa,3,0.27,0.89,0.81,0.0,Tecno,China,Mid-Range,New,460068,7.7,Physical Store,Cash,1,12,0.0,0.624,1.0,0.928,1.0,1.0,0.616,0.77,1
CUST_04585,37,Male,Tanga,Muslim,Others,Secondary,"500,001-1,000,000",Halopesa,4,0.09,0.5,0.86,0.0,Apple,USA,Premium,New,879130,8.9,Physical Store,Cash,1,2,0.634,0.765,0.9,1.152,1.0,1.0,0.689,0.76,1
CUST_01395,15,Male,Arusha,Christian,Nyamwezi,Secondary,"200,000-500,000",M-Pesa,3,0.15,0.9,0.88,0.3,Tecno,China,Mid-Range,New,301734,6.7,Physical Store,Mobile Money,1,2,0.321,0.59,1.0,0.701,1.0,1.0,0.655,0.74,0
CUST_04249,32,Male,Mwanza,Other,Haya,Secondary,"1,000,001-2,000,000",Tigo Pesa,1,0.15,0.28,0.38,0.7,Xiaomi,China,Mid-Range,New,451110,7.0,Physical Store,Cash,0,2,0.684,0.266,1.0,0.99,1.0,1.0,0.617,0.73,1
CUST_03597,18,Female,Mwanza,Christian,Others,Primary,">2,000,000",None,4,0.16,0.14,0.3,0.0,Tecno,China,Mid-Range,New,259403,7.9,Physical Store,Mobile Money,0,2,0.909,0.237,1.0,0.51,1.0,1.0,0.815,0.82,1
CUST_02709,15,Male,Arusha,Muslim,Sukuma,Bachelor,"<200,000",M-Pesa,3,0.33,0.79,0.84,0.3,Oppo,China,Mid-Range,New,504768,6.1,Physical Store,Cash,1,2,0.003,0.512,0.9,0.743,1.0,1.0,0.542,0.67,0
CUST_00759,27,Male,Mbeya,Muslim,Sukuma,Primary,"<200,000",Airtel Money,5,0.17,0.87,0.33,0.5,Huawei,China,Premium,New,2067116,8.8,Physical Store,Mobile Money,0,2,0.0,0.29,0.9,0.805,1.0,1.0,0.374,0.51,1
CUST_04912,34,Female,Tanga,Christian,Others,Primary,"200,000-500,000",M-Pesa,5,0.2,0.85,0.32,0.7,Huawei,China,Premium,New,1835113,9.7,Physical Store,Mobile Money,0,1,0.0,0.31,1.0,0.785,1.0,1.0,0.357,0.61,0
CUST_04502,29,Female,Mbeya,Christian,Others,Primary,"<200,000",Tigo Pesa,2,0.13,0.76,0.43,0.3,Vivo,China,Mid-Range,New,343645,7.7,Physical Store,Mobile Money,1,2,0.347,0.331,1.0,0.938,1.0,1.0,0.615,0.79,0
CUST_02872,20,Male,Dar es Salaam,Christian,Others,Primary,"200,000-500,000",None,2,0.38,0.82,0.87,0.5,Samsung,South Korea,Premium,New,887079,8.2,Online,Cash,0,12,0.394,0.713,1.0,0.723,1.0,1.0,0.698,0.71,1
CUST_04920,25,Male,Mbeya,Muslim,Others,No formal,"200,000-500,000",M-Pesa,3,0.11,0.93,0.54,0.3,Itel,China,Budget,New,114174,4.2,Physical Store,Cash,1,2,0.292,0.227,0.9,0.632,1.0,1.0,0.675,0.63,1
CUST_04311,15,Female,Dodoma,Other,Others,Secondary,"200,000-500,000",Tigo Pesa,3,0.4,0.84,0.81,0.3,Infinix,China,Mid-Range,New,457228,7.2,Physical Store,Cash,0,12,0.04,0.583,1.0,0.606,1.0,1.0,0.544,0.74,1
CUST_03552,35,Male,Tanga,Christian,Others,Secondary,"200,000-500,000",M-Pesa,3,0.15,0.72,0.66,0.5,Xiaomi,China,Mid-Range,New,486410,7.3,Online,Cash,0,1,0.124,0.482,1.0,0.705,1.0,1.0,0.421,0.74,1
CUST_03085,40,Male,Morogoro,Christian,Others,No formal,"<200,000",Tigo Pesa,2,0.16,0.75,0.68,0.5,Apple,USA,Premium,New,2230298,9.2,Physical Store,Cash,1,2,0.0,0.626,1.0,0.635,1.0,1.0,0.403,0.51,0
CUST_01356,41,Female,Dar es Salaam,Muslim,Chagga,Primary,"500,001-1,000,000",M-Pesa,1,0.13,0.79,0.44,0.7,Vivo,China,Mid-Range,Used,400104,6.6,Physical Store,Cash,0,2,0.21,0.29,0.9,0.604,0.6,1.0,0.371,0.72,1
CUST_03288,23,Female,Dar es Salaam,Muslim,Others,Secondary,"200,000-500,000",Halopesa,4,0.33,0.89,0.54,0.3,Samsung,South Korea,Premium,Used,421246,7.4,Online,Mobile Money,0,2,0.688,0.4,0.9,1.063,0.6,1.0,0.778,0.76,1
CUST_01570,31,Female,Mwanza,Christian,Others,Primary,"<200,000",Tigo Pesa,5,0.07,0.98,0.53,0.5,Infinix,China,Mid-Range,New,524927,6.1,Online,Mobile Money,0,2,0.0,0.323,1.0,0.684,1.0,1.0,0.6,0.66,1
CUST_01093,36,Female,Dodoma,Christian,Sukuma,Primary,"500,001-1,000,000",M-Pesa,3,0.1,0.62,0.7,0.0,Nokia,Finland,Mid-Range,Used,131363,6.3,Physical Store,Mobile Money,1,2,0.796,0.441,1.0,0.559,0.6,1.0,0.728,0.75,1
CUST_03485,17,Male,Arusha,Muslim,Others,Primary,"200,000-500,000",None,5,0.19,0.99,0.36,0.5,Apple,USA,Premium,New,1977477,9.2,Physical Store,Cash,1,1,0.0,0.331,0.9,0.683,1.0,1.0,0.457,0.56,1
CUST_03856,40,Male,Mbeya,Christian,Makonde,Diploma,"<200,000",M-Pesa,3,0.09,0.99,0.41,0.5,Nokia,Finland,Mid-Range,New,390449,7.7,Mobile,Mobile Money,1,2,0.034,0.316,1.0,0.578,1.0,1.0,0.411,0.78,0
CUST_02532,33,Female,Arusha,Muslim,Others,Primary,"200,000-500,000",Airtel Money,3,0.48,0.96,0.58,0.5,Huawei,China,Premium,New,836913,9.6,Physical Store,Mobile Money,0,1,0.33,0.557,0.9,0.729,1.0,1.0,0.523,0.81,1
CUST_01300,31,Female,Zanzibar,Muslim,Others,Secondary,"<200,000",Halopesa,4,0.62,0.94,0.88,0.3,Huawei,China,Premium,New,652869,9.4,Online,Cash,1,1,0.489,0.827,0.9,0.845,1.0,1.0,0.672,0.83,1
CUST_02997,30,Female,Zanzibar,Muslim,Others,No formal,"200,000-500,000",Halopesa,4,0.4,0.97,0.36,0.0,Nokia,Finland,Mid-Range,New,413443,7.6,Online,Cash,0,12,0.0,0.274,0.9,0.539,1.0,1.0,0.629,0.77,1
CUST_02677,15,Female,Morogoro,Christian,Nyamwezi,Secondary,"200,000-500,000",None,3,0.41,0.92,0.67,0.3,Apple,USA,Premium,New,2415840,8.7,Online,Cash,0,2,0.0,0.583,1.0,0.655,1.0,1.0,0.602,0.44,1
CUST_02998,23,Male,Zanzibar,Christian,Nyamwezi,Secondary,"200,000-500,000",Halopesa,3,0.11,0.76,0.7,0.3,Tecno,China,Mid-Range,New,440981,6.3,Online,Cash,0,2,0.162,0.441,1.0,0.903,1.0,1.0,0.439,0.69,1
CUST_04044,26,Male,Tanga,Christian,Sukuma,Primary,">2,000,000",M-Pesa,4,0.1,0.29,0.87,0.5,Huawei,China,Premium,New,1844401,8.9,Physical Store,Mobile Money,0,2,0.554,0.774,1.0,0.714,1.0,1.0,0.83,0.57,1
CUST_00535,44,Male,Dar es Salaam,Christian,Others,Secondary,"500,001-1,000,000",M-Pesa,4,0.32,0.68,0.53,0.7,Infinix,China,Mid-Range,New,474406,6.6,Physical Store,Mobile Money,0,2,0.194,0.35,1.0,0.739,1.0,1.0,0.548,0.7,1
CUST_01191,27,Male,Mbeya,Christian,Makonde,Primary,"500,001-1,000,000",None,5,0.45,0.43,0.47,0.5,Xiaomi,China,Mid-Range,New,292415,7.8,Physical Store,Mobile Money,1,2,0.686,0.367,1.0,0.866,1.0,1.0,0.649,0.81,1
CUST_01124,36,Male,Dar es Salaam,Muslim,Nyamwezi,Primary,"<200,000",M-Pesa,3,0.42,0.89,0.73,0.3,Oppo,China,Mid-Range,New,502253,7.5,Online,Cash,0,2,0.0,0.548,0.9,0.689,1.0,1.0,0.521,0.75,1
CUST_04461,41,Male,Mwanza,Christian,Gogo,No formal,"500,001-1,000,000",Halopesa,5,0.14,0.5,0.78,0.3,Infinix,China,Mid-Range,New,271472,7.2,Physical Store,Mobile Money,0,2,0.661,0.562,1.0,0.817,1.0,1.0,0.778,0.78,1
CUST_04438,24,Female,Morogoro,Other,Haya,Primary,"200,000-500,000",Tigo Pesa,3,0.47,0.77,0.81,0.3,Tecno,China,Mid-Range,New,372372,6.5,Physical Store,Mobile Money,0,1,0.283,0.527,1.0,0.642,1.0,1.0,0.624,0.72,0
CUST_02734,20,Female,Arusha,Christian,Others,Primary,"<200,000",Tigo Pesa,5,0.18,0.97,0.5,0.5,Tecno,China,Mid-Range,Used,191220,6.3,Online,Mobile Money,1,2,0.536,0.315,1.0,0.929,0.6,1.0,0.872,0.74,1
CUST_00016,22,Male,Dar es Salaam,Muslim,Others,Secondary,"1,000,001-2,000,000",Airtel Money,4,0.08,0.42,0.82,0.7,Vivo,China,Mid-Range,New,374243,8.0,Mobile,Cash,0,2,0.607,0.656,0.9,0.512,1.0,1.0,0.66,0.81,1
CUST_04257,40,Male,Arusha,Christian,Sukuma,Primary,"200,000-500,000",M-Pesa,3,0.51,0.71,0.84,0.5,Itel,China,Budget,New,170246,4.1,Physical Store,Cash,0,6,0.194,0.344,1.0,0.696,1.0,1.0,0.558,0.61,1
CUST_03832,29,Female,Dar es Salaam,Christian,Others,Primary,"500,001-1,000,000",Airtel Money,2,0.52,0.5,0.63,0.3,Nokia,Finland,Mid-Range,New,588903,6.5,Mobile,Card,0,2,0.264,0.41,1.0,0.997,1.0,1.0,0.635,0.67,1
CUST_04761,30,Female,Dar es Salaam,Christian,Others,No formal,"500,001-1,000,000",Tigo Pesa,1,0.12,0.62,0.65,0.0,Apple,USA,Premium,New,1148849,9.5,Physical Store,Mobile Money,0,2,0.406,0.617,1.0,1.101,1.0,1.0,0.746,0.74,1
CUST_04377,48,Male,Tanga,Christian,Haya,Secondary,"1,000,001-2,000,000",Airtel Money,4,0.34,0.5,0.62,0.0,Vivo,China,Mid-Range,Used,410109,5.8,Physical Store,Card,0,2,0.487,0.36,1.0,0.578,0.6,1.0,0.484,0.67,1
CUST_02148,15,Female,Dar es Salaam,Christian,Others,Diploma,"500,001-1,000,000",M-Pesa,5,0.39,0.45,0.61,0.3,Infinix,China,Mid-Range,Used,292701,5.3,Physical Store,Mobile Money,1,2,0.671,0.323,1.0,0.899,0.6,1.0,0.723,0.66,1
CUST_04745,32,Female,Dar es Salaam,Other,Others,Primary,"200,000-500,000",Tigo Pesa,4,0.47,0.89,0.48,0.7,Oppo,China,Mid-Range,New,335408,6.7,Physical Store,Mobile Money,0,2,0.254,0.322,1.0,0.584,1.0,1.0,0.483,0.73,1
CUST_01625,32,Male,Zanzibar,Muslim,Sukuma,Secondary,"<200,000",Airtel Money,1,0.46,0.96,0.73,0.5,Apple,USA,Premium,New,2350955,8.8,Physical Store,Cash,0,11,0.0,0.642,0.9,0.872,1.0,1.0,0.658,0.46,1
CUST_00487,26,Female,Dodoma,Christian,Chagga,Primary,"<200,000",Airtel Money,1,0.25,0.81,0.82,0.3,Apple,USA,Premium,New,668892,8.6,Online,Mobile Money,0,2,0.548,0.705,1.0,1.069,1.0,1.0,0.692,0.78,1
CUST_04281,15,Female,Dodoma,Christian,Chagga,Bachelor,"<200,000",Airtel Money,2,0.29,0.73,0.75,0.3,Tecno,China,Mid-Range,New,455767,7.5,Physical Store,Cash,0,2,0.168,0.562,1.0,0.739,1.0,1.0,0.693,0.76,1
CUST_03781,54,Male,Mwanza,Christian,Others,Diploma,"200,000-500,000",M-Pesa,3,0.2,0.83,0.8,0.0,Nokia,Finland,Mid-Range,New,533483,6.6,Physical Store,Cash,0,2,0.0,0.528,1.0,0.563,1.0,1.0,0.528,0.69,1
CUST_02126,15,Female,Tanga,Other,Haya,Diploma,"<200,000",M-Pesa,2,0.24,0.74,0.79,0.5,Samsung,South Korea,Premium,New,1451596,8.5,Online,Mobile Money,1,2,0.105,0.672,1.0,1.178,1.0,1.0,0.574,0.62,1
CUST_01617,18,Female,Tanga,Christian,Others,Secondary,"500,001-1,000,000",Halopesa,1,0.36,0.78,0.86,0.7,Apple,USA,Premium,New,1666732,9.6,Online,Cash,0,2,0.0,0.826,1.0,1.172,1.0,1.0,0.628,0.64,1
CUST_00111,15,Male,Dar es Salaam,Muslim,Others,Diploma,"1,000,001-2,000,000",Airtel Money,5,0.49,0.39,0.77,0.5,Huawei,China,Premium,New,1415215,9.0,Physical Store,Cash,0,2,0.54,0.693,0.9,0.698,1.0,1.0,0.7,0.66,1
CUST_01149,30,Female,Mbeya,Other,Others,Diploma,"200,000-500,000",M-Pesa,4,0.65,0.78,0.39,0.3,Xiaomi,China,Mid-Range,New,266386,7.2,Mobile,Cash,0,1,0.481,0.281,1.0,0.543,1.0,1.0,0.558,0.78,0
CUST_04726,34,Male,Mwanza,Muslim,Makonde,Primary,"200,000-500,000",M-Pesa,4,0.19,0.98,0.53,0.0,Apple,USA,Premium,New,855865,8.3,Mobile,Mobile Money,1,12,0.301,0.44,0.9,0.962,1.0,1.0,0.754,0.73,1
CUST_04802,19,Female,Mwanza,Muslim,Others,Secondary,"500,001-1,000,000",M-Pesa,3,0.12,0.72,0.42,0.0,Xiaomi,China,Mid-Range,New,282616,6.2,Physical Store,Card,0,2,0.491,0.26,0.9,0.585,1.0,1.0,0.424,0.72,1
CUST_00685,25,Female,Morogoro,Christian,Others,Bachelor,"200,000-500,000",Tigo Pesa,4,0.12,0.84,0.55,0.5,Vivo,China,Mid-Range,New,522593,6.7,Physical Store,Cash,0,2,0.0,0.369,1.0,0.503,1.0,1.0,0.393,0.7,1
CUST_01934,36,Female,Dar es Salaam,Christian,Makonde,Primary,"200,000-500,000",M-Pesa,1,0.17,0.97,0.58,0.0,Vivo,China,Mid-Range,New,302083,6.2,Physical Store,Cash,0,2,0.267,0.36,1.0,0.796,1.0,1.0,0.609,0.71,1
CUST_02438,50,Female,Dodoma,Muslim,Others,Diploma,"500,001-1,000,000",M-Pesa,2,0.02,0.47,0.84,0.0,Nokia,Finland,Mid-Range,New,486372,7.9,Online,Mobile Money,1,12,0.429,0.664,0.9,0.924,1.0,1.0,0.789,0.78,1
CUST_03347,36,Male,Dar es Salaam,Christian,Others,Bachelor,"200,000-500,000",Airtel Money,5,0.66,0.71,0.56,0.5,Infinix,China,Mid-Range,New,308100,6.8,Physical Store,Mobile Money,1,2,0.453,0.381,1.0,0.848,1.0,1.0,0.808,0.75,1
CUST_03013,27,Male,Tanga,Muslim,Makonde,Primary,"500,001-1,000,000",M-Pesa,5,0.4,0.7,0.73,0.5,Oppo,China,Mid-Range,Used,328648,5.0,Physical Store,Cash,1,2,0.425,0.365,0.9,0.801,0.6,1.0,0.525,0.63,1
CUST_04683,34,Female,Dar es Salaam,Christian,Others,Diploma,"200,000-500,000",Tigo Pesa,3,0.55,0.85,0.79,1.0,Apple,USA,Premium,New,1773571,8.5,Physical Store,Mobile Money,0,1,0.0,0.672,1.0,1.183,1.0,0.8,0.548,0.56,1
CUST_00324,34,Male,Dar es Salaam,Christian,Others,Primary,"200,000-500,000",Tigo Pesa,3,0.27,0.82,0.72,0.3,Tecno,China,Mid-Range,New,500151,8.0,Physical Store,Cash,0,2,0.0,0.576,1.0,0.897,1.0,1.0,0.502,0.78,1
CUST_02316,39,Male,Mwanza,Christian,Others,Primary,"500,001-1,000,000",M-Pesa,4,0.14,0.68,0.85,0.5,Samsung,South Korea,Premium,New,2093285,9.8,Physical Store,Mobile Money,1,12,0.0,0.833,1.0,0.619,1.0,1.0,0.601,0.57,1
CUST_04290,26,Male,Tanga,Other,Gogo,No formal,"500,001-1,000,000",M-Pesa,4,0.26,0.66,0.41,0.3,Tecno,China,Mid-Range,New,462885,6.8,Physical Store,Mobile Money,0,1,0.236,0.279,1.0,0.972,1.0,1.0,0.559,0.72,0
CUST_03040,20,Male,Tanga,Other,Others,Bachelor,"500,001-1,000,000",None,4,0.29,0.59,0.79,0.5,Nokia,Finland,Mid-Range,New,526895,6.8,Mobile,Mobile Money,0,2,0.223,0.537,1.0,0.686,1.0,1.0,0.708,0.7,1
CUST_03835,24,Female,Arusha,Christian,Sukuma,Secondary,"200,000-500,000",None,4,0.34,0.99,0.84,0.0,Tecno,China,Mid-Range,New,562425,6.1,Physical Store,Cash,0,2,0.0,0.512,1.0,0.704,1.0,1.0,0.545,0.65,1
CUST_04307,15,Male,Mbeya,Muslim,Nyamwezi,Diploma,"500,001-1,000,000",Airtel Money,2,0.34,0.76,0.38,0.3,Infinix,China,Mid-Range,New,590573,7.3,Physical Store,Cash,0,2,0.0,0.277,0.9,0.989,1.0,1.0,0.303,0.72,1
CUST_00919,15,Female,Dar es Salaam,Christian,Others,Primary,"200,000-500,000",Tigo Pesa,3,0.13,0.96,0.88,0.5,Tecno,China,Mid-Range,New,266675,6.3,Online,Cash,0,12,0.36,0.554,1.0,0.669,1.0,1.0,0.644,0.72,1
CUST_04586,33,Female,Dar es Salaam,Christian,Others,Bachelor,"200,000-500,000",M-Pesa,4,0.38,0.94,0.42,0.3,Tecno,China,Mid-Range,New,339338,6.1,Physical Store,Cash,0,12,0.203,0.256,1.0,0.748,1.0,1.0,0.467,0.7,1
CUST_02477,20,Female,Dar es Salaam,Christian,Others,Primary,"<200,000",Airtel Money,3,0.52,0.98,0.31,0.5,Huawei,China,Premium,New,1024867,9.1,Physical Store,Cash,0,2,0.163,0.282,1.0,0.679,1.0,1.0,0.428,0.74,1
CUST_01391,32,Female,Dodoma,Christian,Others,Bachelor,"200,000-500,000",M-Pesa,3,0.56,0.95,0.85,0.3,Nokia,Finland,Mid-Range,New,480412,6.6,Mobile,Mobile Money,0,1,0.0,0.561,1.0,0.655,1.0,1.0,0.434,0.7,1
CUST_00652,36,Female,Dar es Salaam,Christian,Others,Primary,"200,000-500,000",Halopesa,2,0.36,0.92,0.57,0.5,Huawei,China,Premium,New,1317963,9.5,Mobile,Mobile Money,0,2,0.0,0.542,1.0,0.846,1.0,1.0,0.638,0.71,1
CUST_00363,24,Female,Dar es Salaam,Muslim,Nyamwezi,Primary,"1,000,001-2,000,000",M-Pesa,2,0.33,0.21,0.72,0.5,Vivo,China,Mid-Range,Used,148210,5.1,Physical Store,Mobile Money,0,2,0.922,0.367,0.9,0.63,0.6,1.0,0.797,0.68,1
CUST_04850,29,Female,Dar es Salaam,Muslim,Others,Bachelor,">2,000,000",M-Pesa,4,0.41,0.38,0.65,0.3,Nokia,Finland,Mid-Range,New,311383,7.6,Physical Store,Cash,0,11,0.704,0.494,0.9,0.701,1.0,1.0,0.568,0.79,1
CUST_00924,38,Female,Mwanza,Christian,Sukuma,Diploma,"<200,000",M-Pesa,3,0.17,0.98,0.54,0.3,Infinix,China,Mid-Range,New,475457,6.8,Physical Store,Card,0,2,0.0,0.367,1.0,0.616,1.0,1.0,0.524,0.71,1
CUST_01095,41,Female,Tanga,Christian,Gogo,Secondary,"200,000-500,000",M-Pesa,4,0.44,0.76,0.48,0.5,Xiaomi,China,Mid-Range,New,300033,7.8,Physical Store,Cash,1,2,0.43,0.374,1.0,0.856,1.0,1.0,0.756,0.81,1
CUST_03177,31,Female,Dodoma,Muslim,Others,Primary,"200,000-500,000",M-Pesa,2,0.27,0.74,0.42,0.3,Huawei,China,Premium,New,2439309,8.6,Physical Store,Cash,0,1,0.0,0.361,0.9,0.655,1.0,1.0,0.49,0.43,0
CUST_00605,40,Male,Mwanza,Christian,Others,Secondary,"<200,000",M-Pesa,1,0.68,0.84,0.53,0.3,Vivo,China,Mid-Range,New,387133,7.8,Mobile,Mobile Money,0,12,0.187,0.413,1.0,0.504,1.0,1.0,0.453,0.79,1
CUST_00691,24,Male,Arusha,Christian,Others,Master+,"500,001-1,000,000",Tigo Pesa,4,0.63,0.41,0.79,0.3,Infinix,China,Mid-Range,New,280089,6.6,Online,Cash,0,2,0.713,0.521,1.0,0.631,1.0,1.0,0.67,0.74,0
CUST_04153,29,Male,Mbeya,Muslim,Sukuma,Secondary,"500,001-1,000,000",Tigo Pesa,4,0.3,0.41,0.33,0.3,Apple,USA,Premium,Used,1756706,7.3,Physical Store,Mobile Money,0,1,0.4,0.241,0.9,0.886,0.6,1.0,0.632,0.49,0
CUST_03519,16,Female,Tanga,Christian,Others,Primary,"<200,000",M-Pesa,1,0.18,0.94,0.49,0.0,Vivo,China,Mid-Range,Used,143413,6.0,Physical Store,Cash,1,2,0.663,0.294,1.0,0.938,0.6,1.0,0.613,0.73,1
CUST_01064,15,Male,Mwanza,Christian,Gogo,Diploma,"200,000-500,000",M-Pesa,3,0.62,0.72,0.88,0.3,Apple,USA,Premium,New,1795434,8.4,Physical Store,Cash,1,2,0.0,0.739,1.0,1.032,1.0,1.0,0.728,0.54,1
CUST_03550,28,Female,Mwanza,Christian,Others,Secondary,"<200,000",Tigo Pesa,2,0.37,0.83,0.77,0.5,Nokia,Finland,Mid-Range,New,365755,7.0,Physical Store,Cash,0,1,0.241,0.539,1.0,0.888,1.0,1.0,0.723,0.75,0
CUST_02772,36,Male,Zanzibar,Christian,Nyamwezi,Primary,"<200,000",Halopesa,4,0.14,0.79,0.49,0.7,Vivo,China,Mid-Range,New,417552,7.4,Physical Store,Mobile Money,0,12,0.175,0.363,1.0,0.524,1.0,1.0,0.427,0.76,1
CUST_02208,30,Female,Tanga,Christian,Others,Diploma,"500,001-1,000,000",Tigo Pesa,3,0.14,0.51,0.85,0.0,Tecno,China,Mid-Range,Used,183533,5.8,Physical Store,Cash,1,2,0.766,0.493,1.0,0.995,0.6,1.0,0.595,0.71,1
CUST_03250,21,Male,Mwanza,Muslim,Sukuma,Diploma,"200,000-500,000",M-Pesa,4,0.15,0.96,0.62,0.3,Huawei,China,Premium,New,1469006,9.4,Physical Store,Mobile Money,1,1,0.0,0.583,0.9,0.671,1.0,1.0,0.485,0.67,1
CUST_03060,41,Male,Arusha,Christian,Sukuma,Secondary,"200,000-500,000",Airtel Money,3,0.32,0.72,0.78,0.7,Tecno,China,Mid-Range,New,315532,7.9,Physical Store,Cash,0,2,0.432,0.616,1.0,0.8,1.0,1.0,0.628,0.81,1
CUST_04640,15,Female,Arusha,Muslim,Gogo,Secondary,"500,001-1,000,000",M-Pesa,3,0.11,0.69,0.66,0.0,Nokia,Finland,Mid-Range,New,553987,6.6,Physical Store,Cash,1,2,0.044,0.436,0.9,0.921,1.0,1.0,0.47,0.69,1
CUST_01665,15,Female,Mbeya,Christian,Sukuma,No formal,"500,001-1,000,000",Tigo Pesa,3,0.26,0.63,0.54,0.3,Apple,USA,Premium,New,992519,9.3,Online,Cash,0,2,0.479,0.502,1.0,0.985,1.0,1.0,0.579,0.76,1
CUST_02745,19,Male,Dar es Salaam,Christian,Others,Secondary,"<200,000",Airtel Money,3,0.08,0.78,0.53,0.3,Samsung,South Korea,Premium,New,1805632,9.0,Physical Store,Card,0,2,0.0,0.477,1.0,0.843,1.0,1.0,0.376,0.58,1
CUST_03714,33,Female,Arusha,Christian,Makonde,Primary,"500,001-1,000,000",None,3,0.33,0.56,0.72,0.3,Samsung,South Korea,Premium,New,2050199,8.2,Online,Cash,0,2,0.043,0.59,1.0,0.744,1.0,1.0,0.568,0.48,1
CUST_01444,39,Male,Zanzibar,Christian,Sukuma,No formal,"500,001-1,000,000",Halopesa,4,0.42,0.59,0.62,0.5,Xiaomi,China,Mid-Range,New,529014,7.6,Physical Store,Mobile Money,1,1,0.22,0.471,1.0,0.737,1.0,1.0,0.353,0.75,1
CUST_03751,15,Female,Dar es Salaam,Muslim,Others,Primary,"200,000-500,000",Tigo Pesa,5,0.06,0.7,0.85,0.5,Infinix,China,Mid-Range,New,269397,7.1,Physical Store,Mobile Money,1,1,0.529,0.603,0.9,0.726,1.0,1.0,0.676,0.77,1
CUST_02134,26,Male,Dar es Salaam,Christian,Others,Secondary,"1,000,001-2,000,000",None,1,0.46,0.44,0.57,0.3,Oppo,China,Mid-Range,New,585937,7.8,Physical Store,Mobile Money,0,2,0.355,0.445,1.0,0.632,1.0,1.0,0.47,0.75,1
CUST_03554,35,Male,Dar es Salaam,Christian,Others,No formal,"1,000,001-2,000,000",Tigo Pesa,2,0.08,0.32,0.85,0.3,Huawei,China,Premium,New,2474130,9.6,Online,Mobile Money,0,2,0.34,0.816,1.0,0.954,1.0,1.0,0.612,0.48,1
CUST_00473,32,Female,Arusha,Christian,Sukuma,Secondary,"200,000-500,000",Tigo Pesa,3,0.35,0.74,0.67,0.5,Oppo,China,Mid-Range,Used,232572,5.7,Physical Store,Mobile Money,0,11,0.57,0.382,1.0,0.712,0.6,1.0,0.819,0.7,1
CUST_00097,16,Female,Tanga,Muslim,Others,Master+,"500,001-1,000,000",Tigo Pesa,4,0.1,0.47,0.71,0.3,Xiaomi,China,Mid-Range,New,542648,6.0,Online,Mobile Money,0,1,0.362,0.426,0.9,0.658,1.0,1.0,0.678,0.65,1
CUST_00522,33,Male,Mbeya,Muslim,Nyamwezi,Primary,"<200,000",M-Pesa,2,0.3,0.99,0.44,0.5,Tecno,China,Mid-Range,New,405972,7.7,Online,Cash,0,1,0.0,0.339,0.9,0.822,1.0,1.0,0.6,0.78,1
CUST_01939,24,Male,Dar es Salaam,Christian,Others,Secondary,"200,000-500,000",M-Pesa,4,0.17,0.72,0.68,0.3,Apple,USA,Premium,New,1729900,9.1,Physical Store,Mobile Money,0,2,0.0,0.619,1.0,0.611,1.0,1.0,0.586,0.6,0
CUST_01697,15,Male,Tanga,Christian,Others,No formal,"500,001-1,000,000",Airtel Money,3,0.1,0.74,0.52,0.5,Nokia,Finland,Mid-Range,New,383847,8.0,Online,Cash,0,1,0.29,0.416,1.0,0.836,1.0,1.0,0.588,0.8,1
CUST_03521,36,Male,Arusha,Muslim,Others,Diploma,"200,000-500,000",Tigo Pesa,5,0.19,0.85,0.47,1.0,Samsung,South Korea,Premium,New,1860357,9.4,Online,Mobile Money,0,2,0.0,0.442,0.9,1.138,1.0,0.8,0.549,0.59,1
CUST_04470,33,Male,Dar es Salaam,Christian,Chagga,Primary,">2,000,000",M-Pesa,2,0.25,0.19,0.6,0.0,Infinix,China,Mid-Range,New,441868,7.4,Online,Cash,1,2,0.79,0.444,1.0,0.992,1.0,1.0,0.785,0.76,1
CUST_01498,34,Female,Mbeya,Christian,Makonde,Primary,"200,000-500,000",M-Pesa,2,0.22,0.95,0.43,0.3,Infinix,China,Mid-Range,New,286783,7.1,Online,Mobile Money,0,1,0.319,0.305,1.0,0.851,1.0,1.0,0.445,0.77,1
CUST_02819,19,Male,Dar es Salaam,Muslim,Others,Diploma,"1,000,001-2,000,000",Halopesa,2,0.53,0.16,0.76,0.3,Infinix,China,Mid-Range,New,505532,6.9,Physical Store,Mobile Money,1,2,0.798,0.524,0.9,0.638,1.0,1.0,0.744,0.71,1
CUST_01302,15,Female,Mbeya,Christian,Chagga,Secondary,"200,000-500,000",Tigo Pesa,3,0.02,0.93,0.52,0.5,Tecno,China,Mid-Range,New,537838,7.7,Mobile,Cash,0,1,0.0,0.4,1.0,0.505,1.0,1.0,0.456,0.75,1
CUST_04372,16,Male,Mbeya,Muslim,Chagga,Diploma,"200,000-500,000",M-Pesa,5,0.47,0.84,0.69,0.3,Apple,USA,Premium,New,1604116,9.9,Mobile,Cash,0,12,0.0,0.683,0.9,0.922,1.0,1.0,0.713,0.67,1
CUST_03125,30,Female,Dar es Salaam,Christian,Sukuma,No formal,"1,000,001-2,000,000",None,3,0.05,0.24,0.51,0.5,Vivo,China,Mid-Range,New,539311,7.0,Physical Store,Cash,1,2,0.676,0.357,1.0,0.873,1.0,1.0,0.5,0.71,0
CUST_00317,20,Male,Arusha,Christian,Gogo,Primary,"200,000-500,000",M-Pesa,3,0.3,0.97,0.3,0.7,Samsung,South Korea,Premium,New,1552218,9.6,Physical Store,Mobile Money,0,1,0.0,0.288,1.0,0.908,1.0,1.0,0.384,0.67,1
CUST_01624,38,Female,Arusha,Christian,Haya,No formal,"500,001-1,000,000",Tigo Pesa,4,0.58,0.62,0.35,0.5,Tecno,China,Mid-Range,New,540886,7.3,Online,Cash,1,2,0.162,0.256,1.0,0.678,1.0,1.0,0.426,0.73,1
CUST_00959,15,Female,Mbeya,Christian,Others,Secondary,">2,000,000",Tigo Pesa,4,0.03,0.5,0.47,0.5,Samsung,South Korea,Premium,New,1479005,9.0,Physical Store,Card,1,1,0.384,0.423,1.0,0.747,1.0,1.0,0.51,0.64,1
CUST_04658,34,Male,Mwanza,Christian,Gogo,Secondary,"<200,000",Tigo Pesa,2,0.29,0.9,0.85,0.3,Samsung,South Korea,Premium,New,2128211,9.3,Physical Store,Cash,0,2,0.0,0.79,1.0,0.671,1.0,1.0,0.567,0.53,1
CUST_04694,35,Male,Mbeya,Muslim,Others,Bachelor,"500,001-1,000,000",Tigo Pesa,2,0.45,0.42,0.56,0.0,Infinix,China,Mid-Range,New,315120,7.1,Physical Store,Mobile Money,0,2,0.669,0.398,0.9,0.713,1.0,1.0,0.432,0.76,1
CUST_02884,23,Male,Zanzibar,Christian,Nyamwezi,Bachelor,"500,001-1,000,000",Halopesa,4,0.08,0.45,0.68,0.5,Nokia,Finland,Mid-Range,New,344935,6.8,Physical Store,Mobile Money,0,1,0.612,0.462,1.0,0.733,1.0,1.0,0.647,0.74,0
CUST_00031,30,Male,Mwanza,Muslim,Others,Bachelor,"500,001-1,000,000",Airtel Money,3,0.12,0.73,0.9,1.0,Huawei,China,Premium,New,1788861,10.0,Online,Cash,0,2,0.0,0.9,0.9,0.606,1.0,0.8,0.642,0.64,1
CUST_03642,26,Male,Arusha,Christian,Nyamwezi,Bachelor,"<200,000",Tigo Pesa,3,0.26,0.93,0.8,0.0,Xiaomi,China,Mid-Range,New,551252,6.1,Physical Store,Mobile Money,1,2,0.0,0.488,1.0,0.691,1.0,1.0,0.444,0.66,0
CUST_01480,29,Female,Tanga,Christian,Sukuma,Secondary,"200,000-500,000",Airtel Money,3,0.6,0.95,0.85,0.5,Vivo,China,Mid-Range,New,556376,6.5,Physical Store,Mobile Money,0,2,0.0,0.552,1.0,0.95,1.0,1.0,0.301,0.68,1
CUST_01429,34,Male,Dar es Salaam,Christian,Others,Primary,"<200,000",Tigo Pesa,5,0.05,0.88,0.4,0.5,Xiaomi,China,Mid-Range,New,575404,8.0,Physical Store,Cash,0,1,0.0,0.32,1.0,0.703,1.0,1.0,0.341,0.76,1
CUST_04852,15,Female,Dodoma,Christian,Others,Primary,"200,000-500,000",M-Pesa,5,0.27,0.71,0.86,0.7,Itel,China,Budget,New,158379,4.1,Physical Store,Mobile Money,0,2,0.25,0.353,1.0,0.624,1.0,1.0,0.569,0.61,1
CUST_00355,32,Male,Tanga,Christian,Others,Diploma,"1,000,001-2,000,000",M-Pesa,5,0.33,0.36,0.31,1.0,Nokia,Finland,Mid-Range,New,331942,7.8,Physical Store,Mobile Money,0,2,0.701,0.242,1.0,0.793,1.0,0.8,0.686,0.8,1
CUST_02992,49,Female,Mwanza,Muslim,Others,No formal,"500,001-1,000,000",M-Pesa,1,0.18,0.72,0.67,0.3,Apple,USA,Premium,New,2353545,8.3,Physical Store,Cash,0,2,0.0,0.556,0.9,1.168,1.0,1.0,0.507,0.43,1
CUST_02605,35,Female,Dar es Salaam,Muslim,Others,Bachelor,"200,000-500,000",Tigo Pesa,3,0.23,0.98,0.9,0.0,Tecno,China,Mid-Range,New,524668,7.9,Physical Store,Cash,0,2,0.0,0.711,0.9,0.627,1.0,1.0,0.313,0.77,1
CUST_00824,28,Male,Arusha,Muslim,Others,Bachelor,"<200,000",Halopesa,2,0.43,0.84,0.75,0.7,Infinix,China,Mid-Range,New,335023,6.2,Physical Store,Card,0,2,0.296,0.465,0.9,0.628,1.0,1.0,0.661,0.7,1
CUST_03725,22,Female,Arusha,Muslim,Others,Diploma,"200,000-500,000",Tigo Pesa,4,0.49,0.78,0.85,0.7,Xiaomi,China,Mid-Range,Used,290189,6.6,Mobile,Cash,1,2,0.434,0.561,0.9,0.689,0.6,1.0,0.73,0.74,1
CUST_02093,36,Male,Dar es Salaam,Muslim,Sukuma,Bachelor,"200,000-500,000",Halopesa,5,0.54,0.85,0.86,0.3,Nokia,Finland,Mid-Range,New,497644,7.0,Physical Store,Mobile Money,0,1,0.0,0.602,0.9,0.501,1.0,1.0,0.464,0.72,0
CUST_01491,45,Female,Tanga,Muslim,Nyamwezi,No formal,"200,000-500,000",M-Pesa,1,0.68,0.94,0.58,0.5,Vivo,China,Mid-Range,New,599969,6.9,Mobile,Card,0,2,0.0,0.4,0.9,0.506,1.0,1.0,0.34,0.69,1
CUST_04623,35,Female,Mwanza,Christian,Makonde,Primary,"500,001-1,000,000",Halopesa,1,0.27,0.52,0.43,0.5,Xiaomi,China,Mid-Range,New,404657,7.0,Physical Store,Mobile Money,0,2,0.474,0.301,1.0,0.86,1.0,1.0,0.72,0.74,1
CUST_04622,15,Female,Arusha,Christian,Others,Bachelor,"200,000-500,000",M-Pesa,3,0.1,0.99,0.82,0.0,Nokia,Finland,Mid-Range,New,258427,7.1,Online,Mobile Money,0,2,0.36,0.582,1.0,0.703,1.0,1.0,0.682,0.77,1
CUST_02664,27,Female,Dar es Salaam,Muslim,Others,Master+,"<200,000",Airtel Money,3,0.54,0.96,0.64,0.3,Vivo,China,Mid-Range,Used,284750,6.9,Physical Store,Cash,0,1,0.317,0.442,0.9,0.63,0.6,1.0,0.423,0.76,1
CUST_04408,21,Female,Dar es Salaam,Christian,Nyamwezi,Secondary,"500,001-1,000,000",Tigo Pesa,5,0.41,0.41,0.57,0.3,Xiaomi,China,Mid-Range,New,271654,6.3,Physical Store,Cash,0,2,0.722,0.359,1.0,0.751,1.0,1.0,0.802,0.72,0
CUST_02769,17,Female,Mwanza,Muslim,Others,Secondary,"200,000-500,000",Airtel Money,5,0.1,0.8,0.38,0.3,Oppo,China,Mid-Range,New,330999,6.2,Physical Store,Mobile Money,0,2,0.338,0.236,0.9,0.804,1.0,1.0,0.508,0.71,1
CUST_03215,18,Female,Mwanza,Muslim,Others,Secondary,"<200,000",M-Pesa,3,0.15,0.71,0.85,0.3,Oppo,China,Mid-Range,New,330285,6.1,Online,Cash,0,10,0.414,0.518,0.9,0.514,1.0,1.0,0.6,0.7,1
CUST_03578,34,Male,Zanzibar,Christian,Others,Primary,"500,001-1,000,000",M-Pesa,4,0.34,0.61,0.82,0.3,Itel,China,Budget,New,122985,5.1,Physical Store,Mobile Money,1,2,0.5,0.418,1.0,0.54,1.0,1.0,0.553,0.68,1
CUST_04665,49,Male,Dar es Salaam,Christian,Others,Secondary,"200,000-500,000",Tigo Pesa,4,0.1,0.95,0.39,0.0,Vivo,China,Mid-Range,New,298671,6.6,Physical Store,Cash,0,2,0.291,0.257,1.0,0.579,1.0,1.0,0.423,0.74,1
CUST_03649,36,Male,Morogoro,Muslim,Others,Bachelor,"500,001-1,000,000",M-Pesa,4,0.22,0.62,0.64,0.0,Xiaomi,China,Mid-Range,New,450255,6.4,Online,Cash,1,1,0.302,0.41,0.9,0.713,1.0,1.0,0.6,0.69,1
CUST_02298,38,Female,Dodoma,Muslim,Sukuma,No formal,"<200,000",Tigo Pesa,3,0.12,0.83,0.8,0.3,Huawei,China,Premium,New,976278,9.0,Physical Store,Card,1,2,0.325,0.72,0.9,0.686,1.0,1.0,0.515,0.74,1
CUST_03660,30,Male,Morogoro,Christian,Haya,Diploma,"500,001-1,000,000",Tigo Pesa,4,0.06,0.74,0.87,0.5,Samsung,South Korea,Premium,New,2474514,9.3,Mobile,Mobile Money,0,1,0.0,0.809,1.0,0.882,1.0,1.0,0.47,0.46,1
CUST_02669,32,Male,Dar es Salaam,Christian,Makonde,Primary,"<200,000",Airtel Money,5,0.46,0.89,0.39,1.0,Nokia,Finland,Mid-Range,Used,253008,6.7,Physical Store,Mobile Money,0,1,0.437,0.261,1.0,0.863,0.6,0.8,0.607,0.75,1
CUST_00431,27,Female,Mwanza,Muslim,Others,Primary,"500,001-1,000,000",Halopesa,2,0.05,0.75,0.4,0.7,Oppo,China,Mid-Range,New,405131,7.5,Physical Store,Card,1,1,0.24,0.3,0.9,0.544,1.0,1.0,0.574,0.77,1
CUST_02058,16,Male,Dar es Salaam,Christian,Others,Secondary,"<200,000",Airtel Money,4,0.44,0.81,0.62,0.5,Huawei,China,Premium,New,1615388,8.4,Physical Store,Cash,0,2,0.0,0.521,1.0,0.779,1.0,1.0,0.677,0.58,1
CUST_01493,17,Female,Dodoma,Christian,Makonde,Primary,"200,000-500,000",M-Pesa,3,0.6,0.7,0.45,0.5,Apple,USA,Premium,Used,1319366,8.8,Physical Store,Cash,1,2,0.23,0.396,1.0,1.128,0.6,1.0,0.51,0.66,1
CUST_03449,35,Female,Arusha,Christian,Sukuma,No formal,"200,000-500,000",M-Pesa,4,0.65,0.73,0.69,0.0,Infinix,China,Mid-Range,New,465814,6.7,Physical Store,Cash,0,1,0.15,0.462,1.0,0.989,1.0,1.0,0.673,0.71,0
CUST_04254,27,Female,Arusha,Christian,Sukuma,Diploma,"200,000-500,000",Tigo Pesa,5,0.29,0.85,0.57,0.5,Oppo,China,Mid-Range,Used,359275,5.2,Physical Store,Cash,0,2,0.237,0.296,1.0,0.909,0.6,1.0,0.621,0.64,1
CUST_02060,25,Female,Mbeya,Christian,Haya,Secondary,"200,000-500,000",Tigo Pesa,3,0.23,0.72,0.77,0.5,Infinix,China,Mid-Range,Used,449565,6.0,Online,Cash,0,2,0.191,0.462,1.0,0.964,0.6,1.0,0.622,0.67,1
CUST_01680,21,Female,Zanzibar,Christian,Nyamwezi,Primary,"<200,000",M-Pesa,2,0.24,0.77,0.3,0.5,Huawei,China,Premium,New,2007604,9.1,Physical Store,Cash,0,2,0.0,0.273,1.0,0.776,1.0,1.0,0.553,0.54,0
CUST_01699,28,Male,Tanga,Christian,Others,Primary,">2,000,000",M-Pesa,3,0.4,0.49,0.6,0.5,Nokia,Finland,Mid-Range,New,408537,6.9,Physical Store,Cash,0,2,0.5,0.414,1.0,0.547,1.0,1.0,0.576,0.73,1
CUST_02120,34,Male,Mwanza,Muslim,Others,Secondary,"500,001-1,000,000",Airtel Money,3,0.2,0.68,0.38,1.0,Tecno,China,Mid-Range,New,575592,7.8,Physical Store,Cash,0,2,0.021,0.296,0.9,0.831,1.0,0.8,0.512,0.75,1
CUST_03923,16,Male,Dar es Salaam,Muslim,Nyamwezi,Bachelor,"<200,000",Airtel Money,2,0.45,0.96,0.54,0.0,Huawei,China,Premium,New,1145986,9.1,Mobile,Card,1,2,0.083,0.491,0.9,0.585,1.0,1.0,0.43,0.72,1
CUST_00954,28,Male,Arusha,Christian,Others,Primary,">2,000,000",Airtel Money,4,0.14,0.21,0.66,0.5,Apple,USA,Premium,New,2480340,8.9,Physical Store,Mobile Money,1,2,0.566,0.587,1.0,1.002,1.0,1.0,0.741,0.44,1
CUST_00272,16,Female,Dar es Salaam,Muslim,Others,Diploma,"200,000-500,000",Tigo Pesa,2,0.32,0.93,0.76,0.5,Huawei,China,Premium,New,1250017,8.9,Physical Store,Mobile Money,0,2,0.031,0.676,0.9,0.628,1.0,1.0,0.507,0.68,1
CUST_04314,40,Female,Mbeya,Christian,Others,Diploma,"500,001-1,000,000",Airtel Money,3,0.3,0.65,0.84,0.0,Infinix,China,Mid-Range,New,570167,6.1,Online,Cash,0,1,0.073,0.512,1.0,0.539,1.0,1.0,0.47,0.65,1
CUST_01287,15,Female,Mwanza,Other,Others,Primary,"<200,000",M-Pesa,2,0.16,0.83,0.36,0.3,Tecno,China,Mid-Range,New,535736,7.8,Physical Store,Mobile Money,0,2,0.0,0.281,1.0,0.559,1.0,1.0,0.399,0.76,1
CUST_02859,22,Male,Mwanza,Christian,Others,No formal,"1,000,001-2,000,000",M-Pesa,4,0.19,0.48,0.78,0.0,Tecno,China,Mid-Range,New,492731,6.5,Online,Mobile Money,0,2,0.409,0.507,1.0,0.881,1.0,1.0,0.752,0.69,0
CUST_02619,43,Male,Tanga,Christian,Sukuma,Diploma,"<200,000",M-Pesa,1,0.13,0.76,0.5,0.0,Xiaomi,China,Mid-Range,New,291113,6.4,Mobile,Cash,0,1,0.447,0.32,1.0,0.515,1.0,1.0,0.49,0.73,1
CUST_03911,37,Female,Zanzibar,Christian,Others,Primary,">2,000,000",M-Pesa,1,0.12,0.28,0.77,0.0,Infinix,China,Mid-Range,New,280302,7.6,Physical Store,Mobile Money,1,2,0.804,0.585,1.0,0.535,1.0,1.0,0.714,0.8,1
CUST_02226,43,Male,Zanzibar,Christian,Haya,Diploma,"<200,000",Tigo Pesa,1,0.16,0.8,0.51,0.7,Xiaomi,China,Mid-Range,New,564985,7.6,Mobile,Mobile Money,0,2,0.0,0.388,1.0,0.516,1.0,1.0,0.354,0.74,0
CUST_01670,22,Female,Dar es Salaam,Christian,Gogo,Secondary,"200,000-500,000",Tigo Pesa,1,0.3,0.79,0.62,0.5,Tecno,China,Mid-Range,New,348427,7.0,Online,Cash,0,2,0.312,0.434,1.0,0.988,1.0,1.0,0.628,0.75,1
CUST_00599,33,Male,Zanzibar,Muslim,Others,Master+,"200,000-500,000",M-Pesa,3,0.43,0.9,0.6,0.0,Tecno,China,Mid-Range,New,260215,6.3,Physical Store,Cash,1,1,0.415,0.378,0.9,0.89,1.0,1.0,0.394,0.73,1
CUST_02018,19,Male,Tanga,Christian,Gogo,No formal,"200,000-500,000",M-Pesa,1,0.02,0.92,0.8,0.3,Tecno,China,Mid-Range,Used,164406,6.8,Physical Store,Cash,0,2,0.622,0.544,1.0,0.726,0.6,1.0,0.713,0.78,1
CUST_00855,37,Female,Tanga,Christian,Others,Primary,"500,001-1,000,000",Tigo Pesa,4,0.16,0.73,0.51,0.3,Itel,China,Budget,New,135611,4.6,Physical Store,Card,0,2,0.34,0.235,1.0,0.512,1.0,1.0,0.571,0.65,0
CUST_04465,22,Male,Morogoro,Muslim,Sukuma,No formal,"200,000-500,000",M-Pesa,5,0.3,0.84,0.59,0.5,Samsung,South Korea,Premium,New,1556188,9.1,Physical Store,Cash,0,2,0.0,0.537,0.9,1.091,1.0,1.0,0.618,0.63,1
CUST_02740,19,Female,Morogoro,Muslim,Gogo,Primary,"200,000-500,000",M-Pesa,3,0.51,0.86,0.68,0.3,Nokia,Finland,Mid-Range,New,438482,6.8,Mobile,Cash,1,10,0.057,0.462,0.9,0.956,1.0,1.0,0.488,0.72,0
CUST_02475,15,Male,Mwanza,Muslim,Others,Diploma,"<200,000",None,1,0.48,0.92,0.51,0.0,Nokia,Finland,Mid-Range,New,509876,6.8,Physical Store,Cash,0,12,0.0,0.347,0.9,0.521,1.0,1.0,0.644,0.71,1
CUST_00005,33,Female,Dar es Salaam,Muslim,Sukuma,Diploma,"<200,000",M-Pesa,2,0.59,0.79,0.5,0.5,Xiaomi,China,Mid-Range,New,352373,7.4,Physical Store,Cash,0,2,0.304,0.37,0.9,0.643,1.0,1.0,0.494,0.77,0
CUST_00352,16,Male,Dar es Salaam,Other,Others,Secondary,"<200,000",None,2,0.07,0.9,0.67,0.7,Infinix,China,Mid-Range,Used,338182,5.3,Physical Store,Cash,0,2,0.239,0.355,1.0,0.678,0.6,1.0,0.571,0.65,1
CUST_04510,28,Female,Mwanza,Muslim,Sukuma,Secondary,"200,000-500,000",Airtel Money,2,0.46,0.87,0.75,0.5,Samsung,South Korea,Premium,New,906325,9.9,Physical Store,Cash,0,2,0.343,0.742,0.9,0.889,1.0,1.0,0.577,0.81,1
CUST_01701,29,Female,Dar es Salaam,Christian,Others,Bachelor,"500,001-1,000,000",M-Pesa,1,0.28,0.71,0.75,0.7,Tecno,China,Mid-Range,New,541826,7.2,Physical Store,Card,1,2,0.038,0.54,1.0,0.849,1.0,1.0,0.565,0.72,1
CUST_02917,35,Female,Mwanza,Muslim,Sukuma,No formal,"500,001-1,000,000",Airtel Money,3,0.37,0.57,0.84,0.5,Nokia,Finland,Mid-Range,Used,472717,7.0,Physical Store,Cash,0,12,0.326,0.588,0.9,0.594,0.6,1.0,0.613,0.73,1
CUST_02501,30,Male,Morogoro,Christian,Sukuma,Diploma,"200,000-500,000",M-Pesa,4,0.39,0.71,0.83,0.5,Vivo,China,Mid-Range,New,315690,6.4,Physical Store,Cash,1,2,0.44,0.531,1.0,0.701,1.0,1.0,0.784,0.72,1
CUST_04231,43,Male,Arusha,Muslim,Chagga,No formal,"1,000,001-2,000,000",Tigo Pesa,2,0.26,0.23,0.36,0.5,Tecno,China,Mid-Range,New,260393,7.4,Physical Store,Cash,1,2,0.85,0.266,0.9,0.626,1.0,1.0,0.509,0.79,1
CUST_00407,28,Female,Dar es Salaam,Muslim,Gogo,No formal,"200,000-500,000",Halopesa,5,0.3,0.99,0.85,0.0,Infinix,China,Mid-Range,New,432550,6.2,Physical Store,Mobile Money,0,2,0.0,0.527,0.9,0.998,1.0,1.0,0.562,0.69,1
CUST_02651,16,Male,Mwanza,Christian,Others,No formal,"<200,000",Tigo Pesa,5,0.13,0.9,0.51,0.5,Samsung,South Korea,Premium,New,1086876,8.3,Mobile,Mobile Money,0,2,0.185,0.423,1.0,0.656,1.0,1.0,0.434,0.68,1
CUST_02865,24,Female,Mwanza,Muslim,Others,Primary,"500,001-1,000,000",Airtel Money,2,0.5,0.55,0.4,0.3,Samsung,South Korea,Premium,New,694070,9.6,Online,Mobile Money,1,2,0.682,0.384,0.9,1.082,1.0,1.0,0.524,0.84,1
CUST_00744,29,Male,Dodoma,Christian,Sukuma,Primary,"1,000,001-2,000,000",M-Pesa,2,0.39,0.44,0.59,0.0,Samsung,South Korea,Premium,New,1338209,9.5,Mobile,Mobile Money,0,2,0.509,0.56,1.0,0.858,1.0,1.0,0.694,0.7,1
CUST_03898,24,Female,Morogoro,Christian,Others,Secondary,"200,000-500,000",M-Pesa,3,0.4,1.0,0.89,0.0,Apple,USA,Premium,Used,1024387,8.0,Online,Cash,0,2,0.146,0.712,1.0,1.123,0.6,1.0,0.53,0.68,1
CUST_00754,16,Male,Tanga,Christian,Others,Primary,"<200,000",M-Pesa,4,0.12,0.92,0.73,0.0,Nokia,Finland,Mid-Range,New,484885,6.9,Physical Store,Mobile Money,0,1,0.0,0.504,1.0,0.755,1.0,1.0,0.501,0.72,1
CUST_00198,49,Female,Dar es Salaam,Muslim,Others,Diploma,"500,001-1,000,000",Tigo Pesa,2,0.28,0.48,0.83,0.5,Apple,USA,Premium,New,1963663,9.0,Physical Store,Cash,1,2,0.215,0.747,0.9,0.838,1.0,1.0,0.561,0.55,1
CUST_01675,33,Male,Arusha,Christian,Others,Secondary,"200,000-500,000",M-Pesa,4,0.14,0.73,0.87,0.5,Samsung,South Korea,Premium,New,2477866,9.9,Online,Cash,0,2,0.0,0.861,1.0,1.059,1.0,1.0,0.646,0.5,1
CUST_04556,20,Female,Arusha,Christian,Sukuma,Diploma,"<200,000",Airtel Money,4,0.35,0.73,0.54,0.5,Tecno,China,Mid-Range,New,484668,6.0,Physical Store,Cash,1,2,0.115,0.324,1.0,0.804,1.0,1.0,0.304,0.66,1
CUST_01754,22,Female,Arusha,Christian,Gogo,Master+,"200,000-500,000",M-Pesa,2,0.47,0.81,0.34,0.7,Tecno,China,Mid-Range,Used,460914,5.7,Online,Mobile Money,0,2,0.067,0.194,1.0,0.994,0.6,1.0,0.606,0.65,1
CUST_02637,29,Female,Mbeya,Muslim,Sukuma,No formal,"1,000,001-2,000,000",M-Pesa,5,0.03,0.49,0.37,0.5,Xiaomi,China,Mid-Range,New,273980,6.2,Online,Cash,1,2,0.664,0.229,0.9,0.754,1.0,1.0,0.426,0.72,1
CUST_01073,15,Male,Dar es Salaam,Christian,Others,No formal,"200,000-500,000",Tigo Pesa,2,0.32,0.73,0.33,0.5,Itel,China,Budget,New,176015,4.2,Mobile,Cash,0,2,0.143,0.139,1.0,0.998,1.0,1.0,0.497,0.62,0
CUST_00281,46,Male,Arusha,Christian,Others,Bachelor,"200,000-500,000",M-Pesa,2,0.1,0.95,0.75,0.0,Tecno,China,Mid-Range,New,350543,6.4,Online,Card,0,2,0.167,0.48,1.0,0.57,1.0,1.0,0.487,0.71,1
CUST_00495,15,Female,Mbeya,Christian,Chagga,Secondary,"1,000,001-2,000,000",Tigo Pesa,2,0.1,0.43,0.38,0.7,Apple,USA,Premium,New,1726618,9.7,Physical Store,Cash,1,2,0.381,0.369,1.0,0.649,1.0,1.0,0.495,0.64,1
CUST_00856,26,Female,Tanga,Christian,Others,Primary,"200,000-500,000",M-Pesa,2,0.13,1.0,0.5,0.3,Infinix,China,Mid-Range,New,378001,6.8,Physical Store,Mobile Money,0,2,0.055,0.34,1.0,0.542,1.0,1.0,0.4,0.73,1
CUST_03264,16,Female,Dar es Salaam,Other,Haya,Bachelor,"500,001-1,000,000",M-Pesa,3,0.28,0.46,0.84,0.0,Tecno,China,Mid-Range,New,480951,7.3,Physical Store,Card,0,2,0.447,0.613,1.0,0.784,1.0,1.0,0.809,0.74,1
CUST_01818,23,Male,Mwanza,Christian,Chagga,Secondary,"<200,000",Halopesa,1,0.07,0.74,0.41,0.3,Nokia,Finland,Mid-Range,New,509285,6.3,Online,Cash,0,12,0.058,0.258,1.0,0.833,1.0,1.0,0.499,0.68,1
CUST_03501,26,Male,Dar es Salaam,Muslim,Nyamwezi,Primary,"200,000-500,000",M-Pesa,4,0.47,0.96,0.35,0.5,Tecno,China,Mid-Range,New,390033,7.4,Online,Mobile Money,1,1,0.064,0.259,0.9,0.607,1.0,1.0,0.447,0.77,1
CUST_01138,36,Male,Dar es Salaam,Christian,Others,Primary,"500,001-1,000,000",None,5,0.16,0.6,0.38,0.7,Tecno,China,Mid-Range,New,507065,7.4,Physical Store,Cash,0,12,0.239,0.281,1.0,0.823,1.0,1.0,0.522,0.74,1
CUST_00094,24,Female,Arusha,Muslim,Gogo,No formal,"500,001-1,000,000",Tigo Pesa,3,0.43,0.44,0.31,0.5,Apple,USA,Premium,New,1575152,9.1,Physical Store,Mobile Money,0,11,0.422,0.282,0.9,1.171,1.0,1.0,0.686,0.63,1
CUST_00491,32,Male,Zanzibar,Christian,Gogo,Secondary,"<200,000",Tigo Pesa,5,0.05,0.99,0.67,0.5,Infinix,China,Mid-Range,New,570515,6.5,Physical Store,Mobile Money,0,2,0.0,0.436,1.0,0.527,1.0,1.0,0.494,0.68,1
CUST_04413,29,Male,Zanzibar,Muslim,Others,Bachelor,">2,000,000",M-Pesa,4,0.42,0.42,0.4,0.5,Tecno,China,Mid-Range,New,322314,6.1,Mobile,Mobile Money,1,2,0.662,0.244,0.9,0.683,1.0,1.0,0.634,0.7,1
CUST_04074,15,Female,Dar es Salaam,Muslim,Others,Primary,"1,000,001-2,000,000",M-Pesa,4,0.59,0.42,0.41,0.5,Xiaomi,China,Mid-Range,New,326742,7.1,Physical Store,Cash,0,2,0.657,0.291,0.9,0.798,1.0,1.0,0.663,0.76,1
CUST_02302,33,Male,Morogoro,Christian,Sukuma,Primary,"500,001-1,000,000",Tigo Pesa,4,0.09,0.64,0.86,0.5,Tecno,China,Mid-Range,New,531990,6.5,Physical Store,Mobile Money,1,1,0.149,0.559,1.0,0.777,1.0,1.0,0.536,0.68,1
CUST_04577,27,Male,Dodoma,Christian,Others,Secondary,"<200,000",Halopesa,5,0.42,0.79,0.41,0.3,Nokia,Finland,Mid-Range,New,553703,7.6,Physical Store,Cash,1,2,0.0,0.312,1.0,0.805,1.0,1.0,0.238,0.75,1
CUST_00962,16,Male,Mwanza,Christian,Others,Secondary,">2,000,000",Airtel Money,5,0.14,0.48,0.39,0.7,Samsung,South Korea,Premium,New,1415168,8.1,Physical Store,Cash,0,2,0.434,0.316,1.0,1.091,1.0,1.0,0.635,0.6,1
CUST_00982,34,Male,Dar es Salaam,Christian,Gogo,Bachelor,"1,000,001-2,000,000",M-Pesa,4,0.45,0.41,0.75,0.5,Nokia,Finland,Mid-Range,New,321507,7.0,Physical Store,Cash,1,2,0.67,0.525,1.0,0.757,1.0,1.0,0.793,0.76,0
CUST_01908,39,Male,Morogoro,Christian,Others,No formal,"200,000-500,000",Tigo Pesa,3,0.49,0.94,0.85,0.3,Nokia,Finland,Mid-Range,New,511780,7.7,Online,Cash,0,1,0.0,0.654,1.0,0.703,1.0,1.0,0.67,0.76,1
CUST_00856,26,Female,Tanga,Christian,Others,Primary,"200,000-500,000",M-Pesa,2,0.13,1.0,0.5,0.3,Apple,USA,Premium,New,717350,8.5,Physical Store,Card,0,2,0.402,0.425,1.0,0.927,1.0,1.0,0.629,0.77,1
CUST_01330,28,Female,Arusha,Muslim,Others,Diploma,"200,000-500,000",None,1,0.34,0.87,0.76,0.7,Xiaomi,China,Mid-Range,New,442401,6.8,Online,Cash,0,2,0.038,0.517,0.9,0.819,1.0,1.0,0.539,0.72,0
CUST_00429,23,Female,Morogoro,Christian,Sukuma,No formal,"1,000,001-2,000,000",M-Pesa,2,0.11,0.17,0.46,0.5,Huawei,China,Premium,New,1160213,9.7,Online,Cash,0,2,0.836,0.446,1.0,0.922,1.0,1.0,0.856,0.75,1
CUST_02442,29,Male,Dodoma,Christian,Gogo,Diploma,"200,000-500,000",Tigo Pesa,3,0.41,0.78,0.9,0.3,Infinix,China,Mid-Range,New,315834,7.6,Online,Cash,0,2,0.384,0.684,1.0,0.698,1.0,1.0,0.706,0.79,1
CUST_00823,34,Male,Morogoro,Muslim,Sukuma,Secondary,"500,001-1,000,000",Airtel Money,2,0.22,0.45,0.88,0.0,Apple,USA,Premium,New,979445,9.6,Physical Store,Cash,1,1,0.633,0.845,0.9,1.149,1.0,1.0,0.765,0.78,1
CUST_03735,15,Male,Dar es Salaam,Christian,Chagga,Bachelor,"<200,000",Halopesa,5,0.22,0.8,0.56,0.3,Xiaomi,China,Mid-Range,New,362477,7.7,Physical Store,Card,0,1,0.275,0.431,1.0,0.529,1.0,1.0,0.467,0.79,1
CUST_04681,34,Female,Arusha,Christian,Others,Diploma,"200,000-500,000",M-Pesa,3,0.17,0.94,0.6,0.3,Tecno,China,Mid-Range,New,269006,7.1,Physical Store,Mobile Money,0,2,0.368,0.426,1.0,0.931,1.0,1.0,0.741,0.77,1
CUST_01543,20,Male,Dar es Salaam,Christian,Others,No formal,"200,000-500,000",M-Pesa,3,0.25,0.89,0.62,0.5,Apple,USA,Premium,New,834674,8.9,Physical Store,Cash,1,2,0.381,0.552,1.0,0.801,1.0,1.0,0.529,0.77,1
CUST_01025,21,Female,Mwanza,Christian,Gogo,Secondary,"<200,000",Airtel Money,3,0.5,0.87,0.67,0.7,Huawei,China,Premium,New,1845781,8.2,Mobile,Card,0,2,0.0,0.549,1.0,0.908,1.0,1.0,0.419,0.52,1
CUST_04237,25,Female,Mwanza,Muslim,Nyamwezi,Secondary,"500,001-1,000,000",Tigo Pesa,3,0.04,0.74,0.37,0.5,Samsung,South Korea,Premium,New,822867,8.7,Physical Store,Cash,0,2,0.493,0.322,0.9,1.036,1.0,1.0,0.662,0.76,1
CUST_01666,16,Male,Morogoro,Muslim,Others,Diploma,"500,001-1,000,000",M-Pesa,3,0.25,0.6,0.5,0.3,Huawei,China,Premium,New,1787404,8.7,Physical Store,Mobile Money,0,2,0.106,0.435,0.9,0.972,1.0,1.0,0.635,0.56,0
CUST_01313,25,Male,Dar es Salaam,Muslim,Others,No formal,"1,000,001-2,000,000",M-Pesa,5,0.04,0.25,0.54,0.3,Huawei,China,Premium,New,1554432,9.1,Online,Cash,0,2,0.676,0.491,0.9,0.527,1.0,1.0,0.578,0.64,0
CUST_02294,40,Male,Dodoma,Muslim,Others,Bachelor,"500,001-1,000,000",Airtel Money,3,0.02,0.71,0.39,0.5,Oppo,China,Mid-Range,New,511944,7.5,Physical Store,Card,0,2,0.091,0.292,0.9,0.664,1.0,1.0,0.345,0.75,1
CUST_02960,22,Female,Dar es Salaam,Christian,Makonde,Primary,"500,001-1,000,000",M-Pesa,3,0.16,0.67,0.55,0.0,Nokia,Finland,Mid-Range,New,295084,7.6,Physical Store,Mobile Money,0,12,0.506,0.418,1.0,0.828,1.0,1.0,0.611,0.8,1
CUST_01272,27,Male,Mwanza,Christian,Chagga,Primary,"200,000-500,000",M-Pesa,1,0.32,0.72,0.74,0.0,Nokia,Finland,Mid-Range,Used,239728,5.3,Physical Store,Cash,0,2,0.568,0.392,1.0,0.763,0.6,1.0,0.636,0.67,1
CUST_01556,26,Female,Arusha,Other,Nyamwezi,Primary,"500,001-1,000,000",Halopesa,3,0.2,0.62,0.39,0.7,Xiaomi,China,Mid-Range,New,595821,7.4,Physical Store,Mobile Money,0,2,0.076,0.289,1.0,0.773,1.0,1.0,0.403,0.72,1
CUST_04006,33,Male,Dar es Salaam,Christian,Others,Secondary,"200,000-500,000",M-Pesa,3,0.32,0.98,0.87,0.5,Apple,USA,Premium,New,2293796,8.8,Mobile,Cash,1,2,0.0,0.766,1.0,1.008,1.0,1.0,0.614,0.47,1
CUST_04459,32,Female,Dar es Salaam,Christian,Gogo,Diploma,"500,001-1,000,000",None,3,0.15,0.56,0.34,0.5,Samsung,South Korea,Premium,New,1925433,9.8,Online,Cash,1,1,0.101,0.333,1.0,0.856,1.0,1.0,0.611,0.6,1
CUST_00649,52,Male,Tanga,Christian,Sukuma,Secondary,"200,000-500,000",M-Pesa,1,0.2,0.87,0.82,0.7,Samsung,South Korea,Premium,New,1960410,9.5,Online,Card,1,1,0.0,0.779,1.0,0.638,1.0,1.0,0.564,0.58,1
CUST_02042,34,Male,Dodoma,Muslim,Sukuma,Bachelor,"1,000,001-2,000,000",Tigo Pesa,3,0.2,0.4,0.32,0.5,Huawei,China,Premium,New,1650872,8.7,Physical Store,Cash,0,1,0.45,0.278,0.9,0.718,1.0,1.0,0.43,0.59,1
CUST_01708,31,Male,Mwanza,Christian,Others,Secondary,"200,000-500,000",Airtel Money,3,0.46,0.85,0.69,0.0,Samsung,South Korea,Premium,New,1887630,8.3,Physical Store,Mobile Money,0,1,0.0,0.573,1.0,0.847,1.0,1.0,0.553,0.52,1
CUST_00759,27,Male,Mbeya,Muslim,Sukuma,Primary,"<200,000",Airtel Money,5,0.17,0.87,0.33,0.5,Oppo,China,Mid-Range,New,266326,7.7,Physical Store,Card,0,10,0.421,0.254,0.9,0.776,1.0,1.0,0.435,0.81,1
CUST_01164,17,Male,Mwanza,Muslim,Others,Diploma,"200,000-500,000",M-Pesa,2,0.57,0.91,0.57,0.7,Infinix,China,Mid-Range,New,337794,6.2,Mobile,Cash,0,2,0.232,0.353,0.9,0.574,1.0,1.0,0.642,0.7,1
CUST_02744,23,Female,Morogoro,Christian,Sukuma,Primary,"200,000-500,000",M-Pesa,3,0.37,0.89,0.41,0.7,Nokia,Finland,Mid-Range,New,300639,7.8,Online,Cash,0,2,0.331,0.32,1.0,0.672,1.0,1.0,0.484,0.81,1
CUST_02983,15,Female,Arusha,Muslim,Sukuma,Primary,">2,000,000",Halopesa,3,0.13,0.27,0.33,0.3,Vivo,China,Mid-Range,New,489016,6.9,Physical Store,Cash,0,1,0.67,0.228,0.9,0.705,1.0,1.0,0.439,0.72,1
CUST_03736,21,Female,Dar es Salaam,Christian,Sukuma,Secondary,"200,000-500,000",Airtel Money,5,0.56,0.75,0.51,1.0,Vivo,China,Mid-Range,New,564978,7.9,Physical Store,Mobile Money,0,2,0.0,0.403,1.0,0.631,1.0,0.8,0.356,0.76,0
CUST_03718,15,Female,Mbeya,Christian,Others,Secondary,"200,000-500,000",M-Pesa,5,0.63,0.72,0.68,0.3,Nokia,Finland,Mid-Range,New,344383,7.9,Online,Card,1,2,0.38,0.537,1.0,0.78,1.0,1.0,0.666,0.81,1
CUST_03733,22,Female,Dodoma,Christian,Others,Primary,"500,001-1,000,000",None,3,0.19,0.76,0.42,0.3,Apple,USA,Premium,New,1253220,8.6,Physical Store,Cash,1,2,0.206,0.361,1.0,1.121,1.0,1.0,0.55,0.67,1
CUST_03087,19,Female,Zanzibar,Christian,Haya,Primary,"500,001-1,000,000",Airtel Money,4,0.2,0.49,0.64,0.5,Tecno,China,Mid-Range,New,261865,7.0,Physical Store,Cash,0,2,0.679,0.448,1.0,0.618,1.0,1.0,0.658,0.77,1
CUST_01672,27,Male,Mwanza,Christian,Sukuma,Primary,"<200,000",Tigo Pesa,3,0.1,0.86,0.58,0.3,Huawei,China,Premium,New,661418,8.9,Physical Store,Mobile Money,0,12,0.526,0.516,1.0,0.775,1.0,1.0,0.724,0.8,1
CUST_04647,19,Female,Arusha,Christian,Others,No formal,"1,000,001-2,000,000",Tigo Pesa,3,0.19,0.41,0.52,0.7,Apple,USA,Premium,New,1511770,8.9,Physical Store,Mobile Money,0,2,0.483,0.463,1.0,0.886,1.0,1.0,0.749,0.63,0
CUST_01663,18,Female,Dar es Salaam,Christian,Others,Bachelor,"200,000-500,000",Airtel Money,3,0.47,0.77,0.68,0.3,Oppo,China,Mid-Range,Used,291004,6.7,Physical Store,Card,0,2,0.44,0.456,1.0,0.561,0.6,1.0,0.551,0.74,0
CUST_03634,42,Female,Dodoma,Christian,Haya,Primary,"1,000,001-2,000,000",M-Pesa,3,0.59,0.31,0.64,0.3,Tecno,China,Mid-Range,New,376506,7.1,Physical Store,Cash,0,2,0.708,0.454,1.0,0.797,1.0,1.0,0.717,0.75,1
CUST_00368,15,Male,Dodoma,Muslim,Chagga,No formal,"500,001-1,000,000",Tigo Pesa,4,0.25,0.74,0.43,0.0,Nokia,Finland,Mid-Range,New,313646,7.6,Physical Store,Mobile Money,0,2,0.42,0.327,0.9,0.554,1.0,1.0,0.531,0.79,1
CUST_04583,26,Female,Zanzibar,Christian,Makonde,Primary,"1,000,001-2,000,000",M-Pesa,1,0.67,0.19,0.33,0.3,Infinix,China,Mid-Range,Used,228433,6.7,Physical Store,Cash,1,2,0.891,0.221,1.0,0.622,0.6,1.0,0.644,0.76,1
CUST_00831,24,Male,Arusha,Muslim,Sukuma,No formal,"200,000-500,000",Airtel Money,5,0.53,0.82,0.61,0.0,Nokia,Finland,Mid-Range,New,476120,7.3,Physical Store,Cash,0,2,0.024,0.445,0.9,0.592,1.0,1.0,0.569,0.74,0
CUST_03285,41,Male,Dar es Salaam,Christian,Chagga,Secondary,"1,000,001-2,000,000",Airtel Money,1,0.16,0.26,0.54,0.5,Infinix,China,Mid-Range,New,394202,6.4,Online,Mobile Money,0,2,0.744,0.346,1.0,0.912,1.0,1.0,0.67,0.71,1
CUST_04743,42,Male,Mbeya,Other,Others,Diploma,"<200,000",M-Pesa,4,0.57,0.83,0.33,0.7,Huawei,China,Premium,New,1545945,9.6,Physical Store,Mobile Money,1,12,0.0,0.317,1.0,0.871,1.0,1.0,0.461,0.67,1
CUST_02816,37,Male,Arusha,Other,Gogo,Diploma,"200,000-500,000",Airtel Money,3,0.09,0.89,0.87,0.3,Itel,China,Budget,New,213399,6.3,Physical Store,Mobile Money,1,1,0.0,0.548,1.0,0.884,1.0,1.0,0.399,0.74,1
CUST_00931,37,Female,Dar es Salaam,Christian,Others,Diploma,"1,000,001-2,000,000",M-Pesa,2,0.17,0.31,0.81,0.5,Vivo,China,Mid-Range,New,385526,8.0,Physical Store,Cash,0,2,0.701,0.648,1.0,0.802,1.0,1.0,0.768,0.8,1
CUST_04898,32,Female,Tanga,Muslim,Others,Diploma,"1,000,001-2,000,000",Tigo Pesa,3,0.16,0.11,0.34,0.3,Apple,USA,Premium,New,1030534,8.9,Physical Store,Mobile Money,0,2,0.906,0.303,0.9,1.113,1.0,1.0,0.831,0.73,1
CUST_00088,30,Female,Mwanza,Muslim,Others,Secondary,"1,000,001-2,000,000",Tigo Pesa,3,0.36,0.27,0.79,0.0,Samsung,South Korea,Premium,New,1873584,8.3,Online,Cash,1,2,0.578,0.656,0.9,0.803,1.0,1.0,0.745,0.52,1
CUST_03805,26,Male,Tanga,Muslim,Others,No formal,"200,000-500,000",Tigo Pesa,4,0.45,0.93,0.56,0.0,Samsung,South Korea,Premium,New,1102252,9.1,Physical Store,Cash,0,2,0.146,0.51,0.9,0.613,1.0,1.0,0.707,0.73,1
CUST_01556,26,Female,Arusha,Other,Nyamwezi,Primary,"500,001-1,000,000",Halopesa,3,0.2,0.62,0.39,0.7,Tecno,China,Mid-Range,New,405925,7.8,Physical Store,Mobile Money,0,2,0.371,0.304,1.0,0.663,1.0,1.0,0.477,0.79,1
CUST_01860,24,Male,Dar es Salaam,Christian,Others,No formal,"200,000-500,000",Halopesa,1,0.24,0.94,0.38,0.3,Tecno,China,Mid-Range,New,497963,6.2,Physical Store,Cash,1,1,0.0,0.236,1.0,0.545,1.0,1.0,0.569,0.67,1
CUST_01437,50,Female,Morogoro,Christian,Others,Secondary,"500,001-1,000,000",M-Pesa,5,0.39,0.64,0.85,0.3,Vivo,China,Mid-Range,New,355906,7.7,Online,Mobile Money,0,2,0.431,0.654,1.0,0.883,1.0,1.0,0.508,0.79,1
CUST_04286,21,Male,Arusha,Christian,Others,Primary,">2,000,000",M-Pesa,3,0.29,0.21,0.52,0.0,Itel,China,Budget,New,219440,5.9,Online,Cash,0,12,0.693,0.307,1.0,0.624,1.0,1.0,0.656,0.71,0
CUST_02867,23,Female,Dar es Salaam,Christian,Nyamwezi,Secondary,"200,000-500,000",M-Pesa,4,0.45,0.73,0.89,0.3,Itel,China,Budget,New,116532,5.3,Mobile,Mobile Money,0,1,0.433,0.472,1.0,0.576,1.0,1.0,0.594,0.69,1
CUST_00843,49,Male,Dar es Salaam,Christian,Others,Diploma,"1,000,001-2,000,000",None,5,0.5,0.46,0.81,0.3,Xiaomi,China,Mid-Range,New,545082,6.0,Physical Store,Card,0,2,0.373,0.486,1.0,0.536,1.0,1.0,0.785,0.65,0
CUST_01819,37,Male,Dar es Salaam,Christian,Others,Primary,"<200,000",Tigo Pesa,5,0.01,0.72,0.88,0.3,Itel,China,Budget,Used,48281,5.6,Physical Store,Cash,1,2,0.768,0.493,1.0,0.554,0.6,1.0,0.707,0.73,1
CUST_04143,32,Male,Dodoma,Christian,Others,Secondary,"<200,000",Airtel Money,2,0.47,0.76,0.54,0.5,Xiaomi,China,Mid-Range,New,575893,7.1,Physical Store,Cash,0,12,0.0,0.383,1.0,0.875,1.0,1.0,0.507,0.71,1
CUST_04671,28,Female,Mwanza,Muslim,Nyamwezi,Primary,"200,000-500,000",Airtel Money,4,0.21,0.84,0.55,0.7,Apple,USA,Premium,New,1567394,9.0,Physical Store,Cash,0,1,0.0,0.495,0.9,1.192,1.0,1.0,0.522,0.63,1
CUST_03940,40,Female,Dar es Salaam,Christian,Gogo,Secondary,"200,000-500,000",M-Pesa,4,0.27,0.74,0.67,0.3,Nokia,Finland,Mid-Range,New,412229,7.6,Physical Store,Cash,0,2,0.237,0.509,1.0,0.935,1.0,1.0,0.679,0.77,1
CUST_02030,23,Male,Dar es Salaam,Muslim,Others,Secondary,"200,000-500,000",M-Pesa,3,0.28,0.82,0.53,0.3,Huawei,China,Premium,New,1786625,8.9,Physical Store,Cash,0,9,0.0,0.472,0.9,0.902,1.0,1.0,0.493,0.58,1
CUST_02768,33,Male,Arusha,Christian,Chagga,No formal,"<200,000",Halopesa,3,0.34,0.74,0.64,0.3,Apple,USA,Premium,New,1853765,8.5,Physical Store,Card,0,2,0.0,0.544,1.0,0.787,1.0,1.0,0.503,0.54,0
CUST_03394,34,Female,Dar es Salaam,Muslim,Chagga,No formal,"200,000-500,000",M-Pesa,5,0.13,0.86,0.37,0.3,Nokia,Finland,Mid-Range,New,524034,6.8,Online,Mobile Money,0,2,0.0,0.252,0.9,0.65,1.0,1.0,0.531,0.7,1
CUST_04517,29,Female,Dodoma,Muslim,Others,Diploma,"<200,000",Airtel Money,3,0.19,0.97,0.66,0.7,Oppo,China,Mid-Range,New,534483,7.1,Online,Mobile Money,1,2,0.0,0.469,0.9,0.807,1.0,1.0,0.484,0.72,1
CUST_00851,27,Male,Dodoma,Muslim,Others,Secondary,">2,000,000",Airtel Money,5,0.3,0.31,0.85,0.7,Vivo,China,Mid-Range,New,453938,6.3,Physical Store,Mobile Money,1,1,0.648,0.536,0.9,0.902,1.0,1.0,0.72,0.69,1
CUST_04532,30,Male,Zanzibar,Christian,Sukuma,Primary,"<200,000",None,2,0.17,0.73,0.3,0.5,Nokia,Finland,Mid-Range,New,262391,7.3,Mobile,Mobile Money,1,2,0.521,0.219,1.0,0.851,1.0,1.0,0.648,0.79,1
CUST_01226,19,Female,Arusha,Christian,Others,Master+,"500,001-1,000,000",Tigo Pesa,3,0.21,0.61,0.36,0.5,Samsung,South Korea,Premium,New,912112,9.3,Physical Store,Mobile Money,0,2,0.536,0.335,1.0,1.172,1.0,1.0,0.773,0.78,1
CUST_03150,15,Female,Dar es Salaam,Christian,Others,Diploma,"200,000-500,000",M-Pesa,5,0.17,0.82,0.86,0.0,Itel,China,Budget,Used,111574,5.5,Physical Store,Cash,0,1,0.39,0.473,1.0,0.699,0.6,1.0,0.677,0.71,1
CUST_00867,15,Female,Arusha,Muslim,Sukuma,Diploma,"<200,000",Airtel Money,4,0.25,0.89,0.62,0.5,Nokia,Finland,Mid-Range,New,557645,6.6,Physical Store,Cash,0,2,0.0,0.409,0.9,0.691,1.0,1.0,0.388,0.68,1
CUST_01553,44,Male,Morogoro,Christian,Nyamwezi,Secondary,"200,000-500,000",Tigo Pesa,4,0.2,0.8,0.31,0.5,Tecno,China,Mid-Range,New,477995,6.3,Physical Store,Mobile Money,1,2,0.044,0.195,1.0,0.623,1.0,1.0,0.365,0.68,1
CUST_04868,36,Male,Tanga,Christian,Sukuma,Primary,"200,000-500,000",Tigo Pesa,4,0.06,0.85,0.3,0.7,Samsung,South Korea,Premium,New,1623025,9.8,Online,Mobile Money,0,2,0.0,0.294,1.0,0.811,1.0,1.0,0.439,0.66,1
CUST_01969,19,Male,Tanga,Muslim,Others,Secondary,"500,001-1,000,000",Airtel Money,4,0.18,0.67,0.43,0.7,Nokia,Finland,Mid-Range,New,470961,6.1,Physical Store,Cash,0,1,0.211,0.262,0.9,0.584,1.0,1.0,0.277,0.67,1
CUST_03561,36,Male,Mwanza,Muslim,Chagga,Primary,"200,000-500,000",M-Pesa,3,0.12,0.96,0.5,0.3,Nokia,Finland,Mid-Range,Used,224596,5.9,Physical Store,Cash,1,2,0.461,0.295,0.9,0.97,0.6,1.0,0.573,0.71,1
CUST_04933,31,Male,Dar es Salaam,Muslim,Others,Primary,"500,001-1,000,000",Tigo Pesa,2,0.12,0.45,0.45,0.5,Tecno,China,Mid-Range,New,486333,7.7,Physical Store,Cash,1,2,0.453,0.347,0.9,0.78,1.0,1.0,0.619,0.76,0
CUST_03994,15,Female,Dar es Salaam,Muslim,Haya,Diploma,"<200,000",Airtel Money,1,0.62,0.81,0.7,0.3,Samsung,South Korea,Premium,New,1777893,8.4,Physical Store,Mobile Money,1,2,0.0,0.588,0.9,1.12,1.0,1.0,0.737,0.55,0
CUST_00425,27,Female,Mwanza,Muslim,Nyamwezi,Secondary,"1,000,001-2,000,000",Tigo Pesa,4,0.37,0.39,0.75,0.3,Tecno,China,Mid-Range,New,299427,7.9,Physical Store,Card,0,2,0.708,0.592,0.9,0.895,1.0,1.0,0.825,0.81,1
CUST_02249,22,Male,Morogoro,Christian,Makonde,Bachelor,"<200,000",None,2,0.2,0.9,0.63,0.3,Samsung,South Korea,Premium,New,1672147,8.1,Physical Store,Cash,1,12,0.0,0.51,1.0,0.924,1.0,1.0,0.547,0.55,0
CUST_01503,34,Female,Dodoma,Muslim,Others,Primary,"500,001-1,000,000",Halopesa,3,0.13,0.79,0.78,0.7,Apple,USA,Premium,New,1742006,10.0,Physical Store,Cash,0,2,0.0,0.78,0.9,0.949,1.0,1.0,0.614,0.65,1
CUST_02869,19,Female,Mwanza,Muslim,Others,Secondary,"500,001-1,000,000",M-Pesa,3,0.1,0.48,0.34,0.3,Huawei,China,Premium,Used,404385,7.8,Physical Store,Cash,0,2,0.838,0.265,0.9,0.905,0.6,1.0,0.513,0.79,1
CUST_00557,29,Male,Tanga,Muslim,Others,Primary,"1,000,001-2,000,000",M-Pesa,1,0.3,0.37,0.61,0.7,Infinix,China,Mid-Range,New,472466,6.6,Physical Store,Cash,0,2,0.563,0.403,0.9,0.715,1.0,1.0,0.676,0.7,1
CUST_03227,23,Male,Mwanza,Muslim,Nyamwezi,Bachelor,"1,000,001-2,000,000",M-Pesa,3,0.43,0.46,0.64,0.3,Oppo,China,Mid-Range,New,586998,6.7,Physical Store,Mobile Money,0,2,0.325,0.429,0.9,0.654,1.0,1.0,0.587,0.68,1
CUST_04639,35,Female,Tanga,Christian,Sukuma,Secondary,"200,000-500,000",Halopesa,2,0.18,0.85,0.9,0.7,Nokia,Finland,Mid-Range,Used,139092,6.5,Physical Store,Cash,0,2,0.704,0.585,1.0,0.744,0.6,1.0,0.816,0.76,1
CUST_04195,25,Male,Dodoma,Muslim,Sukuma,Diploma,"500,001-1,000,000",Tigo Pesa,2,0.26,0.63,0.8,0.7,Nokia,Finland,Mid-Range,New,401265,7.4,Physical Store,Cash,1,1,0.368,0.592,0.9,0.813,1.0,1.0,0.5,0.76,1
CUST_02054,19,Female,Zanzibar,Other,Others,Diploma,"200,000-500,000",Tigo Pesa,1,0.19,0.76,0.78,0.3,Nokia,Finland,Mid-Range,New,330466,7.0,Physical Store,Cash,0,12,0.372,0.546,1.0,0.765,1.0,1.0,0.606,0.75,1
CUST_00479,39,Male,Dar es Salaam,Christian,Others,Bachelor,">2,000,000",M-Pesa,1,0.11,0.11,0.82,0.0,Apple,USA,Premium,New,1404188,9.6,Mobile,Mobile Money,0,2,0.871,0.787,1.0,0.937,1.0,1.0,0.903,0.7,0
CUST_00424,29,Female,Mwanza,Muslim,Others,Bachelor,"<200,000",Tigo Pesa,5,0.27,0.8,0.87,0.3,Itel,China,Budget,New,86028,5.2,Online,Mobile Money,0,2,0.541,0.452,0.9,0.876,1.0,1.0,0.642,0.69,0
CUST_02685,35,Male,Arusha,Muslim,Haya,Diploma,"1,000,001-2,000,000",M-Pesa,1,0.18,0.46,0.49,0.5,Apple,USA,Premium,New,2424067,8.4,Physical Store,Cash,0,2,0.071,0.412,0.9,0.731,1.0,1.0,0.352,0.42,0
CUST_04141,25,Female,Dar es Salaam,Muslim,Others,Secondary,"<200,000",Halopesa,5,0.68,0.83,0.65,0.0,Infinix,China,Mid-Range,New,507617,7.6,Physical Store,Card,0,2,0.0,0.494,0.9,0.644,1.0,1.0,0.493,0.75,0
CUST_02321,34,Male,Mbeya,Christian,Sukuma,Primary,"200,000-500,000",M-Pesa,3,0.13,0.77,0.78,0.3,Nokia,Finland,Mid-Range,New,456410,6.8,Mobile,Mobile Money,0,2,0.121,0.53,1.0,0.942,1.0,1.0,0.584,0.72,0
CUST_01218,32,Female,Dar es Salaam,Christian,Others,Secondary,"200,000-500,000",M-Pesa,3,0.39,0.93,0.7,0.3,Nokia,Finland,Mid-Range,New,502710,6.9,Physical Store,Mobile Money,0,2,0.0,0.483,1.0,0.873,1.0,1.0,0.415,0.71,0
CUST_03589,28,Female,Dar es Salaam,Muslim,Others,Bachelor,"500,001-1,000,000",Airtel Money,3,0.49,0.6,0.63,0.5,Samsung,South Korea,Premium,New,1052878,8.7,Physical Store,Cash,0,2,0.474,0.548,0.9,1.024,1.0,1.0,0.795,0.71,1
CUST_00146,17,Male,Dodoma,Muslim,Makonde,No formal,"200,000-500,000",M-Pesa,5,0.1,0.83,0.68,0.3,Huawei,China,Premium,New,1641590,8.7,Online,Cash,0,11,0.0,0.592,0.9,0.876,1.0,1.0,0.461,0.59,1
CUST_04476,19,Female,Dar es Salaam,Muslim,Haya,Secondary,"<200,000",Halopesa,4,0.3,0.73,0.72,0.3,Samsung,South Korea,Premium,New,2399685,9.1,Mobile,Cash,0,2,0.0,0.655,0.9,0.844,1.0,1.0,0.389,0.47,1
CUST_04847,17,Female,Mwanza,Muslim,Others,No formal,"1,000,001-2,000,000",M-Pesa,3,0.33,0.46,0.62,0.7,Huawei,China,Premium,New,1903359,9.6,Physical Store,Mobile Money,1,2,0.27,0.595,0.9,0.534,1.0,1.0,0.704,0.6,1
CUST_03755,25,Female,Dar es Salaam,Christian,Others,Diploma,"<200,000",Tigo Pesa,5,0.67,0.92,0.33,0.7,Vivo,China,Mid-Range,New,275076,7.2,Physical Store,Cash,0,2,0.367,0.238,1.0,0.607,1.0,1.0,0.499,0.78,1
CUST_04086,18,Male,Arusha,Muslim,Others,Bachelor,"500,001-1,000,000",Tigo Pesa,3,0.11,0.78,0.86,0.5,Tecno,China,Mid-Range,New,577049,7.4,Physical Store,Mobile Money,1,11,0.0,0.636,0.9,0.692,1.0,1.0,0.499,0.73,1
CUST_03312,16,Male,Dar es Salaam,Christian,Others,Primary,">2,000,000",Airtel Money,2,0.29,0.24,0.59,0.3,Huawei,China,Premium,New,2268989,9.3,Physical Store,Cash,0,12,0.546,0.549,1.0,0.699,1.0,1.0,0.627,0.5,1
CUST_03606,36,Male,Zanzibar,Christian,Others,Primary,"1,000,001-2,000,000",Tigo Pesa,4,0.26,0.47,0.38,0.7,Itel,China,Budget,New,157533,5.5,Online,Mobile Money,0,12,0.506,0.209,1.0,0.531,1.0,1.0,0.515,0.7,1
CUST_00558,60,Female,Mwanza,Christian,Chagga,Diploma,"200,000-500,000",Airtel Money,2,0.27,0.96,0.48,0.0,Infinix,China,Mid-Range,Used,427169,5.9,Physical Store,Mobile Money,1,1,0.0,0.283,1.0,0.997,0.6,1.0,0.319,0.67,1
CUST_00065,15,Female,Dar es Salaam,Christian,Others,Secondary,"500,001-1,000,000",M-Pesa,5,0.29,0.47,0.43,0.0,Huawei,China,Premium,New,1354230,8.7,Physical Store,Cash,1,2,0.47,0.374,1.0,0.943,1.0,1.0,0.639,0.65,1
CUST_02147,26,Male,Arusha,Christian,Others,Primary,"1,000,001-2,000,000",M-Pesa,5,0.17,0.43,0.83,0.5,Apple,USA,Premium,New,662103,9.4,Physical Store,Cash,1,1,0.763,0.78,1.0,1.096,1.0,1.0,0.892,0.83,1
CUST_04085,15,Female,Mwanza,Christian,Haya,Bachelor,"200,000-500,000",Tigo Pesa,3,0.11,0.8,0.51,0.5,Nokia,Finland,Mid-Range,New,520833,6.3,Physical Store,Cash,0,11,0.0,0.321,1.0,0.787,1.0,1.0,0.486,0.67,1
CUST_00711,15,Male,Mbeya,Christian,Gogo,Diploma,"1,000,001-2,000,000",M-Pesa,2,0.32,0.36,0.35,0.3,Xiaomi,China,Mid-Range,New,526451,6.1,Physical Store,Mobile Money,0,2,0.526,0.214,1.0,0.638,1.0,1.0,0.496,0.66,1
CUST_03196,32,Male,Arusha,Christian,Others,Secondary,"1,000,001-2,000,000",M-Pesa,4,0.22,0.3,0.81,0.0,Xiaomi,China,Mid-Range,Used,422128,6.3,Online,Cash,1,2,0.683,0.51,1.0,0.932,0.6,1.0,0.742,0.69,1
CUST_00759,27,Male,Mbeya,Muslim,Sukuma,Primary,"<200,000",Airtel Money,5,0.17,0.87,0.33,0.5,Huawei,China,Premium,New,2303991,9.1,Online,Cash,0,1,0.0,0.3,0.9,0.97,1.0,1.0,0.658,0.49,1
CUST_03729,34,Male,Tanga,Christian,Gogo,No formal,"500,001-1,000,000",M-Pesa,5,0.29,0.41,0.42,0.5,Apple,USA,Premium,New,2385628,9.7,Online,Mobile Money,0,1,0.185,0.407,1.0,0.936,1.0,1.0,0.587,0.5,1
CUST_01290,48,Female,Morogoro,Muslim,Others,Secondary,"200,000-500,000",Airtel Money,2,0.52,0.91,0.55,0.5,Tecno,China,Mid-Range,New,485626,6.6,Physical Store,Card,1,2,0.0,0.363,0.9,0.624,1.0,1.0,0.315,0.7,1
CUST_02572,40,Male,Dar es Salaam,Christian,Others,No formal,"200,000-500,000",Tigo Pesa,3,0.55,0.71,0.82,0.3,Huawei,China,Premium,New,1033830,8.0,Online,Mobile Money,1,2,0.388,0.656,1.0,0.597,1.0,1.0,0.896,0.67,1
CUST_02340,38,Female,Morogoro,Christian,Others,Diploma,"200,000-500,000",M-Pesa,4,0.34,0.73,0.86,0.5,Nokia,Finland,Mid-Range,New,329873,6.8,Physical Store,Mobile Money,0,2,0.398,0.585,1.0,0.644,1.0,1.0,0.653,0.74,1
CUST_00996,29,Male,Arusha,Muslim,Others,Bachelor,"500,001-1,000,000",M-Pesa,2,0.34,0.73,0.77,0.7,Tecno,China,Mid-Range,New,383692,6.9,Physical Store,Mobile Money,0,12,0.3,0.531,0.9,0.513,1.0,1.0,0.681,0.74,1
CUST_02624,27,Female,Dodoma,Muslim,Nyamwezi,Secondary,"<200,000",Tigo Pesa,4,0.07,0.99,0.79,0.5,Tecno,China,Mid-Range,New,381489,6.9,Online,Cash,0,1,0.056,0.545,0.9,0.825,1.0,1.0,0.548,0.74,1
CUST_03913,44,Male,Mbeya,Muslim,Others,Bachelor,"<200,000",M-Pesa,3,0.44,0.79,0.42,0.3,Nokia,Finland,Mid-Range,New,591197,7.8,Physical Store,Cash,0,1,0.0,0.328,0.9,0.97,1.0,1.0,0.592,0.75,1
CUST_00565,34,Male,Dodoma,Muslim,Others,Primary,"<200,000",M-Pesa,3,0.28,0.84,0.6,0.3,Itel,China,Budget,New,231450,5.1,Physical Store,Mobile Money,0,10,0.0,0.306,0.9,0.793,1.0,1.0,0.633,0.66,1
CUST_00432,25,Female,Tanga,Muslim,Chagga,No formal,"<200,000",Airtel Money,3,0.31,0.94,0.35,0.0,Oppo,China,Mid-Range,Used,419981,6.4,Online,Cash,0,2,0.013,0.224,0.9,0.692,0.6,1.0,0.252,0.7,1
CUST_02875,60,Female,Dar es Salaam,Christian,Others,Primary,"500,001-1,000,000",Tigo Pesa,4,0.49,0.74,0.41,0.5,Infinix,China,Mid-Range,New,411215,6.9,Online,Cash,0,1,0.239,0.283,1.0,0.939,1.0,1.0,0.408,0.73,1
CUST_04221,21,Male,Dar es Salaam,Muslim,Others,No formal,"500,001-1,000,000",Tigo Pesa,3,0.21,0.66,0.53,0.0,Xiaomi,China,Mid-Range,New,352403,6.8,Online,Mobile Money,0,2,0.419,0.36,0.9,0.884,1.0,1.0,0.579,0.74,1
CUST_04010,17,Male,Dodoma,Christian,Gogo,No formal,"<200,000",Tigo Pesa,4,0.1,0.79,0.67,0.7,Infinix,China,Mid-Range,Used,257969,5.5,Physical Store,Card,1,2,0.491,0.369,1.0,0.718,0.6,1.0,0.705,0.68,1
CUST_04023,28,Male,Morogoro,Christian,Gogo,Primary,"200,000-500,000",Tigo Pesa,1,0.31,0.9,0.37,0.5,Nokia,Finland,Mid-Range,New,365597,6.1,Physical Store,Mobile Money,0,12,0.177,0.226,1.0,0.71,1.0,1.0,0.366,0.69,1
CUST_00899,21,Male,Zanzibar,Christian,Others,Primary,"200,000-500,000",Tigo Pesa,3,0.05,0.76,0.65,0.5,Huawei,China,Premium,New,1941990,8.3,Online,Mobile Money,0,2,0.0,0.54,1.0,0.661,1.0,1.0,0.46,0.51,1
CUST_04017,34,Male,Dar es Salaam,Muslim,Makonde,Diploma,"200,000-500,000",M-Pesa,4,0.19,0.89,0.68,0.5,Nokia,Finland,Mid-Range,New,498742,7.4,Online,Cash,0,1,0.0,0.503,0.9,0.5,1.0,1.0,0.636,0.74,1
CUST_01162,25,Female,Dar es Salaam,Christian,Haya,Primary,"500,001-1,000,000",M-Pesa,4,0.29,0.72,0.41,0.3,Huawei,China,Premium,Used,1874544,7.9,Online,Cash,1,2,0.0,0.324,1.0,0.821,0.6,1.0,0.315,0.5,1
CUST_04632,15,Male,Morogoro,Christian,Sukuma,Secondary,"<200,000",M-Pesa,4,0.64,0.75,0.73,0.7,Tecno,China,Mid-Range,New,325660,7.6,Physical Store,Mobile Money,0,2,0.389,0.555,1.0,0.851,1.0,1.0,0.286,0.79,1
CUST_03079,22,Male,Tanga,Muslim,Others,Primary,"1,000,001-2,000,000",Tigo Pesa,5,0.32,0.15,0.88,0.0,Samsung,South Korea,Premium,New,2251271,9.3,Mobile,Card,0,12,0.719,0.818,0.9,0.668,1.0,1.0,1.013,0.51,1
CUST_02499,24,Female,Dar es Salaam,Muslim,Others,Primary,"<200,000",Airtel Money,2,0.42,0.8,0.56,0.0,Apple,USA,Premium,New,2411515,9.2,Physical Store,Cash,0,2,0.0,0.515,0.9,1.054,1.0,1.0,0.489,0.47,1
CUST_03506,30,Male,Tanga,Christian,Nyamwezi,Secondary,"500,001-1,000,000",Airtel Money,4,0.38,0.7,0.88,0.3,Samsung,South Korea,Premium,New,1196544,9.4,Physical Store,Cash,1,12,0.302,0.827,1.0,1.075,1.0,1.0,0.66,0.72,1
CUST_03283,43,Female,Tanga,Christian,Nyamwezi,Primary,"200,000-500,000",M-Pesa,3,0.14,0.78,0.49,0.3,Infinix,China,Mid-Range,New,509856,6.0,Physical Store,Cash,0,2,0.006,0.294,1.0,0.892,1.0,1.0,0.545,0.66,1
CUST_04151,24,Female,Mwanza,Other,Sukuma,Primary,"500,001-1,000,000",Tigo Pesa,3,0.49,0.46,0.66,0.3,Oppo,China,Mid-Range,New,322941,7.1,Physical Store,Mobile Money,0,2,0.629,0.469,1.0,0.835,1.0,1.0,0.736,0.76,1
CUST_03413,43,Female,Dodoma,Muslim,Others,Primary,"1,000,001-2,000,000",Airtel Money,3,0.39,0.48,0.59,0.3,Huawei,China,Premium,New,2156934,8.7,Physical Store,Cash,0,2,0.137,0.513,0.9,0.986,1.0,1.0,0.574,0.49,1
CUST_04334,25,Female,Arusha,Christian,Others,Primary,"200,000-500,000",Tigo Pesa,2,0.28,0.75,0.68,0.7,Itel,China,Budget,New,124458,6.7,Physical Store,Card,0,1,0.378,0.456,1.0,0.911,1.0,1.0,0.742,0.78,1
CUST_01772,19,Male,Dodoma,Other,Gogo,Diploma,"200,000-500,000",Halopesa,3,0.2,0.77,0.47,0.5,Apple,USA,Premium,New,1966600,8.9,Physical Store,Mobile Money,1,2,0.0,0.418,1.0,1.196,1.0,1.0,0.418,0.54,1
CUST_03026,23,Female,Dodoma,Christian,Others,Secondary,"200,000-500,000",Airtel Money,5,0.4,0.81,0.9,0.0,Xiaomi,China,Mid-Range,New,360194,7.5,Online,Mobile Money,0,2,0.271,0.675,1.0,0.807,1.0,1.0,0.627,0.78,1
CUST_03398,25,Male,Morogoro,Christian,Others,Primary,"1,000,001-2,000,000",Airtel Money,3,0.41,0.42,0.46,0.3,Nokia,Finland,Mid-Range,New,532066,6.1,Physical Store,Cash,1,11,0.441,0.281,1.0,0.576,1.0,1.0,0.516,0.66,1
CUST_04582,33,Male,Zanzibar,Muslim,Sukuma,Primary,"200,000-500,000",M-Pesa,2,0.14,0.77,0.5,0.3,Infinix,China,Mid-Range,New,510153,7.9,Online,Cash,0,2,0.018,0.395,0.9,0.958,1.0,1.0,0.517,0.77,1
CUST_04701,31,Male,Mwanza,Christian,Haya,Secondary,">2,000,000",Airtel Money,3,0.45,0.46,0.73,0.5,Infinix,China,Mid-Range,New,407504,6.6,Online,Cash,0,2,0.531,0.482,1.0,0.702,1.0,1.0,0.757,0.71,1
CUST_04260,21,Female,Tanga,Christian,Others,Bachelor,"200,000-500,000",Tigo Pesa,2,0.03,0.91,0.69,0.3,Itel,China,Budget,Used,87464,5.3,Physical Store,Mobile Money,0,2,0.469,0.366,1.0,0.78,0.6,1.0,0.52,0.7,1
CUST_02889,42,Male,Dar es Salaam,Muslim,Sukuma,Master+,"500,001-1,000,000",Airtel Money,2,0.13,0.61,0.89,0.3,Xiaomi,China,Mid-Range,Used,140035,5.9,Physical Store,Mobile Money,0,2,0.786,0.525,0.9,0.735,0.6,1.0,0.511,0.73,1
CUST_00379,15,Female,Dar es Salaam,Christian,Nyamwezi,Primary,"<200,000",Tigo Pesa,4,0.05,0.76,0.32,0.5,Nokia,Finland,Mid-Range,New,416969,6.5,Physical Store,Cash,1,2,0.208,0.208,1.0,0.538,1.0,1.0,0.583,0.71,1
CUST_02494,34,Female,Morogoro,Muslim,Others,Primary,"500,001-1,000,000",Tigo Pesa,2,0.32,0.6,0.87,0.5,Infinix,China,Mid-Range,New,336302,6.2,Physical Store,Mobile Money,0,1,0.496,0.539,0.9,0.899,1.0,1.0,0.787,0.7,1
CUST_00461,26,Female,Dodoma,Christian,Others,Primary,"500,001-1,000,000",M-Pesa,4,0.43,0.64,0.4,0.5,Huawei,China,Premium,New,1608094,9.7,Physical Store,Cash,0,1,0.142,0.388,1.0,0.799,1.0,1.0,0.383,0.66,0
CUST_01046,27,Female,Mbeya,Christian,Sukuma,Diploma,"<200,000",Airtel Money,3,0.52,0.91,0.34,0.7,Samsung,South Korea,Premium,New,1996541,8.6,Physical Store,Mobile Money,0,12,0.0,0.292,1.0,0.94,1.0,1.0,0.541,0.52,0
CUST_01362,35,Male,Zanzibar,Christian,Sukuma,No formal,"500,001-1,000,000",Halopesa,4,0.49,0.61,0.74,0.0,Nokia,Finland,Mid-Range,New,311592,7.7,Physical Store,Cash,0,2,0.525,0.57,1.0,0.925,1.0,1.0,0.808,0.8,1
CUST_00178,25,Female,Dar es Salaam,Christian,Others,Secondary,"200,000-500,000",M-Pesa,5,0.44,0.9,0.78,0.3,Tecno,China,Mid-Range,New,429740,6.8,Online,Mobile Money,0,2,0.033,0.53,1.0,0.706,1.0,1.0,0.555,0.72,1
CUST_04414,38,Male,Mbeya,Christian,Nyamwezi,Primary,"500,001-1,000,000",None,3,0.2,0.64,0.59,0.5,Oppo,China,Mid-Range,New,589245,6.7,Physical Store,Mobile Money,0,2,0.057,0.395,1.0,0.547,1.0,1.0,0.422,0.68,0
CUST_02854,19,Male,Zanzibar,Christian,Sukuma,Secondary,"<200,000",None,2,0.06,0.86,0.36,0.0,Infinix,China,Mid-Range,New,349006,7.6,Physical Store,Mobile Money,0,1,0.25,0.274,1.0,0.635,1.0,1.0,0.57,0.79,0
CUST_01261,17,Male,Dodoma,Christian,Sukuma,Diploma,"200,000-500,000",M-Pesa,3,0.1,0.95,0.78,0.0,Apple,USA,Premium,New,2401657,8.1,Physical Store,Card,0,1,0.0,0.632,1.0,1.118,1.0,1.0,0.554,0.41,1
CUST_04162,29,Male,Morogoro,Muslim,Others,No formal,"200,000-500,000",Airtel Money,5,0.21,0.94,0.84,0.3,Itel,China,Budget,New,175926,4.0,Physical Store,Cash,0,1,0.0,0.336,0.9,0.743,1.0,1.0,0.359,0.6,1
CUST_00177,15,Male,Mbeya,Muslim,Others,Primary,"500,001-1,000,000",Airtel Money,3,0.22,0.73,0.63,1.0,Huawei,China,Premium,New,2338330,8.6,Online,Cash,0,1,0.0,0.542,0.9,0.5,1.0,0.8,0.322,0.45,0
CUST_03469,26,Male,Tanga,Christian,Haya,No formal,"<200,000",Tigo Pesa,3,0.26,0.89,0.72,0.3,Huawei,China,Premium,New,1458925,9.8,Physical Store,Cash,0,1,0.0,0.706,1.0,0.607,1.0,1.0,0.513,0.7,1
CUST_00578,30,Male,Dar es Salaam,Muslim,Others,Primary,"<200,000",Tigo Pesa,3,0.08,0.77,0.59,0.3,Xiaomi,China,Mid-Range,New,422869,7.1,Physical Store,Mobile Money,0,2,0.186,0.419,0.9,0.563,1.0,1.0,0.402,0.74,1
CUST_01938,15,Male,Dodoma,Muslim,Gogo,Secondary,"200,000-500,000",M-Pesa,4,0.53,0.84,0.87,0.7,Nokia,Finland,Mid-Range,New,517857,7.6,Mobile,Mobile Money,1,1,0.0,0.661,0.9,0.747,1.0,1.0,0.526,0.75,1
CUST_01140,55,Male,Arusha,Christian,Others,Bachelor,"1,000,001-2,000,000",Airtel Money,1,0.03,0.23,0.58,0.0,Oppo,China,Mid-Range,New,347937,6.1,Physical Store,Card,0,1,0.8,0.354,1.0,0.51,1.0,1.0,0.666,0.7,1
CUST_02084,42,Male,Arusha,Christian,Others,Diploma,"<200,000",Airtel Money,3,0.29,0.79,0.74,0.7,Huawei,China,Premium,New,1850659,9.6,Physical Store,Cash,1,1,0.0,0.71,1.0,0.825,1.0,1.0,0.502,0.61,1
CUST_04748,36,Female,Mbeya,Christian,Others,Primary,"500,001-1,000,000",Tigo Pesa,4,0.51,0.56,0.33,0.5,Huawei,China,Premium,New,861305,9.5,Physical Store,Cash,0,2,0.598,0.314,1.0,0.715,1.0,1.0,0.731,0.8,1
CUST_01310,28,Male,Dodoma,Christian,Nyamwezi,Diploma,"<200,000",Tigo Pesa,3,0.47,0.89,0.85,0.5,Apple,USA,Premium,New,672127,10.0,Physical Store,Cash,0,2,0.502,0.85,1.0,0.758,1.0,1.0,0.516,0.87,1
CUST_04790,31,Female,Dar es Salaam,Christian,Others,Primary,"500,001-1,000,000",Halopesa,1,0.24,0.46,0.65,0.3,Tecno,China,Mid-Range,New,441663,6.2,Physical Store,Card,0,2,0.492,0.403,1.0,0.669,1.0,1.0,0.386,0.68,0
CUST_04666,27,Male,Mwanza,Christian,Others,Secondary,"500,001-1,000,000",Airtel Money,3,0.24,0.49,0.45,0.0,Apple,USA,Premium,New,1962373,8.9,Physical Store,Mobile Money,0,2,0.199,0.4,1.0,1.052,1.0,1.0,0.559,0.54,1
CUST_01108,42,Female,Dar es Salaam,Christian,Haya,Secondary,"500,001-1,000,000",Tigo Pesa,3,0.45,0.7,0.52,0.7,Infinix,China,Mid-Range,New,520754,7.4,Online,Mobile Money,0,2,0.089,0.385,1.0,0.52,1.0,1.0,0.431,0.74,1
CUST_03759,30,Male,Arusha,Other,Sukuma,Primary,"200,000-500,000",Airtel Money,3,0.23,0.89,0.51,0.3,Samsung,South Korea,Premium,New,1652094,9.9,Physical Store,Mobile Money,0,2,0.0,0.505,1.0,0.813,1.0,1.0,0.377,0.66,1
CUST_03435,32,Female,Mwanza,Christian,Others,Bachelor,"<200,000",M-Pesa,3,0.05,0.88,0.54,0.5,Infinix,China,Mid-Range,New,502865,7.7,Mobile,Mobile Money,1,1,0.0,0.416,1.0,0.571,1.0,1.0,0.621,0.76,1
CUST_01435,24,Male,Morogoro,Muslim,Others,Diploma,"200,000-500,000",M-Pesa,4,0.08,0.82,0.4,0.0,Nokia,Finland,Mid-Range,New,273777,8.0,Physical Store,Cash,0,2,0.439,0.32,0.9,0.714,1.0,1.0,0.678,0.83,1
CUST_04158,28,Female,Mbeya,Christian,Sukuma,Primary,"200,000-500,000",Tigo Pesa,3,0.59,0.85,0.55,0.0,Infinix,China,Mid-Range,New,422401,7.4,Mobile,Mobile Money,0,2,0.102,0.407,1.0,0.941,1.0,1.0,0.601,0.76,0
CUST_01366,15,Female,Mbeya,Christian,Sukuma,Secondary,"200,000-500,000",Tigo Pesa,1,0.42,0.74,0.7,0.3,Tecno,China,Mid-Range,Used,162249,6.5,Physical Store,Cash,0,11,0.7,0.455,1.0,0.946,0.6,1.0,0.601,0.76,0
CUST_03699,48,Female,Morogoro,Muslim,Gogo,Secondary,">2,000,000",Tigo Pesa,4,0.17,0.25,0.37,0.3,Huawei,China,Premium,New,949174,9.3,Physical Store,Cash,1,1,0.802,0.344,0.9,0.516,1.0,1.0,0.693,0.77,1
CUST_00324,34,Male,Dar es Salaam,Christian,Others,Primary,"200,000-500,000",Tigo Pesa,3,0.27,0.82,0.72,0.3,Nokia,Finland,Mid-Range,New,255587,7.5,Physical Store,Cash,0,2,0.476,0.54,1.0,0.663,1.0,1.0,0.535,0.8,1
CUST_00911,35,Male,Arusha,Muslim,Sukuma,No formal,"500,001-1,000,000",M-Pesa,5,0.25,0.65,0.71,0.3,Xiaomi,China,Mid-Range,New,389161,6.6,Online,Mobile Money,0,1,0.368,0.469,0.9,0.908,1.0,1.0,0.595,0.72,0
CUST_02006,28,Male,Dodoma,Christian,Nyamwezi,Primary,"<200,000",M-Pesa,1,0.7,0.91,0.81,0.0,Itel,China,Budget,Used,125721,4.5,Physical Store,Mobile Money,0,1,0.237,0.365,1.0,0.948,0.6,1.0,0.36,0.64,0
CUST_00793,39,Male,Dar es Salaam,Muslim,Others,No formal,"500,001-1,000,000",Tigo Pesa,3,0.24,0.43,0.4,0.5,Huawei,China,Premium,New,1836415,9.0,Physical Store,Cash,1,1,0.342,0.36,0.9,0.594,1.0,1.0,0.672,0.57,1
CUST_02119,18,Female,Dodoma,Christian,Others,Secondary,"500,001-1,000,000",Halopesa,3,0.29,0.48,0.48,0.5,Apple,USA,Premium,New,1503372,9.1,Physical Store,Card,1,2,0.399,0.437,1.0,0.719,1.0,1.0,0.646,0.65,0
CUST_04193,43,Female,Dodoma,Muslim,Others,No formal,"<200,000",Halopesa,4,0.62,0.9,0.58,0.3,Tecno,China,Mid-Range,Used,440076,5.8,Physical Store,Cash,0,2,0.01,0.336,0.9,0.681,0.6,1.0,0.389,0.66,1
CUST_01823,24,Male,Arusha,Christian,Others,Diploma,"200,000-500,000",M-Pesa,4,0.44,0.97,0.76,1.0,Huawei,China,Premium,New,1878273,9.7,Mobile,Cash,0,1,0.0,0.737,1.0,0.538,1.0,0.8,0.581,0.61,1
CUST_01525,29,Male,Dodoma,Christian,Others,Secondary,"200,000-500,000",M-Pesa,4,0.44,0.97,0.35,0.3,Tecno,China,Mid-Range,New,436942,7.9,Physical Store,Mobile Money,1,2,0.0,0.276,1.0,0.524,1.0,1.0,0.368,0.79,1
CUST_00345,25,Female,Morogoro,Christian,Chagga,Primary,"<200,000",M-Pesa,5,0.3,0.95,0.47,0.0,Oppo,China,Mid-Range,New,392665,6.6,Physical Store,Cash,0,12,0.067,0.31,1.0,0.839,1.0,1.0,0.421,0.72,0
CUST_02939,19,Male,Dodoma,Christian,Others,Secondary,"200,000-500,000",Tigo Pesa,3,0.14,0.83,0.75,0.3,Apple,USA,Premium,New,2050245,9.7,Physical Store,Mobile Money,0,2,0.0,0.728,1.0,0.7,1.0,1.0,0.577,0.57,1
CUST_03816,20,Male,Zanzibar,Muslim,Others,Primary,"200,000-500,000",M-Pesa,2,0.45,0.78,0.65,0.0,Xiaomi,China,Mid-Range,New,371975,8.0,Physical Store,Cash,0,2,0.275,0.52,0.9,0.945,1.0,1.0,0.617,0.81,0
CUST_03645,15,Male,Dar es Salaam,Muslim,Nyamwezi,Primary,"<200,000",Airtel Money,3,0.17,0.92,0.45,0.3,Apple,USA,Premium,New,2340967,9.0,Online,Mobile Money,0,12,0.0,0.405,0.9,0.989,1.0,1.0,0.376,0.47,1
CUST_01770,18,Male,Dar es Salaam,Christian,Haya,Primary,"<200,000",M-Pesa,1,0.4,0.77,0.44,1.0,Tecno,China,Mid-Range,New,357830,6.6,Online,Cash,1,2,0.311,0.29,1.0,0.9,1.0,0.8,0.568,0.72,1
CUST_02380,20,Male,Mwanza,Other,Others,Primary,"1,000,001-2,000,000",Airtel Money,5,0.21,0.43,0.66,1.0,Samsung,South Korea,Premium,New,1122179,10.0,Physical Store,Mobile Money,0,9,0.598,0.66,1.0,1.176,1.0,0.8,0.681,0.78,1
CUST_01142,22,Male,Mwanza,Christian,Others,Primary,">2,000,000",Tigo Pesa,4,0.22,0.45,0.74,0.5,Apple,USA,Premium,New,1025974,9.7,Online,Mobile Money,0,2,0.615,0.718,1.0,0.639,1.0,1.0,0.736,0.78,1
CUST_04055,15,Male,Tanga,Muslim,Others,Secondary,"1,000,001-2,000,000",Tigo Pesa,5,0.3,0.12,0.34,0.3,Tecno,China,Mid-Range,New,578248,6.3,Physical Store,Card,0,1,0.827,0.214,0.9,0.579,1.0,1.0,0.636,0.66,1
CUST_03465,28,Female,Dodoma,Christian,Others,No formal,"<200,000",None,4,0.27,0.93,0.44,0.3,Apple,USA,Premium,New,1930023,9.9,Physical Store,Cash,0,2,0.0,0.436,1.0,0.983,1.0,1.0,0.498,0.61,1
CUST_02309,39,Female,Zanzibar,Muslim,Others,Primary,"200,000-500,000",Airtel Money,3,0.51,0.8,0.4,0.3,Samsung,South Korea,Premium,New,2445267,8.9,Physical Store,Cash,0,2,0.0,0.356,0.9,0.669,1.0,1.0,0.503,0.44,1
CUST_04973,29,Male,Dar es Salaam,Christian,Nyamwezi,Bachelor,"1,000,001-2,000,000",Tigo Pesa,4,0.33,0.34,0.58,0.5,Samsung,South Korea,Premium,New,2099838,9.6,Physical Store,Mobile Money,1,1,0.405,0.557,1.0,1.09,1.0,1.0,0.786,0.56,1
CUST_03317,22,Female,Tanga,Christian,Nyamwezi,Diploma,"200,000-500,000",Tigo Pesa,3,0.32,0.76,0.87,0.7,Infinix,China,Mid-Range,New,341532,6.5,Online,Mobile Money,0,1,0.351,0.566,1.0,0.884,1.0,1.0,0.658,0.72,1
CUST_02401,29,Female,Dodoma,Christian,Others,Secondary,"500,001-1,000,000",M-Pesa,3,0.17,0.49,0.83,0.0,Oppo,China,Mid-Range,New,456119,6.3,Online,Cash,0,2,0.441,0.523,1.0,0.579,1.0,1.0,0.811,0.69,1
CUST_00002,22,Male,Arusha,Muslim,Sukuma,Primary,"200,000-500,000",Airtel Money,2,0.58,0.75,0.34,0.7,Samsung,South Korea,Premium,New,727902,9.2,Physical Store,Cash,1,2,0.545,0.313,0.9,1.013,1.0,1.0,0.823,0.81,1
CUST_00154,19,Female,Morogoro,Christian,Haya,Secondary,"200,000-500,000",Tigo Pesa,4,0.45,0.95,0.78,0.5,Infinix,China,Mid-Range,New,493123,6.8,Online,Cash,1,11,0.0,0.53,1.0,0.543,1.0,1.0,0.342,0.71,1
CUST_02340,38,Female,Morogoro,Christian,Others,Diploma,"200,000-500,000",M-Pesa,4,0.34,0.73,0.86,0.5,Apple,USA,Premium,New,1811399,8.3,Physical Store,Cash,0,2,0.0,0.714,1.0,1.185,1.0,1.0,0.649,0.54,1
CUST_02960,22,Female,Dar es Salaam,Christian,Makonde,Primary,"500,001-1,000,000",M-Pesa,3,0.16,0.67,0.55,0.0,Samsung,South Korea,Premium,New,2217518,8.4,Physical Store,Mobile Money,0,2,0.0,0.462,1.0,0.945,1.0,1.0,0.435,0.46,1
CUST_02303,15,Female,Mbeya,Muslim,Others,No formal,"200,000-500,000",Tigo Pesa,3,0.53,0.9,0.81,0.3,Nokia,Finland,Mid-Range,New,471178,7.8,Physical Store,Mobile Money,0,12,0.0,0.632,0.9,0.905,1.0,1.0,0.465,0.77,1
CUST_01236,29,Female,Arusha,Muslim,Chagga,Primary,"200,000-500,000",Tigo Pesa,4,0.42,0.76,0.83,0.3,Tecno,China,Mid-Range,New,423704,6.1,Online,Mobile Money,1,2,0.195,0.506,0.9,0.757,1.0,1.0,0.489,0.68,1
CUST_04377,48,Male,Tanga,Christian,Haya,Secondary,"1,000,001-2,000,000",Airtel Money,4,0.34,0.5,0.62,0.0,Tecno,China,Mid-Range,Used,189445,5.0,Physical Store,Cash,0,1,0.763,0.31,1.0,0.846,0.6,1.0,0.597,0.66,1
CUST_02461,37,Female,Mbeya,Christian,Others,Secondary,"<200,000",M-Pesa,4,0.44,0.88,0.57,0.3,Itel,China,Budget,New,140783,6.5,Physical Store,Mobile Money,0,12,0.174,0.37,1.0,0.992,1.0,1.0,0.56,0.76,1
CUST_01973,15,Female,Dar es Salaam,Muslim,Others,Secondary,"1,000,001-2,000,000",Airtel Money,5,0.43,0.45,0.32,0.7,Tecno,China,Mid-Range,Used,462585,7.0,Physical Store,Mobile Money,1,2,0.48,0.224,0.9,0.988,0.6,1.0,0.594,0.73,1
CUST_02802,42,Female,Morogoro,Muslim,Gogo,Secondary,"500,001-1,000,000",Tigo Pesa,5,0.15,0.64,0.85,0.5,Apple,USA,Premium,New,1883768,9.1,Physical Store,Cash,0,1,0.0,0.774,0.9,1.08,1.0,1.0,0.622,0.57,1
CUST_03815,22,Female,Dar es Salaam,Christian,Chagga,Diploma,"500,001-1,000,000",Airtel Money,5,0.21,0.45,0.43,0.5,Nokia,Finland,Mid-Range,New,255813,7.4,Online,Mobile Money,0,2,0.712,0.318,1.0,0.663,1.0,1.0,0.694,0.79,1
CUST_00847,32,Female,Dar es Salaam,Muslim,Others,No formal,"200,000-500,000",Airtel Money,2,0.15,0.9,0.39,0.0,Samsung,South Korea,Premium,New,1497806,9.4,Physical Store,Cash,0,2,0.0,0.367,0.9,0.847,1.0,1.0,0.435,0.66,1
CUST_03146,34,Female,Zanzibar,Christian,Chagga,Secondary,"1,000,001-2,000,000",M-Pesa,5,0.61,0.3,0.48,0.0,Samsung,South Korea,Premium,New,2005436,9.3,Physical Store,Mobile Money,0,9,0.499,0.446,1.0,1.085,1.0,1.0,0.73,0.56,1
CUST_02676,15,Male,Dar es Salaam,Christian,Others,Secondary,">2,000,000",Halopesa,1,0.33,0.18,0.77,0.3,Vivo,China,Mid-Range,New,300958,7.6,Online,Mobile Money,0,2,0.865,0.585,1.0,0.578,1.0,1.0,0.439,0.8,1
CUST_00202,42,Male,Tanga,Christian,Others,Secondary,"200,000-500,000",Halopesa,5,0.4,0.95,0.45,0.5,Apple,USA,Premium,New,1476235,8.1,Online,Mobile Money,1,12,0.0,0.364,1.0,0.967,1.0,1.0,0.668,0.59,0
CUST_03363,49,Female,Zanzibar,Muslim,Sukuma,Primary,"500,001-1,000,000",Tigo Pesa,3,0.44,0.61,0.33,0.5,Samsung,South Korea,Premium,New,731299,8.4,Physical Store,Cash,1,9,0.628,0.277,0.9,0.869,1.0,1.0,0.624,0.76,1
CUST_04997,26,Male,Morogoro,Christian,Others,Secondary,"500,001-1,000,000",M-Pesa,4,0.19,0.75,0.63,0.7,Nokia,Finland,Mid-Range,Used,174494,5.6,Physical Store,Cash,0,1,0.673,0.353,1.0,0.738,0.6,1.0,0.61,0.7,1
CUST_03768,30,Female,Dar es Salaam,Muslim,Sukuma,No formal,"1,000,001-2,000,000",M-Pesa,4,0.27,0.5,0.79,0.7,Infinix,China,Mid-Range,New,528313,7.1,Online,Cash,0,1,0.34,0.561,0.9,0.861,1.0,1.0,0.829,0.72,1
CUST_04516,41,Female,Dar es Salaam,Christian,Others,Diploma,"200,000-500,000",M-Pesa,3,0.4,0.86,0.6,0.5,Apple,USA,Premium,New,1854267,9.2,Physical Store,Cash,0,2,0.0,0.552,1.0,0.937,1.0,1.0,0.729,0.58,0
CUST_02326,20,Male,Mwanza,Christian,Gogo,Secondary,"<200,000",Airtel Money,4,0.63,0.79,0.78,0.3,Nokia,Finland,Mid-Range,Used,230401,5.3,Physical Store,Cash,0,2,0.545,0.413,1.0,0.737,0.6,1.0,0.612,0.67,1
CUST_04453,27,Female,Dar es Salaam,Christian,Sukuma,Primary,"200,000-500,000",Tigo Pesa,5,0.09,1.0,0.51,0.3,Infinix,China,Mid-Range,New,407236,7.6,Online,Cash,0,1,0.0,0.388,1.0,0.811,1.0,1.0,0.343,0.77,0
CUST_01105,27,Male,Tanga,Muslim,Others,Diploma,"200,000-500,000",M-Pesa,3,0.61,0.99,0.77,0.5,Nokia,Finland,Mid-Range,New,530203,7.6,Physical Store,Mobile Money,0,12,0.0,0.585,0.9,0.719,1.0,1.0,0.428,0.75,1
CUST_01401,35,Female,Dar es Salaam,Christian,Others,Diploma,"<200,000",M-Pesa,4,0.01,0.99,0.67,0.7,Itel,China,Budget,New,162967,6.3,Physical Store,Card,0,2,0.0,0.422,1.0,0.561,1.0,1.0,0.396,0.75,0
CUST_00864,27,Male,Dar es Salaam,Christian,Makonde,Diploma,"200,000-500,000",None,2,0.16,0.95,0.63,0.3,Infinix,China,Mid-Range,New,276651,7.7,Physical Store,Mobile Money,0,2,0.343,0.485,1.0,0.515,1.0,1.0,0.386,0.81,1
CUST_04075,43,Male,Tanga,Muslim,Others,Secondary,"200,000-500,000",M-Pesa,1,0.38,0.8,0.84,0.5,Xiaomi,China,Mid-Range,New,434720,7.0,Physical Store,Cash,0,2,0.131,0.588,0.9,0.569,1.0,1.0,0.472,0.73,0
CUST_02811,39,Male,Mwanza,Muslim,Sukuma,Primary,"500,001-1,000,000",Airtel Money,3,0.11,0.45,0.78,0.0,Xiaomi,China,Mid-Range,New,497389,7.7,Online,Mobile Money,1,1,0.44,0.601,0.9,0.906,1.0,1.0,0.745,0.76,1
CUST_03166,33,Female,Zanzibar,Muslim,Gogo,Master+,">2,000,000",Tigo Pesa,1,0.08,0.39,0.52,0.7,Tecno,China,Mid-Range,New,333869,6.8,Physical Store,Card,0,12,0.674,0.354,0.9,0.764,1.0,1.0,0.533,0.74,1
CUST_03717,21,Female,Dar es Salaam,Muslim,Others,Secondary,"500,001-1,000,000",Airtel Money,3,0.23,0.74,0.36,1.0,Nokia,Finland,Mid-Range,New,473358,7.7,Physical Store,Cash,0,11,0.124,0.277,0.9,0.528,1.0,0.8,0.413,0.77,1
CUST_04090,19,Male,Dar es Salaam,Christian,Others,No formal,"200,000-500,000",M-Pesa,5,0.37,0.79,0.43,0.3,Oppo,China,Mid-Range,Used,400343,5.6,Physical Store,Cash,0,2,0.209,0.241,1.0,0.873,0.6,1.0,0.535,0.66,1
CUST_01468,28,Male,Arusha,Other,Chagga,No formal,"500,001-1,000,000",Airtel Money,3,0.11,0.67,0.42,0.3,Nokia,Finland,Mid-Range,New,330594,6.9,Mobile,Card,0,12,0.446,0.29,1.0,0.699,1.0,1.0,0.479,0.75,0
CUST_01959,30,Female,Mwanza,Christian,Others,Diploma,"200,000-500,000",Airtel Money,3,0.15,0.79,0.6,0.5,Tecno,China,Mid-Range,Used,467027,5.6,Physical Store,Cash,0,1,0.078,0.336,1.0,0.637,0.6,1.0,0.542,0.64,1
CUST_02677,15,Female,Morogoro,Christian,Nyamwezi,Secondary,"200,000-500,000",None,3,0.41,0.92,0.67,0.3,Infinix,China,Mid-Range,New,375899,7.5,Physical Store,Mobile Money,0,2,0.135,0.503,1.0,0.891,1.0,1.0,0.437,0.77,1
CUST_01640,15,Male,Dar es Salaam,Christian,Haya,Secondary,"1,000,001-2,000,000",M-Pesa,1,0.3,0.39,0.79,0.5,Vivo,China,Mid-Range,New,559301,7.2,Physical Store,Mobile Money,0,1,0.455,0.569,1.0,0.504,1.0,1.0,0.56,0.72,1
CUST_03361,25,Male,Dar es Salaam,Muslim,Sukuma,Bachelor,"500,001-1,000,000",Tigo Pesa,2,0.1,0.68,0.42,0.5,Oppo,China,Mid-Range,New,410983,7.7,Physical Store,Cash,0,2,0.301,0.323,0.9,0.714,1.0,1.0,0.566,0.78,1
CUST_02776,18,Female,Arusha,Muslim,Sukuma,Secondary,"<200,000",Tigo Pesa,5,0.06,0.89,0.67,0.5,Itel,China,Budget,New,227268,4.3,Physical Store,Mobile Money,1,1,0.0,0.288,0.9,0.755,1.0,1.0,0.474,0.61,0
CUST_00705,22,Male,Zanzibar,Muslim,Others,Secondary,"<200,000",M-Pesa,2,0.11,0.74,0.6,0.3,Tecno,China,Mid-Range,New,561690,6.2,Online,Mobile Money,0,1,0.0,0.372,0.9,0.712,1.0,1.0,0.429,0.66,1
CUST_03776,29,Male,Mwanza,Christian,Nyamwezi,No formal,"<200,000",Tigo Pesa,1,0.25,0.76,0.37,0.0,Tecno,China,Mid-Range,Used,203669,6.3,Physical Store,Mobile Money,0,11,0.613,0.233,1.0,0.572,0.6,1.0,0.32,0.74,0
CUST_01727,29,Female,Zanzibar,Muslim,Others,Secondary,"500,001-1,000,000",None,2,0.21,0.56,0.55,0.5,Nokia,Finland,Mid-Range,New,587528,7.8,Mobile,Mobile Money,0,2,0.177,0.429,0.9,0.97,1.0,1.0,0.538,0.75,1
CUST_04556,20,Female,Arusha,Christian,Sukuma,Diploma,"<200,000",Airtel Money,4,0.35,0.73,0.54,0.5,Tecno,China,Mid-Range,New,544227,7.8,Online,Mobile Money,1,2,0.007,0.421,1.0,0.701,1.0,1.0,0.463,0.76,1
CUST_00690,25,Female,Dodoma,Christian,Sukuma,No formal,"200,000-500,000",M-Pesa,1,0.03,0.97,0.73,0.7,Infinix,China,Mid-Range,Used,219923,5.6,Physical Store,Mobile Money,1,2,0.467,0.409,1.0,0.562,0.6,1.0,0.609,0.69,1
CUST_02097,28,Female,Mwanza,Muslim,Others,Primary,"500,001-1,000,000",Tigo Pesa,2,0.11,0.65,0.53,0.3,Itel,China,Budget,New,108548,5.9,Physical Store,Cash,1,2,0.53,0.313,0.9,0.914,1.0,1.0,0.558,0.73,1
CUST_03625,23,Female,Arusha,Christian,Others,Secondary,"200,000-500,000",M-Pesa,1,0.13,0.94,0.39,0.0,Xiaomi,China,Mid-Range,New,314957,6.5,Online,Cash,0,1,0.26,0.254,1.0,0.546,1.0,1.0,0.456,0.73,1
CUST_04005,20,Male,Mwanza,Muslim,Others,No formal,"1,000,001-2,000,000",None,1,0.33,0.43,0.81,0.5,Infinix,China,Mid-Range,New,525428,6.2,Physical Store,Cash,0,12,0.435,0.502,0.9,0.574,1.0,1.0,0.635,0.67,1
CUST_03135,25,Female,Zanzibar,Muslim,Nyamwezi,Primary,"<200,000",M-Pesa,2,0.1,0.87,0.31,0.3,Apple,USA,Premium,New,1399459,9.3,Mobile,Cash,0,1,0.0,0.288,0.9,1.189,1.0,1.0,0.43,0.68,0
CUST_02230,33,Female,Dodoma,Muslim,Haya,Secondary,"200,000-500,000",None,5,0.52,0.9,0.35,0.7,Nokia,Finland,Mid-Range,New,417119,7.6,Online,Cash,0,1,0.061,0.266,0.9,0.688,1.0,1.0,0.464,0.77,1
CUST_02199,24,Female,Tanga,Muslim,Nyamwezi,Secondary,"500,001-1,000,000",Tigo Pesa,3,0.13,0.53,0.43,0.7,Nokia,Finland,Mid-Range,New,515832,6.6,Online,Cash,0,2,0.317,0.284,0.9,0.563,1.0,1.0,0.435,0.69,1
CUST_02721,38,Female,Mbeya,Christian,Haya,Secondary,"200,000-500,000",Tigo Pesa,2,0.53,0.82,0.76,0.7,Tecno,China,Mid-Range,New,565899,6.3,Online,Cash,0,2,0.0,0.479,1.0,0.504,1.0,1.0,0.535,0.66,1
CUST_00639,27,Female,Mbeya,Christian,Others,Diploma,"200,000-500,000",M-Pesa,3,0.25,0.89,0.41,0.5,Samsung,South Korea,Premium,New,2249474,9.7,Online,Cash,0,2,0.0,0.398,1.0,0.734,1.0,1.0,0.417,0.53,0
CUST_04452,32,Female,Tanga,Muslim,Others,Primary,"200,000-500,000",Halopesa,1,0.08,0.88,0.63,0.7,Huawei,China,Premium,New,1304011,9.5,Physical Store,Cash,0,2,0.044,0.598,0.9,0.785,1.0,1.0,0.524,0.71,1
CUST_00696,20,Female,Dar es Salaam,Muslim,Chagga,Secondary,"200,000-500,000",Tigo Pesa,3,0.26,0.91,0.43,0.3,Infinix,China,Mid-Range,New,374022,7.3,Mobile,Cash,0,1,0.149,0.314,0.9,0.514,1.0,1.0,0.535,0.76,1
CUST_01131,39,Female,Zanzibar,Christian,Others,Diploma,"<200,000",Airtel Money,2,0.5,0.88,0.36,0.5,Itel,China,Budget,New,164329,6.7,Physical Store,Mobile Money,0,2,0.036,0.241,1.0,0.584,1.0,1.0,0.257,0.77,1
CUST_00149,31,Female,Dar es Salaam,Muslim,Gogo,Secondary,"200,000-500,000",Halopesa,5,0.48,0.99,0.42,0.0,Vivo,China,Mid-Range,New,387800,6.3,Physical Store,Card,0,1,0.04,0.265,0.9,0.675,1.0,1.0,0.371,0.7,1
CUST_04411,41,Male,Mwanza,Christian,Haya,Diploma,"200,000-500,000",Halopesa,4,0.09,0.83,0.73,0.5,Itel,China,Budget,Used,124997,3.0,Physical Store,Mobile Money,1,1,0.308,0.219,1.0,0.796,0.6,1.0,0.558,0.56,1
CUST_03103,36,Female,Dar es Salaam,Christian,Nyamwezi,Diploma,"200,000-500,000",Tigo Pesa,4,0.15,0.92,0.43,0.5,Oppo,China,Mid-Range,New,556216,6.8,Online,Cash,0,12,0.0,0.292,1.0,0.903,1.0,1.0,0.542,0.7,1
CUST_02844,45,Female,Dar es Salaam,Muslim,Chagga,Primary,"200,000-500,000",M-Pesa,3,0.55,0.91,0.55,0.3,Nokia,Finland,Mid-Range,New,392004,6.1,Physical Store,Cash,0,1,0.108,0.336,0.9,0.823,1.0,1.0,0.38,0.69,1
CUST_02535,29,Female,Dar es Salaam,Christian,Others,Primary,"500,001-1,000,000",Airtel Money,3,0.17,0.57,0.39,1.0,Huawei,China,Premium,New,652434,9.0,Physical Store,Mobile Money,0,2,0.69,0.351,1.0,0.611,1.0,0.8,0.679,0.81,1
CUST_04909,20,Male,Arusha,Muslim,Others,Secondary,"<200,000",M-Pesa,4,0.4,1.0,0.56,0.5,Huawei,China,Premium,New,659835,8.8,Physical Store,Mobile Money,0,2,0.45,0.493,0.9,0.515,1.0,1.0,0.666,0.8,1
CUST_04096,50,Female,Mwanza,Christian,Others,Primary,"200,000-500,000",Tigo Pesa,4,0.51,0.86,0.5,0.5,Itel,China,Budget,Used,107940,4.2,Physical Store,Cash,1,2,0.381,0.21,1.0,0.775,0.6,1.0,0.566,0.63,1
CUST_02466,15,Male,Mbeya,Muslim,Sukuma,Secondary,"<200,000",M-Pesa,3,0.17,0.8,0.41,0.5,Nokia,Finland,Mid-Range,New,391311,7.5,Physical Store,Mobile Money,1,2,0.217,0.308,0.9,0.889,1.0,1.0,0.34,0.77,1
CUST_02046,30,Male,Dar es Salaam,Other,Others,Diploma,"500,001-1,000,000",M-Pesa,2,0.61,0.72,0.81,0.7,Tecno,China,Mid-Range,Used,208412,6.1,Physical Store,Cash,0,1,0.625,0.494,1.0,0.904,0.6,1.0,0.656,0.72,1
CUST_01010,23,Female,Mwanza,Christian,Others,Diploma,"<200,000",M-Pesa,5,0.14,0.92,0.35,0.5,Oppo,China,Mid-Range,New,282280,7.9,Physical Store,Cash,0,2,0.351,0.276,1.0,0.91,1.0,1.0,0.619,0.82,1
CUST_03171,15,Female,Morogoro,Christian,Others,No formal,"200,000-500,000",M-Pesa,4,0.13,1.0,0.76,0.5,Huawei,China,Premium,Used,431927,8.6,Online,Mobile Money,0,1,0.64,0.654,1.0,0.977,0.6,1.0,0.699,0.83,0
CUST_02841,20,Female,Tanga,Christian,Nyamwezi,No formal,"500,001-1,000,000",M-Pesa,3,0.4,0.78,0.74,1.0,Tecno,China,Mid-Range,New,385099,7.8,Physical Store,Mobile Money,0,11,0.249,0.577,1.0,0.79,1.0,0.8,0.682,0.79,0
CUST_02003,15,Male,Dar es Salaam,Muslim,Others,Secondary,">2,000,000",M-Pesa,3,0.15,0.31,0.31,0.5,Tecno,China,Mid-Range,Used,219935,5.5,Physical Store,Cash,1,2,0.83,0.17,0.9,0.59,0.6,1.0,0.647,0.69,0
CUST_03878,24,Female,Dar es Salaam,Muslim,Others,Secondary,"1,000,001-2,000,000",Tigo Pesa,2,0.32,0.15,0.9,0.3,Infinix,China,Mid-Range,Used,140880,5.6,Online,Cash,0,10,0.947,0.504,0.9,0.688,0.6,1.0,0.736,0.71,1
CUST_01260,30,Female,Dar es Salaam,Muslim,Others,No formal,"200,000-500,000",Tigo Pesa,2,0.24,0.95,0.48,0.7,Tecno,China,Mid-Range,New,489396,7.5,Physical Store,Card,1,2,0.0,0.36,0.9,0.669,1.0,1.0,0.341,0.75,1
CUST_02705,31,Female,Dodoma,Christian,Chagga,Primary,"500,001-1,000,000",Tigo Pesa,2,0.29,0.79,0.37,0.5,Huawei,China,Premium,New,2476926,9.7,Online,Cash,0,1,0.0,0.359,1.0,0.977,1.0,1.0,0.375,0.49,1
CUST_02793,19,Male,Dodoma,Muslim,Others,Secondary,"500,001-1,000,000",M-Pesa,3,0.14,0.71,0.36,0.7,Xiaomi,China,Mid-Range,New,594408,6.7,Physical Store,Mobile Money,0,2,0.0,0.241,0.9,0.951,1.0,1.0,0.228,0.68,1
CUST_00440,46,Male,Mwanza,Christian,Others,No formal,">2,000,000",M-Pesa,3,0.59,0.16,0.84,0.5,Apple,USA,Premium,New,676274,9.9,Online,Mobile Money,0,2,0.91,0.832,1.0,1.027,1.0,1.0,1.035,0.86,0
CUST_01449,25,Male,Arusha,Muslim,Haya,Primary,"200,000-500,000",M-Pesa,4,0.34,0.86,0.53,0.5,Apple,USA,Premium,New,2122823,9.6,Physical Store,Mobile Money,0,1,0.0,0.509,0.9,0.709,1.0,1.0,0.562,0.55,1
CUST_04937,40,Female,Mbeya,Christian,Others,Secondary,"<200,000",M-Pesa,3,0.38,0.93,0.7,0.5,Vivo,China,Mid-Range,New,510180,7.1,Physical Store,Cash,0,12,0.0,0.497,1.0,0.555,1.0,1.0,0.568,0.72,1
CUST_04695,25,Female,Dar es Salaam,Muslim,Chagga,Secondary,"<200,000",M-Pesa,1,0.11,0.7,0.75,0.0,Nokia,Finland,Mid-Range,New,446691,7.5,Physical Store,Cash,0,1,0.218,0.562,0.9,0.816,1.0,1.0,0.73,0.76,1
CUST_00472,45,Female,Zanzibar,Christian,Sukuma,Primary,"<200,000",Halopesa,2,0.1,0.95,0.76,0.5,Nokia,Finland,Mid-Range,Used,471361,5.6,Mobile,Cash,1,2,0.0,0.426,1.0,0.784,0.6,1.0,0.617,0.64,0
CUST_02567,26,Female,Dodoma,Christian,Others,Diploma,"500,001-1,000,000",None,1,0.1,0.67,0.38,0.0,Oppo,China,Mid-Range,Used,479708,5.3,Physical Store,Mobile Money,0,12,0.196,0.201,1.0,0.56,0.6,1.0,0.411,0.62,1
CUST_01964,29,Female,Mbeya,Christian,Others,Secondary,"1,000,001-2,000,000",Airtel Money,2,0.11,0.36,0.74,0.5,Itel,China,Budget,Used,50402,3.0,Physical Store,Mobile Money,1,10,0.879,0.222,1.0,0.975,0.6,1.0,0.572,0.57,1
CUST_01497,52,Male,Dar es Salaam,Christian,Nyamwezi,Secondary,"200,000-500,000",Tigo Pesa,3,0.1,0.92,0.45,0.5,Infinix,China,Mid-Range,New,524980,7.0,Online,Cash,0,2,0.0,0.315,1.0,0.539,1.0,1.0,0.524,0.72,1
CUST_00903,21,Female,Mwanza,Muslim,Others,Bachelor,"<200,000",M-Pesa,2,0.48,0.89,0.85,0.3,Itel,China,Budget,Used,82259,4.6,Physical Store,Cash,0,2,0.512,0.391,0.9,0.919,0.6,1.0,0.446,0.66,1
CUST_04506,38,Female,Arusha,Muslim,Others,Primary,"<200,000",Tigo Pesa,2,0.52,0.75,0.31,0.3,Apple,USA,Premium,New,772852,8.1,Physical Store,Cash,0,10,0.517,0.251,0.9,1.16,1.0,1.0,0.587,0.73,1
CUST_00680,30,Male,Mwanza,Christian,Others,Secondary,"<200,000",M-Pesa,5,0.33,0.96,0.44,0.0,Apple,USA,Premium,New,970599,9.0,Physical Store,Mobile Money,1,12,0.224,0.396,1.0,0.874,1.0,1.0,0.871,0.75,1
CUST_00028,27,Female,Zanzibar,Muslim,Others,Primary,"200,000-500,000",Halopesa,2,0.2,0.87,0.88,0.5,Samsung,South Korea,Premium,New,1544516,9.5,Physical Store,Cash,0,2,0.0,0.836,0.9,0.773,1.0,1.0,0.698,0.66,1
CUST_03220,24,Male,Dar es Salaam,Christian,Nyamwezi,Primary,"500,001-1,000,000",Airtel Money,2,0.28,0.44,0.74,0.3,Nokia,Finland,Mid-Range,New,577377,6.7,Physical Store,Cash,0,1,0.365,0.496,1.0,0.954,1.0,1.0,0.591,0.69,1
CUST_00601,40,Male,Morogoro,Muslim,Others,Primary,"200,000-500,000",M-Pesa,2,0.19,0.73,0.67,0.0,Huawei,China,Premium,New,1991740,9.6,Online,Cash,0,2,0.0,0.643,0.9,0.97,1.0,1.0,0.63,0.58,1
CUST_02352,15,Female,Mwanza,Muslim,Others,No formal,"200,000-500,000",M-Pesa,3,0.46,0.76,0.7,0.7,Infinix,China,Mid-Range,New,585111,6.4,Physical Store,Mobile Money,0,1,0.0,0.448,0.9,0.855,1.0,1.0,0.732,0.67,1
CUST_04212,17,Female,Mbeya,Christian,Chagga,Diploma,"200,000-500,000",Airtel Money,3,0.07,0.88,0.89,0.5,Samsung,South Korea,Premium,New,1780640,9.9,Physical Store,Cash,0,2,0.0,0.881,1.0,0.758,1.0,1.0,0.647,0.64,1
CUST_00236,26,Female,Mbeya,Christian,Sukuma,Primary,"<200,000",Tigo Pesa,3,0.48,0.78,0.84,0.3,Apple,USA,Premium,New,2071116,9.5,Physical Store,Cash,0,1,0.0,0.798,1.0,0.985,1.0,1.0,0.676,0.56,1
CUST_00157,35,Male,Mwanza,Muslim,Others,Primary,"500,001-1,000,000",Airtel Money,5,0.08,0.66,0.33,0.3,Infinix,China,Mid-Range,Used,356152,5.7,Mobile,Mobile Money,1,2,0.412,0.188,0.9,0.593,0.6,1.0,0.583,0.67,1
CUST_02990,31,Male,Dar es Salaam,Christian,Others,No formal,"1,000,001-2,000,000",M-Pesa,4,0.43,0.26,0.31,0.7,Tecno,China,Mid-Range,New,415634,6.3,Physical Store,Cash,0,1,0.73,0.195,1.0,0.904,1.0,1.0,0.634,0.69,1
CUST_00528,30,Female,Mbeya,Muslim,Others,No formal,"500,001-1,000,000",Tigo Pesa,3,0.25,0.67,0.3,0.7,Oppo,China,Mid-Range,New,526452,6.4,Online,Card,0,1,0.118,0.192,0.9,0.839,1.0,1.0,0.507,0.68,1
CUST_01241,35,Male,Tanga,Christian,Others,Secondary,"200,000-500,000",Tigo Pesa,3,0.38,0.79,0.52,0.0,Infinix,China,Mid-Range,New,382769,8.0,Physical Store,Mobile Money,0,1,0.244,0.416,1.0,0.684,1.0,1.0,0.505,0.8,1
CUST_01414,36,Male,Dar es Salaam,Christian,Sukuma,Diploma,"200,000-500,000",M-Pesa,3,0.56,0.94,0.57,0.5,Tecno,China,Mid-Range,Used,463473,6.1,Physical Store,Cash,1,2,0.0,0.348,1.0,0.822,0.6,1.0,0.487,0.67,1
CUST_02737,22,Male,Arusha,Christian,Makonde,Diploma,"500,001-1,000,000",None,3,0.69,0.41,0.32,0.5,Samsung,South Korea,Premium,New,2112589,9.5,Physical Store,Cash,0,1,0.278,0.304,1.0,0.98,1.0,1.0,0.475,0.55,1
CUST_00806,37,Female,Dar es Salaam,Christian,Gogo,Diploma,"200,000-500,000",Tigo Pesa,3,0.4,0.74,0.53,0.5,Huawei,China,Premium,New,1147794,9.9,Physical Store,Cash,0,1,0.292,0.525,1.0,0.538,1.0,1.0,0.519,0.76,1
CUST_02318,29,Female,Mbeya,Christian,Others,Master+,"200,000-500,000",M-Pesa,3,0.33,0.86,0.46,0.7,Huawei,China,Premium,New,853364,9.9,Physical Store,Mobile Money,1,2,0.388,0.455,1.0,0.954,1.0,1.0,0.598,0.82,1
CUST_03037,18,Male,Dar es Salaam,Muslim,Others,Primary,"<200,000",M-Pesa,2,0.17,0.75,0.75,0.0,Infinix,China,Mid-Range,Used,129847,6.9,Physical Store,Mobile Money,0,2,0.757,0.518,0.9,0.545,0.6,1.0,0.659,0.79,0
CUST_03824,37,Female,Dar es Salaam,Christian,Others,Primary,"500,001-1,000,000",Tigo Pesa,3,0.22,0.73,0.68,0.5,Nokia,Finland,Mid-Range,New,412974,8.0,Physical Store,Mobile Money,0,2,0.246,0.544,1.0,0.632,1.0,1.0,0.545,0.8,0
CUST_03793,32,Female,Zanzibar,Christian,Others,Secondary,"<200,000",M-Pesa,4,0.15,0.83,0.86,0.7,Tecno,China,Mid-Range,New,306195,7.5,Physical Store,Cash,1,2,0.365,0.645,1.0,0.809,1.0,1.0,0.83,0.79,0
CUST_00658,29,Female,Tanga,Muslim,Sukuma,Primary,"1,000,001-2,000,000",M-Pesa,1,0.12,0.15,0.79,1.0,Infinix,China,Mid-Range,New,354867,7.0,Physical Store,Cash,0,1,0.867,0.553,0.9,0.931,1.0,0.8,0.694,0.75,1
CUST_00608,30,Female,Zanzibar,Christian,Others,Bachelor,"200,000-500,000",M-Pesa,3,0.22,0.85,0.5,0.7,Xiaomi,China,Mid-Range,New,351185,6.2,Mobile,Cash,0,1,0.254,0.31,1.0,0.719,1.0,1.0,0.561,0.7,1
CUST_03474,26,Male,Mbeya,Christian,Others,Diploma,"200,000-500,000",Airtel Money,5,0.4,0.77,0.44,0.7,Tecno,China,Mid-Range,New,507075,6.1,Physical Store,Cash,0,12,0.024,0.268,1.0,0.731,1.0,1.0,0.52,0.66,1
CUST_04196,29,Female,Dodoma,Christian,Gogo,Primary,"200,000-500,000",Tigo Pesa,3,0.21,0.82,0.86,0.7,Tecno,China,Mid-Range,Used,242029,7.0,Physical Store,Cash,0,1,0.504,0.602,1.0,0.872,0.6,1.0,0.705,0.77,1
CUST_03270,22,Female,Morogoro,Christian,Others,No formal,"200,000-500,000",M-Pesa,3,0.21,0.99,0.76,0.5,Huawei,China,Premium,New,2213190,8.3,Physical Store,Mobile Money,0,1,0.0,0.631,1.0,0.986,1.0,1.0,0.601,0.46,1
CUST_04169,38,Female,Mbeya,Christian,Others,No formal,"200,000-500,000",M-Pesa,3,0.71,0.82,0.61,0.7,Tecno,China,Mid-Range,Used,241594,6.2,Physical Store,Cash,0,2,0.505,0.378,1.0,0.508,0.6,1.0,0.842,0.72,1
CUST_03668,22,Female,Mwanza,Christian,Gogo,Primary,"<200,000",M-Pesa,2,0.24,0.79,0.3,0.5,Itel,China,Budget,Used,156423,4.6,Online,Card,0,1,0.176,0.138,1.0,0.632,0.6,1.0,0.388,0.64,1
CUST_04372,16,Male,Mbeya,Muslim,Chagga,Diploma,"200,000-500,000",M-Pesa,5,0.47,0.84,0.69,0.3,Infinix,China,Mid-Range,New,392284,7.8,Physical Store,Card,1,2,0.176,0.538,0.9,0.535,1.0,1.0,0.748,0.79,1
CUST_00856,26,Female,Tanga,Christian,Others,Primary,"200,000-500,000",M-Pesa,2,0.13,1.0,0.5,0.3,Infinix,China,Mid-Range,Used,407109,6.7,Mobile,Cash,0,11,0.0,0.335,1.0,0.781,0.6,1.0,0.498,0.72,1
CUST_04521,16,Female,Mbeya,Christian,Others,Bachelor,"200,000-500,000",M-Pesa,3,0.27,0.9,0.3,0.7,Infinix,China,Mid-Range,New,400235,6.6,Physical Store,Cash,0,2,0.099,0.198,1.0,0.52,1.0,1.0,0.555,0.72,0
CUST_02916,21,Male,Mwanza,Muslim,Others,No formal,"<200,000",M-Pesa,4,0.08,0.85,0.86,0.5,Nokia,Finland,Mid-Range,New,474671,7.4,Physical Store,Cash,0,1,0.0,0.636,0.9,0.791,1.0,1.0,0.397,0.75,1
CUST_04217,23,Female,Dodoma,Christian,Chagga,Master+,"<200,000",Tigo Pesa,2,0.54,0.99,0.5,0.7,Tecno,China,Mid-Range,New,435542,7.8,Physical Store,Mobile Money,0,1,0.0,0.39,1.0,0.555,1.0,1.0,0.313,0.78,1
CUST_00980,18,Male,Morogoro,Muslim,Sukuma,Diploma,"500,001-1,000,000",Tigo Pesa,3,0.06,0.78,0.75,0.5,Apple,USA,Premium,New,2240824,8.9,Physical Store,Mobile Money,0,2,0.0,0.668,0.9,1.016,1.0,1.0,0.678,0.49,1
CUST_00704,17,Female,Dar es Salaam,Muslim,Others,No formal,"<200,000",M-Pesa,4,0.1,0.98,0.78,0.3,Infinix,China,Mid-Range,New,286825,7.4,Mobile,Cash,1,12,0.297,0.577,0.9,0.913,1.0,1.0,0.491,0.79,1
CUST_04807,44,Male,Mwanza,Christian,Chagga,Secondary,"200,000-500,000",Airtel Money,5,0.46,0.85,0.4,0.7,Apple,USA,Premium,New,761393,8.8,Physical Store,Card,0,1,0.461,0.352,1.0,1.041,1.0,1.0,0.604,0.78,1
CUST_00285,15,Male,Tanga,Christian,Haya,Bachelor,"<200,000",M-Pesa,2,0.17,0.89,0.37,0.0,Apple,USA,Premium,New,2287793,8.7,Physical Store,Cash,0,2,0.0,0.322,1.0,1.077,1.0,1.0,0.493,0.46,1
CUST_02664,27,Female,Dar es Salaam,Muslim,Others,Master+,"<200,000",Airtel Money,3,0.54,0.96,0.64,0.3,Huawei,China,Premium,New,1402598,8.7,Physical Store,Cash,1,11,0.0,0.557,0.9,0.898,1.0,1.0,0.674,0.64,1
CUST_02666,23,Male,Dar es Salaam,Christian,Nyamwezi,Primary,"200,000-500,000",M-Pesa,4,0.2,0.73,0.51,0.5,Nokia,Finland,Mid-Range,Used,386855,5.7,Physical Store,Cash,0,2,0.294,0.291,1.0,0.919,0.6,1.0,0.493,0.66,0
CUST_01634,21,Female,Morogoro,Christian,Others,Primary,"500,001-1,000,000",Airtel Money,4,0.42,0.69,0.62,0.0,Samsung,South Korea,Premium,New,1087463,9.2,Mobile,Mobile Money,0,1,0.375,0.57,1.0,0.982,1.0,1.0,0.846,0.73,1
CUST_04035,28,Female,Morogoro,Muslim,Others,Primary,"500,001-1,000,000",M-Pesa,3,0.14,0.66,0.61,0.3,Vivo,China,Mid-Range,New,308419,7.3,Physical Store,Cash,1,2,0.491,0.445,0.9,0.791,1.0,1.0,0.61,0.78,0
CUST_00348,21,Male,Morogoro,Muslim,Others,Diploma,"<200,000",M-Pesa,1,0.05,0.83,0.73,0.3,Vivo,China,Mid-Range,New,490943,7.8,Physical Store,Cash,0,1,0.0,0.569,0.9,0.938,1.0,1.0,0.577,0.77,1
CUST_04486,33,Male,Zanzibar,Other,Others,Secondary,"<200,000",Tigo Pesa,3,0.33,0.73,0.44,0.3,Xiaomi,China,Mid-Range,New,534865,6.6,Physical Store,Cash,1,2,0.024,0.29,1.0,0.919,1.0,1.0,0.414,0.69,0
CUST_03644,31,Male,Mwanza,Other,Haya,Bachelor,"200,000-500,000",M-Pesa,2,0.21,0.77,0.39,0.5,Samsung,South Korea,Premium,New,687002,8.2,Physical Store,Card,0,11,0.559,0.32,1.0,1.086,1.0,1.0,0.695,0.75,1
CUST_00963,37,Female,Dar es Salaam,Muslim,Sukuma,No formal,"1,000,001-2,000,000",Tigo Pesa,4,0.25,0.32,0.56,0.3,Infinix,China,Mid-Range,New,376945,6.5,Physical Store,Mobile Money,0,12,0.698,0.364,0.9,0.953,1.0,1.0,0.7,0.71,1
CUST_00226,32,Male,Dar es Salaam,Christian,Others,Primary,"200,000-500,000",M-Pesa,5,0.57,0.72,0.33,0.5,Tecno,China,Mid-Range,New,576027,6.4,Physical Store,Cash,0,2,0.0,0.211,1.0,0.55,1.0,1.0,0.485,0.67,1
CUST_02753,35,Male,Tanga,Christian,Gogo,No formal,"1,000,001-2,000,000",M-Pesa,4,0.14,0.37,0.76,0.3,Tecno,China,Mid-Range,New,323513,7.7,Online,Cash,0,2,0.701,0.585,1.0,0.949,1.0,1.0,0.569,0.8,1
CUST_02973,21,Female,Morogoro,Other,Others,Primary,"<200,000",M-Pesa,2,0.44,0.97,0.64,0.5,Xiaomi,China,Mid-Range,New,351271,7.2,Physical Store,Card,0,2,0.148,0.461,1.0,0.531,1.0,1.0,0.392,0.76,1
CUST_00256,27,Female,Dodoma,Christian,Others,Diploma,"500,001-1,000,000",M-Pesa,5,0.12,0.56,0.61,0.5,Tecno,China,Mid-Range,New,265462,6.7,Physical Store,Cash,1,2,0.628,0.409,1.0,0.953,1.0,1.0,0.713,0.75,1
CUST_02943,30,Male,Arusha,Muslim,Gogo,Primary,"1,000,001-2,000,000",Tigo Pesa,5,0.4,0.5,0.34,0.3,Vivo,China,Mid-Range,Used,149495,5.8,Physical Store,Mobile Money,0,2,0.813,0.197,0.9,0.648,0.6,1.0,0.673,0.72,1
CUST_00294,34,Female,Morogoro,Christian,Makonde,Diploma,"500,001-1,000,000",M-Pesa,3,0.15,0.65,0.74,0.7,Tecno,China,Mid-Range,New,540013,7.4,Physical Store,Cash,1,1,0.122,0.548,1.0,0.768,1.0,1.0,0.489,0.74,1
CUST_02979,27,Male,Dar es Salaam,Muslim,Others,Bachelor,"<200,000",Airtel Money,4,0.34,0.93,0.86,0.3,Xiaomi,China,Mid-Range,New,256129,6.7,Online,Card,0,1,0.405,0.576,0.9,0.888,1.0,1.0,0.907,0.75,1
CUST_02739,30,Male,Mwanza,Christian,Chagga,No formal,"500,001-1,000,000",M-Pesa,3,0.14,0.75,0.83,0.5,Apple,USA,Premium,Used,318731,8.5,Physical Store,Cash,0,2,0.801,0.705,1.0,1.064,0.6,1.0,0.958,0.85,1
CUST_02411,21,Male,Tanga,Christian,Nyamwezi,Primary,"500,001-1,000,000",Tigo Pesa,4,0.33,0.78,0.61,0.5,Samsung,South Korea,Premium,New,2367462,8.3,Mobile,Cash,0,12,0.0,0.506,1.0,0.885,1.0,1.0,0.592,0.42,1
CUST_04127,21,Female,Dar es Salaam,Christian,Others,Diploma,"<200,000",Airtel Money,5,0.5,1.0,0.47,0.7,Vivo,China,Mid-Range,Used,190824,5.9,Physical Store,Cash,1,2,0.523,0.277,1.0,0.833,0.6,1.0,0.424,0.72,1
CUST_01118,18,Male,Mwanza,Christian,Others,No formal,"500,001-1,000,000",M-Pesa,2,0.21,0.44,0.83,0.7,Samsung,South Korea,Premium,New,639480,9.4,Physical Store,Cash,0,2,0.766,0.78,1.0,0.806,1.0,1.0,0.749,0.84,0
CUST_04661,26,Female,Mwanza,Christian,Nyamwezi,Bachelor,"500,001-1,000,000",M-Pesa,2,0.04,0.61,0.73,1.0,Huawei,China,Premium,New,1073095,10.0,Online,Cash,0,11,0.455,0.73,1.0,0.84,1.0,0.8,0.663,0.79,0
CUST_00062,15,Male,Arusha,Muslim,Sukuma,No formal,"500,001-1,000,000",M-Pesa,4,0.3,0.53,0.68,0.7,Apple,USA,Premium,New,1068172,9.0,Online,Cash,0,2,0.528,0.612,0.9,0.918,1.0,1.0,0.797,0.73,1
CUST_00626,35,Male,Dodoma,Muslim,Others,Primary,"500,001-1,000,000",Tigo Pesa,1,0.31,0.53,0.35,0.5,Samsung,South Korea,Premium,New,2192014,8.4,Physical Store,Cash,0,2,0.032,0.294,0.9,1.0,1.0,1.0,0.601,0.47,1
CUST_04907,34,Female,Zanzibar,Muslim,Others,Bachelor,"<200,000",M-Pesa,2,0.32,0.9,0.55,0.0,Vivo,China,Mid-Range,New,283100,7.5,Physical Store,Cash,0,1,0.363,0.413,0.9,0.977,1.0,1.0,0.569,0.79,1
CUST_04019,33,Male,Mwanza,Muslim,Chagga,Secondary,"1,000,001-2,000,000",Tigo Pesa,2,0.08,0.24,0.33,0.5,Vivo,China,Mid-Range,New,288742,7.8,Physical Store,Mobile Money,0,12,0.827,0.257,0.9,0.81,1.0,1.0,0.586,0.81,1
CUST_03092,32,Male,Mbeya,Christian,Makonde,Primary,"200,000-500,000",Halopesa,2,0.15,0.87,0.4,0.3,Nokia,Finland,Mid-Range,Used,205936,7.0,Online,Mobile Money,0,2,0.552,0.28,1.0,0.772,0.6,1.0,0.576,0.78,1
CUST_04009,48,Male,Dodoma,Christian,Haya,No formal,"<200,000",Tigo Pesa,3,0.75,0.89,0.69,0.3,Nokia,Finland,Mid-Range,New,377807,7.7,Online,Cash,1,2,0.159,0.531,1.0,0.746,1.0,1.0,0.787,0.79,1
CUST_04545,23,Female,Dar es Salaam,Christian,Others,Secondary,"200,000-500,000",M-Pesa,4,0.12,0.8,0.85,0.5,Vivo,China,Mid-Range,New,303854,7.5,Physical Store,Mobile Money,0,2,0.392,0.638,1.0,0.95,1.0,1.0,0.747,0.79,1
CUST_01576,24,Female,Arusha,Muslim,Others,No formal,"1,000,001-2,000,000",M-Pesa,4,0.44,0.24,0.86,0.3,Samsung,South Korea,Premium,New,1413665,8.4,Physical Store,Mobile Money,0,2,0.717,0.722,0.9,0.989,1.0,1.0,0.796,0.62,1
CUST_03717,21,Female,Dar es Salaam,Muslim,Others,Secondary,"500,001-1,000,000",Airtel Money,3,0.23,0.74,0.36,1.0,Samsung,South Korea,Premium,New,2373368,8.5,Physical Store,Mobile Money,0,2,0.0,0.306,0.9,1.075,1.0,0.8,0.368,0.44,1
CUST_00426,24,Female,Mwanza,Muslim,Others,Secondary,"200,000-500,000",M-Pesa,3,0.2,0.91,0.33,0.7,Nokia,Finland,Mid-Range,New,586026,7.0,Physical Store,Cash,1,2,0.0,0.231,0.9,0.708,1.0,1.0,0.399,0.7,0
CUST_02576,36,Male,Mwanza,Christian,Others,Bachelor,"<200,000",M-Pesa,3,0.11,0.94,0.36,0.3,Huawei,China,Premium,New,867763,9.9,Physical Store,Cash,0,12,0.32,0.356,1.0,0.629,1.0,1.0,0.736,0.82,1
CUST_00600,31,Female,Mbeya,Muslim,Gogo,Primary,"<200,000",M-Pesa,3,0.28,0.92,0.44,0.0,Xiaomi,China,Mid-Range,New,276632,7.3,Physical Store,Mobile Money,0,1,0.364,0.321,0.9,0.908,1.0,1.0,0.664,0.78,1
CUST_00930,29,Male,Mwanza,Christian,Others,Secondary,"<200,000",Tigo Pesa,4,0.53,0.97,0.49,0.7,Vivo,China,Mid-Range,New,541956,7.2,Physical Store,Cash,1,2,0.0,0.353,1.0,0.973,1.0,1.0,0.516,0.72,1
CUST_04155,16,Male,Dar es Salaam,Christian,Chagga,Secondary,"200,000-500,000",M-Pesa,3,0.21,0.8,0.81,0.7,Infinix,China,Mid-Range,Used,228554,5.2,Physical Store,Mobile Money,1,2,0.543,0.421,1.0,0.547,0.6,1.0,0.551,0.67,1
CUST_01583,38,Female,Arusha,Christian,Makonde,Secondary,"200,000-500,000",M-Pesa,4,0.83,0.98,0.87,0.0,Huawei,China,Premium,New,2322949,9.5,Physical Store,Mobile Money,0,2,0.0,0.826,1.0,0.705,1.0,1.0,0.566,0.51,1
CUST_03521,36,Male,Arusha,Muslim,Others,Diploma,"200,000-500,000",Tigo Pesa,5,0.19,0.85,0.47,1.0,Apple,USA,Premium,New,1153629,9.8,Online,Card,0,2,0.183,0.461,0.9,0.61,1.0,0.8,0.605,0.76,1
CUST_01833,28,Female,Zanzibar,Other,Makonde,Diploma,"200,000-500,000",Tigo Pesa,5,0.27,0.97,0.47,0.3,Infinix,China,Mid-Range,New,316991,6.5,Online,Cash,0,2,0.231,0.306,1.0,0.741,1.0,1.0,0.499,0.73,1
CUST_04401,34,Female,Tanga,Christian,Haya,Bachelor,"500,001-1,000,000",Airtel Money,3,0.15,0.71,0.52,0.0,Oppo,China,Mid-Range,New,289467,6.7,Physical Store,Cash,0,1,0.486,0.348,1.0,0.938,1.0,1.0,0.801,0.74,1
CUST_01934,36,Female,Dar es Salaam,Christian,Makonde,Primary,"200,000-500,000",M-Pesa,1,0.17,0.97,0.58,0.0,Samsung,South Korea,Premium,New,1594551,8.8,Physical Store,Mobile Money,0,2,0.0,0.51,1.0,1.043,1.0,1.0,0.617,0.61,1
CUST_03245,15,Female,Tanga,Christian,Chagga,Secondary,"<200,000",M-Pesa,2,0.17,0.94,0.43,0.5,Apple,USA,Premium,New,1037476,8.2,Physical Store,Cash,1,1,0.187,0.353,1.0,0.824,1.0,1.0,0.543,0.68,1
CUST_04364,15,Male,Dodoma,Other,Others,Bachelor,"500,001-1,000,000",Airtel Money,1,0.4,0.77,0.3,0.0,Oppo,China,Mid-Range,New,549121,7.8,Physical Store,Mobile Money,1,1,0.0,0.234,1.0,0.541,1.0,1.0,0.268,0.76,0
CUST_01392,41,Male,Morogoro,Christian,Others,Diploma,"1,000,001-2,000,000",Airtel Money,4,0.24,0.12,0.52,0.3,Itel,China,Budget,New,145505,6.8,Physical Store,Cash,0,2,0.884,0.354,1.0,0.586,1.0,1.0,0.609,0.78,1
CUST_02615,19,Male,Tanga,Christian,Others,Primary,"200,000-500,000",Airtel Money,3,0.21,0.94,0.89,0.7,Tecno,China,Mid-Range,New,465745,7.1,Physical Store,Mobile Money,1,1,0.0,0.632,1.0,0.588,1.0,1.0,0.474,0.73,1
CUST_02374,30,Male,Mwanza,Christian,Others,Secondary,"200,000-500,000",Tigo Pesa,4,0.2,0.92,0.7,0.3,Samsung,South Korea,Premium,New,925134,9.1,Physical Store,Cash,0,2,0.291,0.637,1.0,1.115,1.0,1.0,0.62,0.76,1
CUST_03705,42,Female,Mbeya,Christian,Others,Diploma,"200,000-500,000",Airtel Money,2,0.25,0.92,0.54,0.0,Oppo,China,Mid-Range,Used,253912,5.2,Physical Store,Mobile Money,0,2,0.416,0.281,1.0,0.964,0.6,1.0,0.565,0.66,1
CUST_04668,35,Female,Mbeya,Christian,Others,Primary,"500,001-1,000,000",Tigo Pesa,3,0.16,0.56,0.63,0.0,Tecno,China,Mid-Range,New,524777,7.3,Physical Store,Card,1,11,0.265,0.46,1.0,0.603,1.0,1.0,0.549,0.73,0
CUST_01307,19,Female,Arusha,Christian,Makonde,Primary,"1,000,001-2,000,000",Tigo Pesa,3,0.16,0.46,0.59,0.5,Vivo,China,Mid-Range,Used,469529,6.2,Physical Store,Mobile Money,1,1,0.46,0.366,1.0,0.781,0.6,1.0,0.483,0.68,0
CUST_04865,15,Female,Mwanza,Christian,Others,No formal,"<200,000",M-Pesa,4,0.88,0.99,0.84,0.5,Infinix,China,Mid-Range,New,405091,6.6,Online,Mobile Money,1,2,0.0,0.554,1.0,0.754,1.0,1.0,0.559,0.71,1
CUST_04543,40,Male,Dodoma,Christian,Nyamwezi,Primary,"200,000-500,000",M-Pesa,3,0.29,0.91,0.57,0.7,Huawei,China,Premium,New,1251339,9.7,Physical Store,Cash,1,2,0.051,0.553,1.0,0.963,1.0,1.0,0.472,0.73,1
CUST_02078,20,Female,Mwanza,Christian,Others,Secondary,"200,000-500,000",Halopesa,2,0.46,0.82,0.87,0.7,Samsung,South Korea,Premium,New,2008577,10.0,Online,Mobile Money,1,2,0.0,0.87,1.0,0.718,1.0,1.0,0.649,0.6,1
CUST_00163,18,Male,Mwanza,Muslim,Makonde,Bachelor,"1,000,001-2,000,000",Airtel Money,5,0.34,0.19,0.42,0.0,Nokia,Finland,Mid-Range,New,573085,7.8,Physical Store,Cash,0,1,0.728,0.328,0.9,0.515,1.0,1.0,0.707,0.75,1
CUST_02504,15,Female,Dar es Salaam,Christian,Others,Bachelor,"<200,000",M-Pesa,2,0.17,0.86,0.9,0.3,Huawei,China,Premium,New,1228565,8.4,Physical Store,Mobile Money,0,11,0.12,0.756,1.0,0.976,1.0,1.0,0.56,0.66,1
CUST_01064,15,Male,Mwanza,Christian,Gogo,Diploma,"200,000-500,000",M-Pesa,3,0.62,0.72,0.88,0.3,Tecno,China,Mid-Range,New,322575,6.1,Physical Store,Card,0,2,0.419,0.537,1.0,0.569,1.0,1.0,0.606,0.7,1
CUST_00825,17,Male,Dodoma,Muslim,Makonde,No formal,"<200,000",M-Pesa,3,0.03,0.99,0.67,0.0,Huawei,China,Premium,New,2392993,8.1,Physical Store,Cash,0,2,0.0,0.543,0.9,0.955,1.0,1.0,0.42,0.41,1
CUST_02737,22,Male,Arusha,Christian,Makonde,Diploma,"500,001-1,000,000",None,3,0.69,0.41,0.32,0.5,Apple,USA,Premium,New,2351118,8.1,Physical Store,Cash,0,1,0.197,0.259,1.0,0.662,1.0,1.0,0.397,0.42,1
CUST_03133,15,Female,Dar es Salaam,Other,Chagga,Secondary,"200,000-500,000",M-Pesa,3,0.31,0.98,0.72,0.0,Samsung,South Korea,Premium,New,623768,8.2,Physical Store,Cash,0,2,0.491,0.59,1.0,0.788,1.0,1.0,0.838,0.77,1
CUST_04965,15,Female,Arusha,Muslim,Sukuma,Diploma,"<200,000",Tigo Pesa,2,0.4,0.7,0.78,0.5,Samsung,South Korea,Premium,New,1030266,9.3,Physical Store,Mobile Money,1,2,0.399,0.725,0.9,1.127,1.0,1.0,0.789,0.75,1
CUST_02856,28,Male,Tanga,Christian,Others,Secondary,"200,000-500,000",Airtel Money,4,0.03,0.89,0.52,0.5,Nokia,Finland,Mid-Range,New,421923,6.9,Mobile,Mobile Money,0,2,0.061,0.359,1.0,0.535,1.0,1.0,0.378,0.73,1
CUST_00695,15,Male,Mwanza,Christian,Haya,Secondary,"1,000,001-2,000,000",None,3,0.39,0.26,0.42,0.3,Tecno,China,Mid-Range,New,527749,6.8,Online,Mobile Money,0,2,0.657,0.286,1.0,0.849,1.0,1.0,0.521,0.7,1
CUST_03616,18,Male,Arusha,Christian,Sukuma,Secondary,"200,000-500,000",M-Pesa,2,0.27,0.93,0.42,0.0,Huawei,China,Premium,New,2393341,8.8,Mobile,Mobile Money,1,2,0.0,0.37,1.0,0.961,1.0,1.0,0.389,0.45,1
CUST_03267,36,Female,Morogoro,Christian,Others,Diploma,"<200,000",Airtel Money,4,0.28,0.79,0.51,0.3,Samsung,South Korea,Premium,New,1510288,8.4,Online,Mobile Money,0,1,0.006,0.428,1.0,0.625,1.0,1.0,0.537,0.6,1
CUST_00497,33,Male,Dodoma,Muslim,Sukuma,Secondary,"500,001-1,000,000",M-Pesa,5,0.08,0.61,0.33,0.0,Samsung,South Korea,Premium,New,1527074,8.6,Physical Store,Cash,1,2,0.224,0.284,0.9,0.661,1.0,1.0,0.736,0.61,1
CUST_01558,15,Female,Mbeya,Christian,Others,Primary,"500,001-1,000,000",Airtel Money,3,0.29,0.59,0.56,0.7,Huawei,China,Premium,New,1506063,9.1,Online,Cash,1,2,0.26,0.51,1.0,0.557,1.0,1.0,0.682,0.64,1
CUST_04758,18,Male,Dodoma,Christian,Sukuma,Secondary,"<200,000",Airtel Money,4,0.71,0.87,0.63,0.3,Apple,USA,Premium,New,1685472,8.6,Physical Store,Card,0,2,0.0,0.542,1.0,0.763,1.0,1.0,0.516,0.58,1
CUST_00523,26,Male,Arusha,Christian,Others,Secondary,"200,000-500,000",Tigo Pesa,3,0.19,0.72,0.38,0.5,Huawei,China,Premium,New,815523,8.9,Physical Store,Mobile Money,1,2,0.511,0.338,1.0,0.645,1.0,1.0,0.61,0.77,0
CUST_01230,19,Male,Tanga,Muslim,Sukuma,No formal,"500,001-1,000,000",M-Pesa,4,0.57,0.42,0.4,0.5,Xiaomi,China,Mid-Range,New,550377,7.7,Physical Store,Mobile Money,0,2,0.422,0.308,0.9,0.945,1.0,1.0,0.518,0.75,1
CUST_04795,36,Male,Arusha,Christian,Others,Primary,"<200,000",Halopesa,2,0.25,0.96,0.4,0.5,Infinix,China,Mid-Range,New,429042,7.4,Physical Store,Mobile Money,0,2,0.0,0.296,1.0,0.669,1.0,1.0,0.358,0.76,1
CUST_02906,24,Male,Mwanza,Muslim,Others,Secondary,"<200,000",Airtel Money,4,0.23,0.71,0.42,0.5,Oppo,China,Mid-Range,New,300745,7.7,Physical Store,Cash,0,2,0.466,0.323,0.9,0.936,1.0,1.0,0.558,0.8,1
CUST_04871,31,Male,Arusha,Christian,Makonde,Primary,"500,001-1,000,000",M-Pesa,3,0.52,0.58,0.64,0.3,Huawei,China,Premium,New,2197394,8.6,Physical Store,Cash,1,2,0.0,0.55,1.0,0.938,1.0,1.0,0.611,0.48,1
CUST_01981,15,Female,Morogoro,Muslim,Others,Secondary,"<200,000",M-Pesa,1,0.54,0.86,0.72,0.0,Huawei,China,Premium,New,2237076,9.7,Physical Store,Card,0,12,0.0,0.698,0.9,0.795,1.0,1.0,0.527,0.53,0
CUST_01103,36,Male,Tanga,Christian,Others,Secondary,"200,000-500,000",Airtel Money,4,0.29,0.88,0.67,0.3,Tecno,China,Mid-Range,New,306024,7.8,Physical Store,Card,0,1,0.327,0.523,1.0,0.802,1.0,1.0,0.764,0.81,1
CUST_00968,16,Male,Mwanza,Christian,Others,Secondary,"1,000,001-2,000,000",Halopesa,5,0.28,0.1,0.72,0.7,Samsung,South Korea,Premium,New,1610451,9.6,Physical Store,Cash,0,1,0.866,0.691,1.0,1.044,1.0,1.0,0.858,0.65,1
CUST_01222,36,Female,Morogoro,Muslim,Others,No formal,"200,000-500,000",None,3,0.36,0.72,0.37,0.0,Samsung,South Korea,Premium,New,1259995,9.8,Physical Store,Cash,0,12,0.244,0.363,0.9,0.717,1.0,1.0,0.407,0.74,1
CUST_00821,15,Male,Dar es Salaam,Christian,Others,Diploma,"200,000-500,000",Tigo Pesa,3,0.19,0.9,0.78,0.3,Vivo,China,Mid-Range,Used,407349,5.2,Mobile,Mobile Money,0,9,0.083,0.406,1.0,0.594,0.6,1.0,0.454,0.63,0
CUST_04948,29,Female,Dar es Salaam,Christian,Chagga,Primary,"200,000-500,000",M-Pesa,4,0.11,0.73,0.3,0.5,Nokia,Finland,Mid-Range,Used,247437,5.3,Physical Store,Mobile Money,1,2,0.548,0.159,1.0,0.748,0.6,1.0,0.642,0.67,1
CUST_00094,24,Female,Arusha,Muslim,Gogo,No formal,"500,001-1,000,000",Tigo Pesa,3,0.43,0.44,0.31,0.5,Nokia,Finland,Mid-Range,New,427270,6.1,Physical Store,Cash,1,12,0.53,0.189,0.9,0.513,1.0,1.0,0.688,0.68,1
CUST_02985,24,Female,Mwanza,Muslim,Nyamwezi,Primary,"1,000,001-2,000,000",Halopesa,2,0.41,0.34,0.79,0.0,Xiaomi,China,Mid-Range,New,323130,6.4,Online,Card,0,2,0.725,0.506,0.9,0.967,1.0,1.0,0.794,0.72,1
CUST_04495,20,Male,Zanzibar,Muslim,Sukuma,Secondary,">2,000,000",Tigo Pesa,4,0.13,0.4,0.89,0.3,Tecno,China,Mid-Range,New,321725,7.9,Mobile,Cash,0,2,0.678,0.703,0.9,0.905,1.0,1.0,0.757,0.81,1
CUST_03138,45,Male,Dar es Salaam,Christian,Nyamwezi,Bachelor,"500,001-1,000,000",Tigo Pesa,3,0.08,0.67,0.36,0.3,Apple,USA,Premium,New,2061250,9.1,Online,Card,0,2,0.0,0.328,1.0,0.809,1.0,1.0,0.464,0.53,1
CUST_03254,44,Female,Mbeya,Muslim,Others,Primary,"500,001-1,000,000",Airtel Money,4,0.68,0.51,0.71,0.5,Samsung,South Korea,Premium,New,2038850,9.1,Physical Store,Card,1,12,0.133,0.646,0.9,1.114,1.0,1.0,0.605,0.54,1
CUST_01005,31,Male,Arusha,Christian,Nyamwezi,Secondary,">2,000,000",None,3,0.23,0.34,0.76,0.5,Tecno,China,Mid-Range,New,373999,7.7,Physical Store,Mobile Money,1,2,0.682,0.585,1.0,0.976,1.0,1.0,0.78,0.79,1
CUST_02031,31,Female,Morogoro,Christian,Others,Primary,"500,001-1,000,000",M-Pesa,2,0.32,0.56,0.73,0.3,Samsung,South Korea,Premium,New,1319470,8.2,Mobile,Cash,0,2,0.384,0.599,1.0,0.861,1.0,1.0,0.6,0.63,0
CUST_01409,16,Female,Mbeya,Muslim,Nyamwezi,Secondary,"<200,000",None,4,0.11,0.83,0.55,0.5,Nokia,Finland,Mid-Range,New,560948,6.6,Physical Store,Cash,0,2,0.0,0.363,0.9,0.761,1.0,1.0,0.402,0.68,1
CUST_02154,15,Female,Morogoro,Christian,Others,Primary,"<200,000",None,4,0.23,1.0,0.45,0.0,Samsung,South Korea,Premium,New,2166296,9.8,Physical Store,Cash,1,1,0.0,0.441,1.0,0.834,1.0,1.0,0.414,0.55,1
CUST_04062,29,Female,Dar es Salaam,Christian,Others,No formal,"<200,000",Tigo Pesa,3,0.37,0.71,0.83,0.3,Itel,China,Budget,New,233955,6.6,Mobile,Cash,1,2,0.0,0.548,1.0,0.557,1.0,1.0,0.398,0.75,1
CUST_03767,36,Male,Dar es Salaam,Christian,Nyamwezi,Primary,"<200,000",Tigo Pesa,3,0.43,0.78,0.74,0.7,Oppo,China,Mid-Range,New,328628,6.1,Physical Store,Cash,0,2,0.359,0.451,1.0,0.518,1.0,1.0,0.469,0.7,1
CUST_02689,34,Male,Tanga,Other,Nyamwezi,Primary,"200,000-500,000",M-Pesa,4,0.69,0.71,0.74,0.5,Vivo,China,Mid-Range,New,394650,7.7,Physical Store,Mobile Money,0,1,0.299,0.57,1.0,0.585,1.0,1.0,0.54,0.78,1
CUST_01813,37,Female,Dodoma,Muslim,Others,No formal,"200,000-500,000",Airtel Money,1,0.09,0.99,0.86,0.3,Tecno,China,Mid-Range,New,408567,7.6,Physical Store,Mobile Money,0,1,0.0,0.654,0.9,0.983,1.0,1.0,0.319,0.77,0
CUST_03120,33,Male,Arusha,Muslim,Haya,Secondary,"500,001-1,000,000",Tigo Pesa,4,0.51,0.76,0.8,1.0,Itel,China,Budget,Used,195303,5.3,Physical Store,Mobile Money,0,2,0.01,0.424,0.9,0.675,0.6,0.8,0.603,0.68,1
CUST_03639,23,Male,Mbeya,Christian,Others,Secondary,"200,000-500,000",Tigo Pesa,3,0.11,0.78,0.6,1.0,Samsung,South Korea,Premium,New,1722475,9.6,Physical Store,Cash,1,2,0.0,0.576,1.0,1.176,1.0,0.8,0.501,0.63,1
CUST_04319,15,Male,Dar es Salaam,Muslim,Sukuma,Primary,"1,000,001-2,000,000",Airtel Money,3,0.26,0.49,0.43,0.5,Infinix,China,Mid-Range,New,587640,6.4,Physical Store,Card,1,2,0.28,0.275,0.9,0.875,1.0,1.0,0.42,0.67,0
CUST_00649,52,Male,Tanga,Christian,Sukuma,Secondary,"200,000-500,000",M-Pesa,1,0.2,0.87,0.82,0.7,Huawei,China,Premium,New,1980633,9.8,Physical Store,Cash,0,2,0.0,0.804,1.0,0.798,1.0,1.0,0.488,0.59,1
CUST_02114,29,Male,Dodoma,Christian,Others,Secondary,"<200,000",M-Pesa,5,0.15,0.86,0.48,0.3,Xiaomi,China,Mid-Range,New,420982,7.8,Physical Store,Cash,0,1,0.095,0.374,1.0,0.744,1.0,1.0,0.397,0.78,1
CUST_00679,41,Female,Dar es Salaam,Muslim,Others,Secondary,"1,000,001-2,000,000",Halopesa,4,0.41,0.29,0.8,0.7,Samsung,South Korea,Premium,New,882733,9.1,Physical Store,Cash,0,12,0.787,0.728,0.9,1.099,1.0,1.0,0.708,0.77,1
CUST_03094,23,Male,Tanga,Christian,Haya,Primary,"500,001-1,000,000",Tigo Pesa,4,0.05,0.61,0.82,0.7,Apple,USA,Premium,New,1525661,9.6,Online,Cash,0,2,0.224,0.787,1.0,1.145,1.0,1.0,0.841,0.67,0
CUST_03923,16,Male,Dar es Salaam,Muslim,Nyamwezi,Bachelor,"<200,000",Airtel Money,2,0.45,0.96,0.54,0.0,Itel,China,Budget,Used,104587,3.4,Physical Store,Cash,1,2,0.331,0.184,0.9,0.819,0.6,1.0,0.449,0.58,1
CUST_02017,39,Female,Dar es Salaam,Christian,Others,Diploma,"500,001-1,000,000",Airtel Money,2,0.2,0.47,0.83,0.5,Huawei,China,Premium,New,827998,8.9,Physical Store,Mobile Money,0,2,0.676,0.739,1.0,0.754,1.0,1.0,0.488,0.77,1
CUST_02217,15,Male,Dar es Salaam,Muslim,Chagga,No formal,"200,000-500,000",Tigo Pesa,4,0.35,0.82,0.43,0.5,Tecno,China,Mid-Range,Used,183093,5.6,Mobile,Mobile Money,0,1,0.625,0.241,0.9,0.805,0.6,1.0,0.794,0.7,1
CUST_00310,40,Male,Zanzibar,Muslim,Others,Diploma,"<200,000",Halopesa,2,0.24,0.83,0.75,0.3,Infinix,China,Mid-Range,New,429927,7.4,Physical Store,Cash,0,1,0.108,0.555,0.9,0.84,1.0,1.0,0.627,0.76,1
CUST_04815,30,Female,Dodoma,Christian,Others,No formal,"200,000-500,000",M-Pesa,2,0.14,0.98,0.49,0.5,Vivo,China,Mid-Range,New,418485,7.7,Physical Store,Card,0,2,0.0,0.377,1.0,0.833,1.0,1.0,0.509,0.78,1
CUST_04947,33,Male,Dar es Salaam,Christian,Others,No formal,"500,001-1,000,000",Tigo Pesa,4,0.1,0.47,0.48,1.0,Infinix,China,Mid-Range,New,306496,7.5,Physical Store,Mobile Money,1,1,0.64,0.36,1.0,0.635,1.0,0.8,0.645,0.79,1
CUST_04796,24,Male,Mbeya,Christian,Others,No formal,"200,000-500,000",M-Pesa,2,0.26,0.75,0.67,0.3,Itel,China,Budget,New,147978,6.9,Online,Mobile Money,1,2,0.26,0.462,1.0,0.538,1.0,1.0,0.475,0.78,1
CUST_02797,41,Female,Dodoma,Muslim,Others,Primary,"<200,000",Airtel Money,1,0.03,0.93,0.34,0.7,Tecno,China,Mid-Range,New,378419,6.5,Physical Store,Mobile Money,0,2,0.12,0.221,0.9,0.769,1.0,1.0,0.391,0.71,1
CUST_01738,15,Female,Zanzibar,Muslim,Sukuma,Diploma,"200,000-500,000",Airtel Money,3,0.11,0.76,0.52,0.7,Itel,China,Budget,New,174785,6.2,Mobile,Cash,0,2,0.114,0.322,0.9,0.998,1.0,1.0,0.703,0.74,1
CUST_02100,15,Male,Mwanza,Christian,Others,Diploma,"<200,000",Tigo Pesa,4,0.4,0.85,0.85,0.5,Tecno,China,Mid-Range,New,501209,6.2,Online,Cash,0,2,0.0,0.527,1.0,0.775,1.0,1.0,0.684,0.67,1
CUST_03295,17,Female,Dodoma,Christian,Chagga,Secondary,"500,001-1,000,000",Airtel Money,4,0.19,0.78,0.73,0.7,Samsung,South Korea,Premium,New,1593804,8.4,Physical Store,Card,0,2,0.0,0.613,1.0,1.177,1.0,1.0,0.714,0.59,1
CUST_03168,26,Male,Mbeya,Christian,Sukuma,No formal,">2,000,000",M-Pesa,4,0.3,0.45,0.85,0.5,Tecno,China,Mid-Range,New,380150,6.3,Mobile,Cash,0,2,0.572,0.536,1.0,0.543,1.0,1.0,0.577,0.7,1
CUST_00419,41,Female,Dar es Salaam,Muslim,Chagga,Secondary,"200,000-500,000",Airtel Money,2,0.8,0.82,0.69,0.0,Vivo,China,Mid-Range,New,522522,6.5,Online,Cash,0,12,0.0,0.448,0.9,0.509,1.0,1.0,0.501,0.69,1
CUST_01305,46,Female,Zanzibar,Muslim,Gogo,No formal,"<200,000",M-Pesa,5,0.41,0.76,0.47,0.7,Samsung,South Korea,Premium,New,986021,8.1,Physical Store,Cash,1,2,0.376,0.381,0.9,0.668,1.0,1.0,0.626,0.69,1
CUST_01530,32,Female,Tanga,Christian,Others,Primary,"200,000-500,000",Airtel Money,1,0.32,0.79,0.47,0.3,Tecno,China,Mid-Range,New,269276,7.4,Physical Store,Mobile Money,0,2,0.468,0.348,1.0,0.673,1.0,1.0,0.485,0.79,1
CUST_04361,33,Male,Dar es Salaam,Christian,Nyamwezi,Bachelor,"<200,000",M-Pesa,3,0.4,0.82,0.9,0.0,Samsung,South Korea,Premium,New,997152,9.2,Physical Store,Cash,0,2,0.319,0.828,1.0,0.654,1.0,1.0,0.807,0.75,1
CUST_03078,16,Female,Mbeya,Christian,Others,Secondary,"500,001-1,000,000",Halopesa,5,0.15,0.73,0.51,0.3,Tecno,China,Mid-Range,New,321375,7.2,Physical Store,Cash,1,2,0.413,0.367,1.0,0.772,1.0,1.0,0.556,0.77,1
CUST_03533,24,Female,Dodoma,Christian,Others,Primary,">2,000,000",Airtel Money,1,0.08,0.5,0.42,0.3,Huawei,China,Premium,New,1412680,9.5,Online,Mobile Money,0,12,0.411,0.399,1.0,0.663,1.0,1.0,0.47,0.69,1
CUST_01645,26,Male,Zanzibar,Christian,Haya,No formal,"500,001-1,000,000",Tigo Pesa,3,0.17,0.73,0.65,0.0,Infinix,China,Mid-Range,New,264713,6.0,Online,Cash,0,2,0.517,0.39,1.0,0.718,1.0,1.0,0.682,0.71,1
CUST_04568,32,Female,Mbeya,Muslim,Chagga,Bachelor,"200,000-500,000",None,3,0.5,0.79,0.66,0.5,Infinix,China,Mid-Range,New,266232,7.4,Physical Store,Cash,0,12,0.474,0.488,0.9,0.686,1.0,1.0,0.523,0.79,1
CUST_03826,25,Female,Mwanza,Christian,Others,Bachelor,"200,000-500,000",M-Pesa,3,0.37,0.95,0.86,0.7,Oppo,China,Mid-Range,New,554950,7.6,Physical Store,Cash,1,2,0.0,0.654,1.0,0.566,1.0,1.0,0.439,0.75,1
CUST_03375,16,Male,Morogoro,Muslim,Others,Secondary,"<200,000",M-Pesa,3,0.15,0.96,0.87,0.0,Tecno,China,Mid-Range,New,304575,7.2,Physical Store,Cash,0,1,0.269,0.626,0.9,0.988,1.0,1.0,0.731,0.77,0
CUST_01164,17,Male,Mwanza,Muslim,Others,Diploma,"200,000-500,000",M-Pesa,2,0.57,0.91,0.57,0.7,Nokia,Finland,Mid-Range,New,394784,7.1,Physical Store,Cash,1,2,0.102,0.405,0.9,0.648,1.0,1.0,0.339,0.75,1
CUST_03957,29,Female,Mwanza,Christian,Others,Primary,"500,001-1,000,000",M-Pesa,3,0.24,0.44,0.78,0.7,Apple,USA,Premium,New,2479851,9.2,Physical Store,Cash,0,2,0.091,0.718,1.0,0.797,1.0,1.0,0.488,0.46,1
CUST_04820,29,Male,Dar es Salaam,Muslim,Sukuma,Primary,"200,000-500,000",M-Pesa,5,0.48,0.9,0.53,0.7,Nokia,Finland,Mid-Range,Used,135773,6.0,Physical Store,Mobile Money,0,1,0.695,0.318,0.9,0.691,0.6,1.0,0.672,0.73,1
CUST_01523,27,Female,Mbeya,Christian,Others,No formal,"500,001-1,000,000",Tigo Pesa,3,0.51,0.53,0.51,0.0,Nokia,Finland,Mid-Range,New,250634,7.2,Physical Store,Cash,0,2,0.668,0.367,1.0,0.918,1.0,1.0,0.624,0.78,1
CUST_04371,37,Male,Dodoma,Christian,Sukuma,Primary,"<200,000",M-Pesa,2,0.05,0.76,0.55,0.5,Itel,China,Budget,Used,126697,4.6,Physical Store,Mobile Money,1,10,0.358,0.253,1.0,0.622,0.6,1.0,0.649,0.65,1
CUST_01877,15,Female,Dar es Salaam,Christian,Others,Primary,"<200,000",M-Pesa,2,0.17,0.93,0.82,0.3,Tecno,China,Mid-Range,New,578964,6.1,Physical Store,Mobile Money,0,2,0.0,0.5,1.0,0.745,1.0,1.0,0.378,0.65,0
CUST_00184,26,Female,Mbeya,Christian,Makonde,Primary,"500,001-1,000,000",None,2,0.44,0.77,0.56,0.3,Apple,USA,Premium,New,2052081,8.7,Online,Mobile Money,0,2,0.0,0.487,1.0,0.977,1.0,1.0,0.385,0.51,1
CUST_02156,23,Male,Dodoma,Muslim,Makonde,Diploma,"<200,000",M-Pesa,4,0.59,0.97,0.55,0.5,Samsung,South Korea,Premium,New,1574556,8.5,Mobile,Cash,1,2,0.0,0.468,0.9,1.182,1.0,1.0,0.728,0.6,1
CUST_02363,27,Female,Morogoro,Christian,Chagga,Secondary,"<200,000",M-Pesa,5,0.27,0.92,0.57,0.7,Tecno,China,Mid-Range,Used,329767,5.1,Physical Store,Mobile Money,0,2,0.242,0.291,1.0,0.779,0.6,1.0,0.22,0.64,1
CUST_03009,24,Female,Arusha,Muslim,Gogo,Secondary,"1,000,001-2,000,000",M-Pesa,3,0.35,0.31,0.49,0.3,Infinix,China,Mid-Range,Used,400303,6.3,Physical Store,Mobile Money,1,2,0.69,0.309,0.9,0.924,0.6,1.0,0.598,0.7,1
CUST_04387,23,Male,Dodoma,Christian,Nyamwezi,Primary,"500,001-1,000,000",Tigo Pesa,4,0.34,0.52,0.55,0.5,Nokia,Finland,Mid-Range,New,457678,7.1,Physical Store,Cash,1,2,0.405,0.39,1.0,0.842,1.0,1.0,0.64,0.73,1
CUST_01335,29,Female,Dodoma,Muslim,Sukuma,Primary,"200,000-500,000",Halopesa,4,0.63,0.83,0.75,0.5,Huawei,China,Premium,New,1062857,8.8,Physical Store,Mobile Money,0,2,0.265,0.66,0.9,0.964,1.0,1.0,0.572,0.72,1
CUST_03972,28,Male,Mwanza,Christian,Gogo,Secondary,"1,000,001-2,000,000",M-Pesa,2,0.17,0.46,0.73,1.0,Samsung,South Korea,Premium,New,1159550,8.1,Physical Store,Mobile Money,0,2,0.556,0.591,1.0,0.737,1.0,0.8,0.724,0.65,1
CUST_01605,34,Female,Dar es Salaam,Christian,Others,Diploma,"1,000,001-2,000,000",Airtel Money,2,0.01,0.29,0.34,0.3,Nokia,Finland,Mid-Range,Used,356134,5.8,Physical Store,Card,0,2,0.742,0.197,1.0,0.961,0.6,1.0,0.678,0.68,1
CUST_04455,25,Male,Arusha,Christian,Gogo,Primary,"500,001-1,000,000",M-Pesa,2,0.29,0.57,0.87,0.5,Infinix,China,Mid-Range,New,452752,6.4,Physical Store,Mobile Money,1,12,0.355,0.557,1.0,0.94,1.0,1.0,0.503,0.69,1
CUST_02832,31,Female,Mbeya,Other,Gogo,Master+,"200,000-500,000",M-Pesa,3,0.37,0.85,0.58,0.0,Tecno,China,Mid-Range,Used,465316,5.5,Physical Store,Cash,0,12,0.011,0.319,1.0,0.91,0.6,1.0,0.496,0.64,1
CUST_04644,20,Male,Arusha,Christian,Haya,Secondary,"<200,000",M-Pesa,2,0.43,0.83,0.42,0.7,Huawei,China,Premium,New,1974023,9.8,Physical Store,Cash,0,1,0.0,0.412,1.0,0.971,1.0,1.0,0.708,0.59,1
CUST_02314,26,Female,Mwanza,Muslim,Nyamwezi,Diploma,"200,000-500,000",Airtel Money,2,0.16,0.84,0.56,0.5,Tecno,China,Mid-Range,New,319980,6.5,Online,Mobile Money,0,1,0.328,0.364,0.9,0.905,1.0,1.0,0.607,0.73,1
CUST_03459,31,Female,Tanga,Muslim,Nyamwezi,Secondary,"<200,000",Tigo Pesa,2,0.5,0.77,0.47,1.0,Oppo,China,Mid-Range,Used,401671,6.9,Physical Store,Cash,0,2,0.227,0.324,0.9,0.571,0.6,0.8,0.444,0.73,1
CUST_01195,17,Female,Dar es Salaam,Muslim,Others,Bachelor,"200,000-500,000",M-Pesa,2,0.49,0.88,0.69,0.5,Huawei,China,Premium,New,1363607,9.3,Physical Store,Mobile Money,0,2,0.0,0.642,0.9,0.856,1.0,1.0,0.538,0.69,1
CUST_02431,28,Female,Tanga,Muslim,Gogo,Primary,"<200,000",Halopesa,2,0.18,0.85,0.46,0.5,Huawei,China,Premium,New,2328381,9.5,Physical Store,Card,0,2,0.0,0.437,0.9,0.656,1.0,1.0,0.33,0.5,0
CUST_02074,35,Female,Mwanza,Muslim,Others,Secondary,"200,000-500,000",None,2,0.49,0.79,0.4,0.5,Samsung,South Korea,Premium,New,1268808,9.8,Physical Store,Cash,0,12,0.165,0.392,0.9,0.749,1.0,1.0,0.474,0.73,0
CUST_01750,19,Male,Mbeya,Muslim,Others,Master+,"200,000-500,000",Halopesa,4,0.54,0.83,0.78,0.5,Infinix,China,Mid-Range,New,369838,6.5,Physical Store,Cash,0,12,0.233,0.507,0.9,0.824,1.0,1.0,0.627,0.72,1
CUST_00811,37,Female,Tanga,Muslim,Others,Primary,"200,000-500,000",None,2,0.16,0.75,0.68,0.0,Huawei,China,Premium,Used,307129,8.4,Physical Store,Mobile Money,0,1,0.808,0.571,0.9,0.593,0.6,1.0,0.689,0.84,1
CUST_00324,34,Male,Dar es Salaam,Christian,Others,Primary,"200,000-500,000",Tigo Pesa,3,0.27,0.82,0.72,0.3,Infinix,China,Mid-Range,New,250580,6.1,Physical Store,Cash,0,2,0.486,0.439,1.0,0.667,1.0,1.0,0.491,0.72,1
CUST_04774,34,Male,Dar es Salaam,Muslim,Nyamwezi,Primary,">2,000,000",Halopesa,4,0.18,0.13,0.9,0.5,Oppo,China,Mid-Range,New,355488,7.0,Physical Store,Cash,0,2,0.884,0.63,0.9,0.739,1.0,1.0,0.79,0.75,1
CUST_03284,22,Female,Dodoma,Muslim,Others,Primary,"500,001-1,000,000",Tigo Pesa,2,0.21,0.77,0.38,0.5,Apple,USA,Premium,Used,880437,7.9,Physical Store,Cash,1,2,0.435,0.3,0.9,0.733,0.6,1.0,0.58,0.7,1
CUST_04261,28,Male,Dodoma,Christian,Makonde,Secondary,"200,000-500,000",M-Pesa,3,0.36,0.98,0.41,0.7,Tecno,China,Mid-Range,Used,306448,5.3,Physical Store,Mobile Money,0,2,0.249,0.217,1.0,0.734,0.6,1.0,0.557,0.66,1
CUST_00934,15,Female,Morogoro,Christian,Others,Primary,"200,000-500,000",Tigo Pesa,4,0.18,0.89,0.34,0.0,Vivo,China,Mid-Range,Used,238599,5.4,Physical Store,Mobile Money,0,1,0.469,0.184,1.0,0.707,0.6,1.0,0.603,0.68,1
CUST_03840,21,Male,Dar es Salaam,Christian,Nyamwezi,No formal,"200,000-500,000",Airtel Money,4,0.07,0.89,0.34,0.5,Nokia,Finland,Mid-Range,New,253595,7.7,Online,Cash,1,11,0.436,0.262,1.0,0.623,1.0,1.0,0.578,0.81,1
CUST_03973,36,Female,Mwanza,Muslim,Others,Secondary,"500,001-1,000,000",None,4,0.35,0.54,0.84,0.7,Samsung,South Korea,Premium,New,1633062,8.8,Physical Store,Cash,0,2,0.265,0.739,0.9,0.685,1.0,1.0,0.75,0.6,1
CUST_03413,43,Female,Dodoma,Muslim,Others,Primary,"1,000,001-2,000,000",Airtel Money,3,0.39,0.48,0.59,0.3,Xiaomi,China,Mid-Range,New,573194,7.3,Physical Store,Card,0,1,0.312,0.431,0.9,0.693,1.0,1.0,0.554,0.72,1
CUST_01387,16,Female,Arusha,Muslim,Others,Secondary,"1,000,001-2,000,000",None,3,0.02,0.42,0.78,0.7,Apple,USA,Premium,New,1695877,8.3,Mobile,Cash,0,12,0.406,0.647,0.9,0.81,1.0,1.0,0.653,0.56,1
CUST_02581,15,Male,Tanga,Christian,Others,Primary,"1,000,001-2,000,000",Airtel Money,4,0.32,0.42,0.38,0.5,Huawei,China,Premium,New,717082,8.3,Physical Store,Cash,0,1,0.749,0.315,1.0,0.623,1.0,1.0,0.656,0.75,0
CUST_04084,45,Female,Mwanza,Muslim,Others,No formal,"500,001-1,000,000",Tigo Pesa,2,0.36,0.44,0.45,0.3,Huawei,China,Premium,New,1905628,9.7,Physical Store,Mobile Money,1,8,0.301,0.436,0.9,0.613,1.0,1.0,0.534,0.6,1
CUST_04888,16,Male,Dodoma,Christian,Makonde,Master+,"200,000-500,000",M-Pesa,1,0.19,0.85,0.33,0.3,Vivo,China,Mid-Range,New,351270,6.3,Mobile,Cash,0,2,0.254,0.208,1.0,0.585,1.0,1.0,0.586,0.71,1
CUST_00886,23,Female,Dar es Salaam,Muslim,Others,Secondary,"<200,000",M-Pesa,3,0.65,0.87,0.39,0.5,Apple,USA,Premium,New,984038,8.2,Physical Store,Cash,1,1,0.287,0.32,0.9,0.832,1.0,1.0,0.577,0.7,1
CUST_02470,28,Male,Dodoma,Muslim,Others,Secondary,"500,001-1,000,000",Halopesa,3,0.46,0.68,0.48,0.5,Infinix,China,Mid-Range,New,330508,7.0,Online,Cash,1,2,0.438,0.336,0.9,0.547,1.0,1.0,0.79,0.75,1
CUST_01215,41,Female,Zanzibar,Other,Others,Primary,"200,000-500,000",Halopesa,5,0.05,0.93,0.79,0.0,Samsung,South Korea,Premium,New,977379,9.5,Physical Store,Mobile Money,0,2,0.243,0.75,1.0,0.85,1.0,1.0,0.761,0.77,1
CUST_00334,30,Male,Zanzibar,Muslim,Nyamwezi,Diploma,"1,000,001-2,000,000",M-Pesa,3,0.15,0.14,0.75,0.5,Oppo,China,Mid-Range,New,532246,7.6,Physical Store,Cash,0,1,0.814,0.57,0.9,0.853,1.0,1.0,0.846,0.75,0
CUST_03269,32,Male,Dar es Salaam,Christian,Gogo,Primary,">2,000,000",M-Pesa,3,0.08,0.25,0.43,0.3,Tecno,China,Mid-Range,New,515625,6.1,Physical Store,Cash,0,1,0.678,0.262,1.0,0.663,1.0,1.0,0.688,0.66,1
CUST_03672,24,Female,Mbeya,Christian,Others,Secondary,"200,000-500,000",Tigo Pesa,1,0.28,0.86,0.47,0.7,Tecno,China,Mid-Range,New,344509,6.2,Online,Mobile Money,1,2,0.259,0.291,1.0,0.759,1.0,1.0,0.54,0.7,1
CUST_03353,29,Female,Tanga,Christian,Others,Primary,"500,001-1,000,000",Tigo Pesa,5,0.36,0.47,0.47,0.5,Apple,USA,Premium,New,2288326,8.1,Online,Cash,0,12,0.104,0.381,1.0,0.829,1.0,1.0,0.659,0.43,1
CUST_04633,18,Male,Tanga,Muslim,Others,Diploma,"200,000-500,000",M-Pesa,4,0.22,0.79,0.83,0.0,Infinix,China,Mid-Range,New,432401,7.7,Physical Store,Mobile Money,0,2,0.146,0.639,0.9,0.818,1.0,1.0,0.451,0.78,1
CUST_00390,37,Female,Arusha,Christian,Sukuma,Secondary,"<200,000",Tigo Pesa,3,0.55,0.91,0.52,0.0,Oppo,China,Mid-Range,New,577569,6.6,Online,Card,0,2,0.0,0.343,1.0,0.722,1.0,1.0,0.569,0.68,1
CUST_01253,29,Male,Mbeya,Muslim,Others,Secondary,"200,000-500,000",Tigo Pesa,2,0.18,0.74,0.4,1.0,Infinix,China,Mid-Range,Used,457670,5.1,Mobile,Cash,0,2,0.153,0.204,0.9,0.682,0.6,0.8,0.488,0.61,1
CUST_03298,26,Female,Morogoro,Christian,Others,Diploma,"200,000-500,000",M-Pesa,2,0.16,0.82,0.49,0.7,Tecno,China,Mid-Range,New,410035,8.0,Physical Store,Cash,1,1,0.159,0.392,1.0,0.709,1.0,1.0,0.422,0.8,1
CUST_03891,21,Female,Arusha,Christian,Others,Primary,"200,000-500,000",Tigo Pesa,1,0.33,0.77,0.59,0.5,Huawei,China,Premium,New,1294873,8.5,Online,Cash,0,12,0.169,0.501,1.0,0.89,1.0,1.0,0.559,0.65,1
CUST_00872,28,Male,Arusha,Christian,Gogo,Secondary,"<200,000",Halopesa,5,0.11,0.81,0.45,0.7,Infinix,China,Mid-Range,New,366568,7.5,Physical Store,Mobile Money,0,1,0.258,0.338,1.0,0.802,1.0,1.0,0.623,0.78,1
CUST_01863,25,Female,Dar es Salaam,Christian,Others,Diploma,"200,000-500,000",M-Pesa,4,0.33,0.85,0.33,0.0,Samsung,South Korea,Premium,New,834767,9.7,Physical Store,Mobile Money,0,12,0.409,0.32,1.0,1.187,1.0,1.0,0.746,0.82,1
CUST_04578,16,Male,Mbeya,Muslim,Others,Primary,"<200,000",Halopesa,3,0.18,0.93,0.46,0.3,Xiaomi,China,Mid-Range,New,542631,6.4,Mobile,Cash,0,1,0.0,0.294,0.9,0.833,1.0,1.0,0.447,0.68,0
CUST_04294,37,Male,Mbeya,Christian,Others,Diploma,"<200,000",Airtel Money,1,0.25,0.85,0.66,0.5,Huawei,China,Premium,New,1562077,8.6,Physical Store,Mobile Money,0,1,0.0,0.568,1.0,0.538,1.0,1.0,0.417,0.6,1
CUST_04005,20,Male,Mwanza,Muslim,Others,No formal,"1,000,001-2,000,000",None,1,0.33,0.43,0.81,0.5,Infinix,China,Mid-Range,New,460104,7.2,Online,Mobile Money,0,1,0.505,0.583,0.9,0.8,1.0,1.0,0.786,0.74,1
CUST_01675,33,Male,Arusha,Christian,Others,Secondary,"200,000-500,000",M-Pesa,4,0.14,0.73,0.87,0.5,Huawei,China,Premium,New,2107328,8.4,Mobile,Mobile Money,0,10,0.0,0.731,1.0,0.75,1.0,1.0,0.648,0.48,1
CUST_01546,34,Female,Dar es Salaam,Christian,Others,No formal,"200,000-500,000",Airtel Money,3,0.21,0.98,0.54,0.3,Xiaomi,China,Mid-Range,New,397476,6.1,Mobile,Cash,0,1,0.026,0.329,1.0,0.796,1.0,1.0,0.418,0.69,1
CUST_02752,15,Female,Arusha,Muslim,Others,Primary,"<200,000",Airtel Money,3,0.28,0.78,0.32,0.5,Samsung,South Korea,Premium,New,1493565,9.8,Mobile,Mobile Money,0,12,0.029,0.314,0.9,0.891,1.0,1.0,0.626,0.69,1
CUST_04659,32,Female,Mwanza,Christian,Others,Secondary,"500,001-1,000,000",Tigo Pesa,5,0.48,0.42,0.88,0.7,Xiaomi,China,Mid-Range,New,521469,6.2,Physical Store,Card,1,1,0.452,0.546,1.0,1.0,1.0,1.0,0.843,0.67,1
CUST_03490,49,Female,Dar es Salaam,Christian,Nyamwezi,No formal,"200,000-500,000",Tigo Pesa,5,0.27,0.95,0.53,0.0,Itel,China,Budget,New,92518,6.1,Physical Store,Card,0,2,0.414,0.323,1.0,0.823,1.0,1.0,0.509,0.75,1
CUST_00520,19,Male,Arusha,Christian,Nyamwezi,Primary,">2,000,000",M-Pesa,1,0.24,0.27,0.33,0.5,Apple,USA,Premium,New,2472546,8.7,Physical Store,Cash,0,2,0.444,0.287,1.0,0.729,1.0,1.0,0.535,0.43,1
CUST_01451,41,Male,Arusha,Muslim,Others,Diploma,"200,000-500,000",None,3,0.25,0.99,0.68,0.5,Huawei,China,Premium,New,1962074,8.3,Physical Store,Card,0,2,0.0,0.564,0.9,0.891,1.0,1.0,0.707,0.51,1
CUST_04614,35,Female,Mbeya,Christian,Others,Secondary,"500,001-1,000,000",Tigo Pesa,4,0.52,0.55,0.6,0.3,Tecno,China,Mid-Range,New,281367,7.5,Online,Cash,0,1,0.613,0.45,1.0,0.502,1.0,1.0,0.724,0.79,1
CUST_03782,21,Male,Arusha,Christian,Chagga,Secondary,"500,001-1,000,000",Tigo Pesa,3,0.11,0.49,0.36,0.0,Infinix,China,Mid-Range,New,368040,6.1,Physical Store,Cash,0,1,0.549,0.22,1.0,0.908,1.0,1.0,0.48,0.69,0
CUST_02596,45,Male,Arusha,Christian,Haya,No formal,"200,000-500,000",Tigo Pesa,3,0.29,0.74,0.61,0.0,Huawei,China,Premium,New,2020390,8.3,Physical Store,Cash,0,12,0.0,0.506,1.0,0.767,1.0,1.0,0.562,0.49,1
CUST_03406,38,Female,Dar es Salaam,Christian,Nyamwezi,Diploma,">2,000,000",Airtel Money,5,0.57,0.42,0.6,0.3,Samsung,South Korea,Premium,New,978764,9.8,Online,Mobile Money,1,1,0.657,0.588,1.0,0.718,1.0,1.0,0.86,0.79,1
CUST_00130,23,Female,Zanzibar,Christian,Others,Primary,"500,001-1,000,000",Airtel Money,3,0.25,0.75,0.76,0.5,Infinix,China,Mid-Range,New,331684,6.9,Physical Store,Cash,0,2,0.378,0.524,1.0,0.931,1.0,1.0,0.486,0.75,1
CUST_03659,29,Female,Morogoro,Muslim,Others,Secondary,"1,000,001-2,000,000",M-Pesa,3,0.39,0.11,0.4,0.7,Itel,China,Budget,New,161425,6.9,Physical Store,Card,0,1,0.882,0.276,0.9,0.775,1.0,1.0,0.664,0.78,1
CUST_00392,15,Male,Dodoma,Muslim,Chagga,Secondary,"1,000,001-2,000,000",Halopesa,4,0.37,0.12,0.41,0.5,Samsung,South Korea,Premium,New,1938826,9.8,Physical Store,Cash,1,1,0.806,0.402,0.9,0.686,1.0,1.0,0.715,0.6,1
CUST_04170,32,Female,Dar es Salaam,Christian,Others,Primary,"<200,000",None,4,0.37,0.86,0.31,0.5,Huawei,China,Premium,New,2168909,8.3,Physical Store,Mobile Money,0,2,0.0,0.257,1.0,0.604,1.0,1.0,0.358,0.46,1
CUST_04329,18,Male,Dar es Salaam,Christian,Others,Secondary,"500,001-1,000,000",Airtel Money,4,0.32,0.46,0.71,1.0,Itel,China,Budget,New,180800,5.8,Online,Cash,0,1,0.446,0.412,1.0,0.672,1.0,0.8,0.584,0.71,1
CUST_04573,27,Female,Dar es Salaam,Christian,Sukuma,Primary,">2,000,000",M-Pesa,1,0.14,0.14,0.53,0.7,Infinix,China,Mid-Range,New,465299,6.8,Physical Store,Mobile Money,0,2,0.837,0.36,1.0,0.889,1.0,1.0,0.757,0.71,1
CUST_04581,31,Male,Tanga,Christian,Nyamwezi,Bachelor,"200,000-500,000",Airtel Money,3,0.19,0.9,0.45,0.5,Huawei,China,Premium,New,1355571,8.1,Physical Store,Cash,1,1,0.0,0.364,1.0,0.826,1.0,1.0,0.486,0.61,0
CUST_03221,32,Male,Dar es Salaam,Christian,Others,Secondary,"<200,000",Tigo Pesa,3,0.31,0.78,0.37,0.3,Apple,USA,Premium,New,2197491,9.9,Physical Store,Cash,0,2,0.0,0.366,1.0,0.626,1.0,1.0,0.456,0.55,1
CUST_01669,26,Male,Tanga,Christian,Others,Bachelor,">2,000,000",M-Pesa,4,0.26,0.26,0.84,0.7,Infinix,China,Mid-Range,New,360861,6.6,Mobile,Mobile Money,1,2,0.765,0.554,1.0,0.857,1.0,1.0,0.863,0.72,1
CUST_02168,32,Male,Morogoro,Muslim,Makonde,Secondary,"200,000-500,000",M-Pesa,3,0.13,0.97,0.85,0.5,Nokia,Finland,Mid-Range,New,415868,7.4,Online,Card,1,2,0.0,0.629,0.9,0.824,1.0,1.0,0.533,0.76,1
CUST_01946,29,Male,Mbeya,Muslim,Makonde,Secondary,"500,001-1,000,000",M-Pesa,3,0.21,0.68,0.31,0.5,Xiaomi,China,Mid-Range,New,428206,7.8,Physical Store,Cash,0,2,0.272,0.242,0.9,0.891,1.0,1.0,0.391,0.78,1
CUST_03665,23,Male,Dar es Salaam,Muslim,Others,Primary,"<200,000",Tigo Pesa,3,0.04,0.95,0.86,0.3,Nokia,Finland,Mid-Range,New,330923,7.6,Physical Store,Cash,1,12,0.214,0.654,0.9,0.9,1.0,1.0,0.642,0.79,1
CUST_02632,27,Male,Dar es Salaam,Muslim,Nyamwezi,Secondary,"200,000-500,000",Airtel Money,5,0.43,0.81,0.37,0.5,Apple,USA,Premium,New,1954750,9.7,Physical Store,Cash,0,2,0.0,0.359,0.9,1.194,1.0,1.0,0.642,0.59,1
CUST_01506,42,Male,Dar es Salaam,Christian,Others,Primary,"1,000,001-2,000,000",Tigo Pesa,5,0.07,0.26,0.32,0.3,Itel,China,Budget,New,234998,5.8,Physical Store,Mobile Money,0,2,0.593,0.186,1.0,0.509,1.0,1.0,0.469,0.7,1
CUST_00022,29,Female,Mbeya,Muslim,Gogo,Bachelor,"<200,000",M-Pesa,2,0.18,0.71,0.79,0.3,Huawei,China,Premium,New,1423628,8.9,Physical Store,Cash,0,2,0.158,0.703,0.9,0.611,1.0,1.0,0.495,0.65,1
CUST_00520,19,Male,Arusha,Christian,Nyamwezi,Primary,">2,000,000",M-Pesa,1,0.24,0.27,0.33,0.5,Tecno,China,Mid-Range,New,343514,7.3,Physical Store,Card,0,2,0.768,0.241,1.0,0.917,1.0,1.0,0.885,0.77,1
CUST_01784,28,Male,Mwanza,Christian,Others,Secondary,"<200,000",Airtel Money,3,0.23,0.78,0.7,0.7,Huawei,China,Premium,New,1792040,9.7,Physical Store,Cash,0,2,0.0,0.679,1.0,0.866,1.0,1.0,0.674,0.62,1
CUST_01936,28,Male,Dar es Salaam,Muslim,Chagga,Primary,"200,000-500,000",Airtel Money,4,0.18,0.86,0.65,0.3,Tecno,China,Mid-Range,New,297260,7.6,Online,Cash,0,10,0.361,0.494,0.9,0.774,1.0,1.0,0.615,0.8,1
CUST_04343,34,Male,Mbeya,Muslim,Others,Diploma,"200,000-500,000",M-Pesa,4,0.26,0.8,0.39,0.3,Huawei,China,Premium,New,1111759,8.2,Mobile,Mobile Money,0,2,0.259,0.32,0.9,0.518,1.0,1.0,0.32,0.67,1
CUST_03419,16,Male,Dar es Salaam,Christian,Others,Master+,"500,001-1,000,000",Tigo Pesa,4,0.15,0.63,0.73,0.5,Samsung,South Korea,Premium,New,2393157,9.0,Physical Store,Mobile Money,0,2,0.0,0.657,1.0,0.629,1.0,1.0,0.72,0.46,1
CUST_02719,19,Male,Mwanza,Christian,Others,No formal,"<200,000",M-Pesa,3,0.07,0.85,0.64,0.3,Tecno,China,Mid-Range,New,261222,6.6,Physical Store,Card,1,2,0.445,0.422,1.0,0.914,1.0,1.0,0.501,0.74,1
CUST_01647,21,Male,Dodoma,Christian,Others,Primary,"200,000-500,000",M-Pesa,3,0.26,0.93,0.82,0.7,Huawei,China,Premium,New,1847423,8.2,Physical Store,Cash,0,2,0.0,0.672,1.0,0.691,1.0,1.0,0.513,0.52,1
CUST_03701,18,Female,Mwanza,Muslim,Gogo,Secondary,"<200,000",Airtel Money,1,0.24,0.88,0.88,0.7,Nokia,Finland,Mid-Range,New,586242,7.9,Physical Store,Mobile Money,0,2,0.0,0.695,0.9,0.796,1.0,1.0,0.662,0.76,1
CUST_03792,26,Male,Mwanza,Christian,Others,Primary,"1,000,001-2,000,000",M-Pesa,4,0.18,0.23,0.77,0.5,Huawei,China,Premium,New,1403283,9.9,Physical Store,Mobile Money,0,1,0.731,0.762,1.0,0.696,1.0,1.0,0.863,0.71,1
CUST_04740,28,Male,Dar es Salaam,Christian,Others,Primary,"500,001-1,000,000",Airtel Money,2,0.8,0.57,0.89,0.3,Nokia,Finland,Mid-Range,New,513501,6.2,Online,Mobile Money,0,1,0.268,0.552,1.0,0.821,1.0,1.0,0.618,0.67,1
CUST_01829,22,Female,Dar es Salaam,Muslim,Makonde,Primary,"500,001-1,000,000",Tigo Pesa,2,0.5,0.45,0.65,0.3,Tecno,China,Mid-Range,New,314697,6.1,Online,Card,0,2,0.646,0.396,0.9,0.639,1.0,1.0,0.813,0.7,0
CUST_02953,20,Female,Zanzibar,Christian,Chagga,Bachelor,"200,000-500,000",Tigo Pesa,4,0.09,0.83,0.68,0.5,Xiaomi,China,Mid-Range,New,336581,6.1,Physical Store,Cash,1,12,0.302,0.415,1.0,0.588,1.0,1.0,0.615,0.7,0
CUST_01515,15,Male,Dodoma,Christian,Others,Primary,"<200,000",M-Pesa,2,0.36,0.95,0.37,0.5,Vivo,China,Mid-Range,Used,274503,7.0,Physical Store,Cash,0,2,0.348,0.259,1.0,0.52,0.6,1.0,0.485,0.77,1
CUST_02214,35,Male,Tanga,Muslim,Others,Secondary,"500,001-1,000,000",M-Pesa,4,0.39,0.49,0.76,0.3,Tecno,China,Mid-Range,New,325841,7.4,Online,Cash,0,2,0.601,0.562,0.9,0.853,1.0,1.0,0.747,0.78,1
CUST_04765,15,Female,Dar es Salaam,Christian,Others,Primary,"200,000-500,000",Airtel Money,3,0.16,0.74,0.51,0.3,Itel,China,Budget,Used,86802,4.9,Physical Store,Mobile Money,0,1,0.572,0.25,1.0,0.935,0.6,1.0,0.592,0.68,1
CUST_04402,20,Male,Morogoro,Christian,Others,Secondary,"500,001-1,000,000",M-Pesa,2,0.4,0.75,0.53,0.0,Tecno,China,Mid-Range,New,417327,6.9,Online,Cash,0,2,0.218,0.366,1.0,0.72,1.0,1.0,0.6,0.73,1
CUST_03176,24,Male,Dar es Salaam,Christian,Others,Primary,"200,000-500,000",M-Pesa,4,0.09,0.73,0.39,0.7,Tecno,China,Mid-Range,New,483997,7.3,Mobile,Mobile Money,0,12,0.117,0.285,1.0,0.505,1.0,1.0,0.461,0.74,1
CUST_02289,23,Female,Arusha,Christian,Others,Secondary,"200,000-500,000",Tigo Pesa,3,0.25,0.76,0.48,0.0,Nokia,Finland,Mid-Range,New,558818,7.7,Physical Store,Cash,0,1,0.0,0.37,1.0,0.774,1.0,1.0,0.357,0.75,1
CUST_00378,19,Female,Dar es Salaam,Christian,Others,Secondary,"<200,000",Tigo Pesa,1,0.37,0.84,0.87,0.5,Apple,USA,Premium,New,2417580,8.9,Physical Store,Mobile Money,0,1,0.0,0.774,1.0,0.946,1.0,1.0,0.61,0.45,0
CUST_00780,16,Female,Dar es Salaam,Muslim,Sukuma,Primary,"200,000-500,000",M-Pesa,2,0.27,0.93,0.46,0.0,Samsung,South Korea,Premium,New,2346217,8.6,Physical Store,Cash,1,2,0.0,0.396,0.9,0.999,1.0,1.0,0.422,0.45,1
CUST_01125,41,Male,Dar es Salaam,Muslim,Others,Primary,"500,001-1,000,000",Airtel Money,5,0.34,0.41,0.84,0.5,Samsung,South Korea,Premium,New,2354843,8.1,Online,Mobile Money,0,2,0.195,0.68,0.9,0.874,1.0,1.0,0.674,0.42,1
CUST_04861,15,Female,Dar es Salaam,Christian,Others,Diploma,"200,000-500,000",Tigo Pesa,5,0.76,0.87,0.74,0.3,Samsung,South Korea,Premium,New,2014888,8.8,Physical Store,Cash,0,12,0.0,0.651,1.0,0.998,1.0,1.0,0.597,0.53,1
CUST_01660,16,Female,Arusha,Christian,Others,Primary,"200,000-500,000",Halopesa,3,0.41,0.8,0.51,0.7,Huawei,China,Premium,New,661553,9.9,Physical Store,Cash,0,2,0.559,0.505,1.0,0.652,1.0,1.0,0.69,0.86,0
CUST_00818,18,Male,Dodoma,Christian,Gogo,Diploma,"<200,000",M-Pesa,2,0.18,0.9,0.37,0.0,Vivo,China,Mid-Range,New,410127,7.9,Physical Store,Mobile Money,0,2,0.077,0.292,1.0,0.692,1.0,1.0,0.426,0.79,0
CUST_02650,25,Male,Mwanza,Muslim,Haya,Diploma,">2,000,000",Airtel Money,4,0.35,0.4,0.43,0.7,Apple,USA,Premium,New,1339401,9.9,Physical Store,Card,0,2,0.554,0.426,0.9,0.937,1.0,1.0,0.656,0.73,1
CUST_00463,15,Male,Zanzibar,Christian,Haya,Secondary,"200,000-500,000",Airtel Money,2,0.19,0.94,0.84,0.5,Tecno,China,Mid-Range,New,278159,6.9,Physical Store,Mobile Money,1,11,0.346,0.58,1.0,0.687,1.0,1.0,0.786,0.76,1
CUST_03556,35,Male,Dar es Salaam,Christian,Gogo,Primary,"<200,000",Tigo Pesa,3,0.2,0.79,0.88,0.5,Huawei,China,Premium,New,1982402,9.8,Online,Cash,0,10,0.0,0.862,1.0,0.868,1.0,1.0,0.511,0.59,1
CUST_01722,30,Male,Zanzibar,Muslim,Others,Primary,"500,001-1,000,000",Tigo Pesa,2,0.12,0.54,0.86,0.5,Nokia,Finland,Mid-Range,New,471217,8.0,Online,Mobile Money,0,12,0.364,0.688,0.9,0.679,1.0,1.0,0.681,0.79,1
CUST_05000,16,Female,Mwanza,Muslim,Sukuma,Bachelor,"500,001-1,000,000",Tigo Pesa,3,0.2,0.56,0.32,0.5,Apple,USA,Premium,New,1361296,8.7,Physical Store,Mobile Money,1,12,0.365,0.278,0.9,0.878,1.0,1.0,0.576,0.65,1
CUST_03681,43,Female,Tanga,Christian,Others,Secondary,"200,000-500,000",Tigo Pesa,3,0.4,0.79,0.57,0.7,Oppo,China,Mid-Range,Used,157833,5.6,Physical Store,Cash,0,2,0.688,0.319,1.0,0.691,0.6,1.0,0.728,0.7,1
CUST_01948,16,Female,Mwanza,Christian,Others,Secondary,"200,000-500,000",M-Pesa,3,0.12,0.99,0.3,0.7,Apple,USA,Premium,New,1708722,9.5,Online,Cash,0,1,0.0,0.285,1.0,1.103,1.0,1.0,0.246,0.63,1
CUST_02171,29,Female,Dodoma,Muslim,Others,No formal,"<200,000",Airtel Money,3,0.14,0.9,0.46,0.3,Infinix,China,Mid-Range,New,432519,7.8,Physical Store,Card,0,12,0.027,0.359,0.9,0.843,1.0,1.0,0.442,0.78,1
CUST_03160,20,Male,Dar es Salaam,Muslim,Others,Primary,"500,001-1,000,000",Tigo Pesa,4,0.54,0.64,0.57,0.3,Samsung,South Korea,Premium,New,2012867,8.1,Physical Store,Mobile Money,1,1,0.0,0.462,0.9,1.125,1.0,1.0,0.561,0.48,1
CUST_01566,41,Male,Mbeya,Muslim,Makonde,Bachelor,"<200,000",Tigo Pesa,3,0.26,0.88,0.79,0.5,Samsung,South Korea,Premium,New,1693515,8.2,Mobile,Mobile Money,1,12,0.0,0.648,0.9,0.602,1.0,1.0,0.464,0.55,0
CUST_01871,33,Male,Dar es Salaam,Christian,Others,Secondary,"500,001-1,000,000",M-Pesa,2,0.07,0.72,0.85,0.0,Itel,China,Budget,New,132571,6.8,Physical Store,Cash,0,2,0.364,0.578,1.0,0.901,1.0,1.0,0.774,0.78,1
CUST_04496,29,Male,Dar es Salaam,Christian,Others,Secondary,"500,001-1,000,000",Airtel Money,1,0.17,0.43,0.74,0.7,Infinix,China,Mid-Range,New,528472,7.8,Physical Store,Mobile Money,0,2,0.432,0.577,1.0,0.985,1.0,1.0,0.789,0.76,1
CUST_03597,18,Female,Mwanza,Christian,Others,Primary,">2,000,000",None,4,0.16,0.14,0.3,0.0,Itel,China,Budget,New,84829,6.1,Mobile,Cash,0,2,0.921,0.183,1.0,0.548,1.0,1.0,0.726,0.75,1
CUST_03884,17,Female,Mwanza,Other,Others,Primary,"1,000,001-2,000,000",M-Pesa,4,0.19,0.46,0.42,0.3,Xiaomi,China,Mid-Range,New,469362,6.6,Physical Store,Cash,0,2,0.46,0.277,1.0,0.857,1.0,1.0,0.56,0.7,1
CUST_00490,30,Female,Arusha,Christian,Haya,Primary,"200,000-500,000",Airtel Money,3,0.07,0.89,0.39,0.5,Huawei,China,Premium,New,1403387,8.9,Physical Store,Cash,0,1,0.0,0.347,1.0,0.722,1.0,1.0,0.409,0.65,1
CUST_01068,24,Male,Dar es Salaam,Muslim,Others,Secondary,"200,000-500,000",Airtel Money,5,0.39,0.95,0.73,0.5,Oppo,China,Mid-Range,New,391329,6.3,Physical Store,Cash,1,2,0.071,0.46,0.9,0.989,1.0,1.0,0.502,0.7,0
CUST_01173,24,Female,Mbeya,Christian,Others,No formal,"500,001-1,000,000",Tigo Pesa,2,0.56,0.77,0.52,0.7,Infinix,China,Mid-Range,New,482620,7.8,Physical Store,Mobile Money,1,12,0.071,0.406,1.0,0.629,1.0,1.0,0.49,0.77,1
CUST_04861,15,Female,Dar es Salaam,Christian,Others,Diploma,"200,000-500,000",Tigo Pesa,5,0.76,0.87,0.74,0.3,Oppo,China,Mid-Range,New,363821,8.0,Physical Store,Mobile Money,0,2,0.209,0.592,1.0,0.626,1.0,1.0,0.575,0.81,1
CUST_03988,15,Male,Dar es Salaam,Christian,Others,Secondary,"<200,000",Tigo Pesa,2,0.49,0.95,0.42,0.0,Nokia,Finland,Mid-Range,New,275960,6.0,Physical Store,Cash,0,2,0.345,0.252,1.0,0.956,1.0,1.0,0.695,0.7,1
CUST_00925,34,Male,Mbeya,Christian,Chagga,Primary,"<200,000",M-Pesa,4,0.41,0.79,0.38,0.7,Nokia,Finland,Mid-Range,New,281412,7.5,Physical Store,Cash,1,12,0.444,0.285,1.0,0.736,1.0,1.0,0.608,0.79,1
CUST_02447,20,Female,Morogoro,Christian,Others,Diploma,"500,001-1,000,000",Airtel Money,4,0.63,0.52,0.51,0.5,Huawei,China,Premium,New,2374122,9.9,Mobile,Cash,0,2,0.0,0.505,1.0,0.828,1.0,1.0,0.427,0.52,1
CUST_04484,33,Male,Arusha,Muslim,Sukuma,Diploma,"200,000-500,000",Airtel Money,3,0.34,0.75,0.84,0.7,Tecno,China,Mid-Range,New,555225,6.6,Physical Store,Cash,1,2,0.0,0.554,0.9,0.875,1.0,1.0,0.439,0.68,1
CUST_03757,16,Male,Dar es Salaam,Christian,Sukuma,Secondary,"200,000-500,000",Halopesa,4,0.55,0.7,0.57,0.5,Infinix,China,Mid-Range,New,366883,6.2,Physical Store,Cash,0,2,0.358,0.353,1.0,0.648,1.0,1.0,0.574,0.7,1
CUST_02604,29,Male,Dodoma,Christian,Others,No formal,"200,000-500,000",Tigo Pesa,2,0.53,0.86,0.48,0.7,Samsung,South Korea,Premium,New,1082372,8.6,Physical Store,Cash,1,1,0.224,0.413,1.0,0.835,1.0,1.0,0.631,0.7,1
CUST_04030,15,Male,Zanzibar,Christian,Others,Master+,"200,000-500,000",M-Pesa,3,0.11,0.98,0.55,0.5,Xiaomi,China,Mid-Range,New,519983,7.8,Physical Store,Mobile Money,0,2,0.0,0.429,1.0,0.887,1.0,1.0,0.402,0.76,1
CUST_04370,15,Male,Mwanza,Christian,Others,Primary,"200,000-500,000",M-Pesa,3,0.3,0.85,0.33,0.0,Tecno,China,Mid-Range,New,369019,7.6,Physical Store,Cash,0,1,0.216,0.251,1.0,0.529,1.0,1.0,0.541,0.78,1
CUST_03600,40,Male,Morogoro,Christian,Sukuma,No formal,"200,000-500,000",Halopesa,2,0.72,0.97,0.48,0.5,Nokia,Finland,Mid-Range,New,270554,7.1,Physical Store,Mobile Money,0,1,0.344,0.341,1.0,0.95,1.0,1.0,0.677,0.77,0
CUST_02013,34,Male,Arusha,Christian,Gogo,Primary,"<200,000",M-Pesa,4,0.25,0.92,0.43,0.0,Tecno,China,Mid-Range,Used,461944,6.5,Physical Store,Card,0,9,0.0,0.28,1.0,0.623,0.6,1.0,0.436,0.7,1
CUST_02028,41,Male,Morogoro,Christian,Others,No formal,"200,000-500,000",Tigo Pesa,4,0.4,0.92,0.46,0.0,Oppo,China,Mid-Range,Used,463682,6.8,Physical Store,Mobile Money,0,2,0.0,0.313,1.0,0.566,0.6,1.0,0.618,0.72,1
CUST_01657,28,Female,Mbeya,Christian,Others,Diploma,"1,000,001-2,000,000",M-Pesa,4,0.57,0.35,0.53,0.5,Vivo,China,Mid-Range,New,315642,7.7,Physical Store,Mobile Money,0,2,0.724,0.408,1.0,0.901,1.0,1.0,0.651,0.8,1
CUST_01091,23,Female,Mbeya,Christian,Sukuma,Diploma,"200,000-500,000",Tigo Pesa,3,0.24,0.99,0.64,0.0,Samsung,South Korea,Premium,New,1648869,9.6,Physical Store,Cash,1,2,0.0,0.614,1.0,0.961,1.0,1.0,0.412,0.65,1
CUST_04321,20,Female,Dodoma,Christian,Sukuma,Primary,"200,000-500,000",M-Pesa,5,0.39,0.85,0.82,0.3,Apple,USA,Premium,New,2296719,9.4,Online,Mobile Money,0,1,0.0,0.771,1.0,0.915,1.0,1.0,0.789,0.5,0
CUST_04517,29,Female,Dodoma,Muslim,Others,Diploma,"<200,000",Airtel Money,3,0.19,0.97,0.66,0.7,Tecno,China,Mid-Range,New,278200,6.7,Physical Store,Cash,0,2,0.325,0.442,0.9,0.826,1.0,1.0,0.506,0.75,1
CUST_01498,34,Female,Mbeya,Christian,Makonde,Primary,"200,000-500,000",M-Pesa,2,0.22,0.95,0.43,0.3,Samsung,South Korea,Premium,New,2096274,8.3,Physical Store,Cash,1,2,0.0,0.357,1.0,0.878,1.0,1.0,0.494,0.48,1
CUST_00090,20,Male,Tanga,Christian,Makonde,Primary,"200,000-500,000",M-Pesa,3,0.52,0.92,0.87,0.0,Infinix,China,Mid-Range,New,407157,7.0,Physical Store,Mobile Money,0,1,0.064,0.609,1.0,0.825,1.0,1.0,0.644,0.74,0
CUST_02105,21,Female,Dar es Salaam,Muslim,Nyamwezi,Diploma,"<200,000",M-Pesa,1,0.14,0.85,0.79,0.5,Oppo,China,Mid-Range,Used,449055,6.2,Mobile,Mobile Money,0,2,0.046,0.49,0.9,0.632,0.6,1.0,0.53,0.68,1
CUST_03455,25,Female,Mbeya,Christian,Nyamwezi,Secondary,"<200,000",Airtel Money,4,0.23,0.91,0.64,0.5,Nokia,Finland,Mid-Range,New,278731,7.4,Mobile,Cash,1,12,0.366,0.474,1.0,0.652,1.0,1.0,0.592,0.79,1
CUST_00626,35,Male,Dodoma,Muslim,Others,Primary,"500,001-1,000,000",Tigo Pesa,1,0.31,0.53,0.35,0.5,Tecno,China,Mid-Range,New,474473,6.8,Online,Card,0,2,0.371,0.238,0.9,0.803,1.0,1.0,0.395,0.71,1
CUST_00286,19,Female,Tanga,Christian,Others,Primary,"1,000,001-2,000,000",M-Pesa,5,0.17,0.46,0.79,0.7,Apple,USA,Premium,New,2057501,9.3,Physical Store,Cash,0,1,0.211,0.735,1.0,1.074,1.0,1.0,0.733,0.55,1
CUST_04439,32,Female,Tanga,Christian,Nyamwezi,Secondary,"500,001-1,000,000",M-Pesa,3,0.35,0.71,0.51,0.0,Tecno,China,Mid-Range,New,273912,6.9,Physical Store,Mobile Money,1,1,0.514,0.352,1.0,0.945,1.0,1.0,0.842,0.76,1
CUST_01292,22,Male,Morogoro,Muslim,Sukuma,Primary,"200,000-500,000",Tigo Pesa,4,0.54,0.81,0.9,0.5,Nokia,Finland,Mid-Range,New,519887,6.4,Online,Cash,1,2,0.0,0.576,0.9,0.669,1.0,1.0,0.506,0.68,1
CUST_00400,15,Female,Dodoma,Muslim,Others,Bachelor,"<200,000",M-Pesa,4,0.28,0.83,0.44,0.3,Infinix,China,Mid-Range,New,374051,6.1,Online,Mobile Money,1,2,0.224,0.268,0.9,0.678,1.0,1.0,0.508,0.69,1
CUST_03996,31,Female,Dodoma,Muslim,Others,Secondary,"<200,000",M-Pesa,2,0.04,1.0,0.31,0.0,Vivo,China,Mid-Range,New,575845,8.0,Physical Store,Mobile Money,0,2,0.0,0.248,0.9,0.658,1.0,1.0,0.361,0.76,1
CUST_01835,15,Female,Zanzibar,Muslim,Others,Secondary,"500,001-1,000,000",M-Pesa,2,0.14,0.48,0.77,0.3,Oppo,China,Mid-Range,New,521950,7.3,Physical Store,Cash,0,2,0.374,0.562,0.9,0.505,1.0,1.0,0.527,0.73,1
CUST_01102,34,Male,Dar es Salaam,Christian,Nyamwezi,Diploma,"500,001-1,000,000",Halopesa,1,0.23,0.66,0.5,0.5,Apple,USA,Premium,New,1391862,8.9,Online,Cash,0,2,0.234,0.445,1.0,0.648,1.0,1.0,0.521,0.66,1
CUST_02128,15,Female,Dodoma,Christian,Sukuma,Secondary,">2,000,000",M-Pesa,3,0.07,0.19,0.6,0.0,Vivo,China,Mid-Range,New,530897,7.5,Physical Store,Mobile Money,1,2,0.748,0.45,1.0,0.976,1.0,1.0,0.612,0.74,1
CUST_00653,15,Male,Zanzibar,Christian,Others,No formal,"<200,000",Halopesa,4,0.09,0.96,0.52,0.7,Nokia,Finland,Mid-Range,New,440250,6.1,Physical Store,Cash,0,1,0.0,0.317,1.0,0.524,1.0,1.0,0.444,0.68,1
CUST_02340,38,Female,Morogoro,Christian,Others,Diploma,"200,000-500,000",M-Pesa,4,0.34,0.73,0.86,0.5,Tecno,China,Mid-Range,New,593767,7.9,Physical Store,Mobile Money,0,2,0.0,0.679,1.0,0.555,1.0,1.0,0.44,0.76,1
CUST_00193,38,Male,Mwanza,Christian,Others,Secondary,"200,000-500,000",Halopesa,4,0.4,0.8,0.39,0.5,Infinix,China,Mid-Range,New,358231,7.1,Online,Cash,0,1,0.284,0.277,1.0,0.715,1.0,1.0,0.529,0.75,1
CUST_00190,33,Male,Morogoro,Muslim,Haya,Secondary,"1,000,001-2,000,000",Halopesa,2,0.71,0.44,0.71,0.7,Apple,USA,Premium,New,861313,9.6,Physical Store,Card,0,12,0.684,0.682,0.9,0.787,1.0,1.0,0.743,0.8,1
CUST_04045,40,Male,Morogoro,Christian,Sukuma,No formal,"<200,000",M-Pesa,3,0.11,0.86,0.43,0.7,Apple,USA,Premium,New,1635676,8.9,Physical Store,Cash,0,2,0.0,0.383,1.0,1.187,1.0,1.0,0.488,0.61,1
CUST_00699,20,Female,Dar es Salaam,Christian,Nyamwezi,Diploma,"500,001-1,000,000",M-Pesa,3,0.15,0.75,0.65,0.3,Vivo,China,Mid-Range,New,328896,6.9,Online,Cash,0,2,0.383,0.449,1.0,0.572,1.0,1.0,0.49,0.75,1
CUST_03804,22,Female,Dar es Salaam,Christian,Sukuma,Secondary,"500,001-1,000,000",M-Pesa,2,0.44,0.71,0.41,1.0,Apple,USA,Premium,New,1107920,9.0,Physical Store,Mobile Money,0,1,0.344,0.369,1.0,0.688,1.0,0.8,0.619,0.72,1
CUST_04374,25,Female,Arusha,Christian,Makonde,Secondary,"200,000-500,000",M-Pesa,3,0.2,0.94,0.53,0.5,Samsung,South Korea,Premium,New,2232912,9.7,Physical Store,Card,0,2,0.0,0.514,1.0,0.719,1.0,1.0,0.452,0.54,1
CUST_01937,35,Female,Mwanza,Muslim,Sukuma,Secondary,"500,001-1,000,000",M-Pesa,2,0.34,0.57,0.86,1.0,Samsung,South Korea,Premium,New,2178174,9.2,Physical Store,Cash,0,2,0.0,0.791,0.9,0.945,1.0,0.8,0.471,0.52,1
CUST_04439,32,Female,Tanga,Christian,Nyamwezi,Secondary,"500,001-1,000,000",M-Pesa,3,0.35,0.71,0.51,0.0,Tecno,China,Mid-Range,New,498083,6.9,Physical Store,Cash,1,12,0.116,0.352,1.0,0.768,1.0,1.0,0.488,0.71,1
CUST_02352,15,Female,Mwanza,Muslim,Others,No formal,"200,000-500,000",M-Pesa,3,0.46,0.76,0.7,0.7,Huawei,China,Premium,New,2145498,8.2,Physical Store,Mobile Money,0,1,0.0,0.574,0.9,0.87,1.0,1.0,0.715,0.46,1
CUST_01679,17,Male,Dar es Salaam,Christian,Others,No formal,"500,001-1,000,000",Tigo Pesa,5,0.62,0.41,0.5,0.7,Nokia,Finland,Mid-Range,New,532948,6.8,Physical Store,Cash,0,1,0.454,0.34,1.0,0.735,1.0,1.0,0.623,0.7,1
CUST_02591,38,Female,Mbeya,Muslim,Nyamwezi,Secondary,"500,001-1,000,000",M-Pesa,3,0.3,0.49,0.36,0.3,Xiaomi,China,Mid-Range,New,341803,6.6,Physical Store,Cash,0,1,0.581,0.238,0.9,0.889,1.0,1.0,0.5,0.73,1
CUST_01208,42,Male,Dar es Salaam,Christian,Others,Bachelor,"500,001-1,000,000",Tigo Pesa,3,0.23,0.49,0.73,0.5,Oppo,China,Mid-Range,New,289853,6.4,Online,Mobile Money,0,2,0.645,0.467,1.0,0.517,1.0,1.0,0.557,0.73,1
CUST_01574,33,Female,Dar es Salaam,Muslim,Haya,Secondary,"<200,000",Airtel Money,2,0.68,0.94,0.77,0.3,Huawei,China,Premium,New,1632608,8.3,Physical Store,Mobile Money,1,1,0.0,0.639,0.9,0.828,1.0,1.0,0.543,0.57,1
CUST_02084,42,Male,Arusha,Christian,Others,Diploma,"<200,000",Airtel Money,3,0.29,0.79,0.74,0.7,Infinix,China,Mid-Range,New,470529,6.4,Physical Store,Cash,0,2,0.071,0.474,1.0,0.702,1.0,1.0,0.587,0.69,1
CUST_00776,21,Male,Mbeya,Muslim,Others,Diploma,"<200,000",Tigo Pesa,5,0.39,0.98,0.46,0.0,Oppo,China,Mid-Range,New,587333,7.1,Physical Store,Mobile Money,0,1,0.0,0.327,0.9,0.653,1.0,1.0,0.588,0.71,1
CUST_00514,15,Female,Arusha,Muslim,Others,Diploma,"200,000-500,000",Tigo Pesa,4,0.32,0.86,0.57,0.3,Nokia,Finland,Mid-Range,New,408281,6.6,Physical Store,Card,0,2,0.122,0.376,0.9,0.873,1.0,1.0,0.314,0.71,1
CUST_03195,20,Female,Tanga,Christian,Others,No formal,"500,001-1,000,000",Tigo Pesa,4,0.19,0.52,0.42,0.5,Huawei,China,Premium,Used,1109492,8.2,Physical Store,Cash,1,2,0.519,0.344,1.0,0.985,0.6,1.0,0.583,0.67,1
CUST_02665,47,Female,Mbeya,Christian,Chagga,Bachelor,"200,000-500,000",M-Pesa,4,0.3,0.79,0.36,0.3,Oppo,China,Mid-Range,New,386517,6.4,Physical Store,Cash,0,1,0.237,0.23,1.0,0.56,1.0,1.0,0.601,0.71,0
CUST_04496,29,Male,Dar es Salaam,Christian,Others,Secondary,"500,001-1,000,000",Airtel Money,1,0.17,0.43,0.74,0.7,Xiaomi,China,Mid-Range,New,588506,6.0,Physical Store,Card,0,2,0.367,0.444,1.0,0.504,1.0,1.0,0.518,0.64,1
CUST_00346,25,Female,Dar es Salaam,Christian,Others,Secondary,"500,001-1,000,000",Tigo Pesa,4,0.13,0.43,0.52,0.5,Oppo,China,Mid-Range,New,508057,7.2,Physical Store,Mobile Money,0,1,0.454,0.374,1.0,0.822,1.0,1.0,0.561,0.73,1
CUST_04913,19,Female,Morogoro,Muslim,Nyamwezi,Primary,"1,000,001-2,000,000",M-Pesa,1,0.02,0.41,0.34,0.7,Nokia,Finland,Mid-Range,Used,248888,5.9,Physical Store,Mobile Money,0,1,0.745,0.201,0.9,0.679,0.6,1.0,0.608,0.7,0
CUST_04373,33,Female,Dar es Salaam,Muslim,Others,Primary,"200,000-500,000",Halopesa,4,0.35,0.72,0.42,0.3,Tecno,China,Mid-Range,New,384029,6.9,Physical Store,Card,0,1,0.309,0.29,0.9,0.813,1.0,1.0,0.477,0.74,1
CUST_00745,47,Female,Arusha,Muslim,Others,Diploma,"200,000-500,000",Airtel Money,2,0.34,0.92,0.34,0.5,Samsung,South Korea,Premium,New,784994,9.2,Physical Store,Cash,1,2,0.398,0.313,0.9,0.784,1.0,1.0,0.595,0.8,1
CUST_00535,44,Male,Dar es Salaam,Christian,Others,Secondary,"500,001-1,000,000",M-Pesa,4,0.32,0.68,0.53,0.7,Huawei,China,Premium,New,1760334,9.5,Physical Store,Mobile Money,0,2,0.002,0.503,1.0,0.814,1.0,1.0,0.523,0.62,1
CUST_00369,21,Female,Dodoma,Christian,Others,Primary,"200,000-500,000",Tigo Pesa,1,0.33,0.93,0.78,0.0,Samsung,South Korea,Premium,Used,1107524,9.0,Online,Mobile Money,0,2,0.142,0.702,1.0,1.091,0.6,1.0,0.765,0.72,1
CUST_04967,15,Female,Mwanza,Christian,Others,Primary,"500,001-1,000,000",Airtel Money,5,0.43,0.7,0.55,0.3,Tecno,China,Mid-Range,New,477372,7.4,Physical Store,Cash,0,12,0.165,0.407,1.0,0.787,1.0,1.0,0.597,0.75,1
CUST_04154,20,Female,Arusha,Christian,Others,Primary,"500,001-1,000,000",M-Pesa,5,0.44,0.73,0.52,0.3,Samsung,South Korea,Premium,New,723300,9.0,Physical Store,Cash,0,12,0.56,0.468,1.0,1.101,1.0,1.0,0.674,0.8,1
CUST_00086,38,Male,Dar es Salaam,Christian,Others,Secondary,">2,000,000",M-Pesa,4,0.45,0.44,0.87,0.5,Vivo,China,Mid-Range,Used,337765,6.5,Mobile,Cash,0,2,0.628,0.566,1.0,0.854,0.6,1.0,1.006,0.72,1
CUST_01352,29,Female,Mbeya,Muslim,Sukuma,Primary,"500,001-1,000,000",Airtel Money,3,0.43,0.42,0.41,0.5,Nokia,Finland,Mid-Range,New,303590,6.1,Physical Store,Mobile Money,0,2,0.681,0.25,0.9,0.562,1.0,1.0,0.607,0.71,1
CUST_04698,29,Female,Mbeya,Christian,Gogo,No formal,"200,000-500,000",M-Pesa,5,0.16,0.88,0.71,0.3,Tecno,China,Mid-Range,New,540159,6.4,Physical Store,Cash,0,2,0.0,0.454,1.0,0.791,1.0,1.0,0.561,0.68,0
CUST_01097,39,Male,Mbeya,Christian,Sukuma,Bachelor,"1,000,001-2,000,000",Airtel Money,3,0.05,0.13,0.5,0.3,Oppo,China,Mid-Range,New,460623,7.9,Physical Store,Mobile Money,0,1,0.85,0.395,1.0,0.889,1.0,1.0,0.721,0.78,0
CUST_01896,27,Male,Dar es Salaam,Christian,Others,Secondary,"1,000,001-2,000,000",Airtel Money,3,0.36,0.43,0.61,0.3,Huawei,China,Premium,New,2296011,8.5,Physical Store,Mobile Money,1,2,0.177,0.518,1.0,0.834,1.0,1.0,0.393,0.45,1
CUST_02869,19,Female,Mwanza,Muslim,Others,Secondary,"500,001-1,000,000",M-Pesa,3,0.1,0.48,0.34,0.3,Itel,China,Budget,New,104295,5.7,Physical Store,Mobile Money,1,2,0.666,0.194,0.9,0.681,1.0,1.0,0.618,0.72,1
CUST_01804,33,Female,Dar es Salaam,Christian,Others,Diploma,"<200,000",M-Pesa,4,0.31,0.91,0.34,0.0,Tecno,China,Mid-Range,New,355360,6.7,Physical Store,Cash,0,2,0.192,0.228,1.0,0.849,1.0,1.0,0.379,0.73,1
CUST_02806,21,Male,Tanga,Muslim,Gogo,Diploma,"1,000,001-2,000,000",Tigo Pesa,1,0.6,0.16,0.71,0.3,Apple,USA,Premium,Used,1141369,8.4,Physical Store,Mobile Money,1,2,0.848,0.596,0.9,1.162,0.6,1.0,0.874,0.68,1
CUST_02329,25,Male,Mbeya,Muslim,Sukuma,Primary,"<200,000",Tigo Pesa,3,0.27,0.78,0.64,0.3,Tecno,China,Mid-Range,New,391609,7.6,Mobile,Cash,0,2,0.236,0.486,0.9,0.81,1.0,1.0,0.799,0.78,1
CUST_02722,18,Female,Mwanza,Christian,Others,Primary,"<200,000",Tigo Pesa,4,0.11,0.74,0.31,0.5,Itel,China,Budget,Used,149596,5.2,Physical Store,Mobile Money,0,2,0.262,0.161,1.0,0.886,0.6,1.0,0.491,0.68,1
CUST_04465,22,Male,Morogoro,Muslim,Sukuma,No formal,"200,000-500,000",M-Pesa,5,0.3,0.84,0.59,0.5,Tecno,China,Mid-Range,New,314267,8.0,Online,Cash,0,2,0.34,0.472,0.9,0.853,1.0,1.0,0.695,0.82,1
CUST_04463,30,Male,Dodoma,Christian,Others,Secondary,"500,001-1,000,000",M-Pesa,4,0.48,0.67,0.44,0.0,Huawei,China,Premium,New,1184205,8.2,Mobile,Cash,0,2,0.339,0.361,1.0,0.896,1.0,1.0,0.647,0.66,1
CUST_00494,32,Male,Mbeya,Muslim,Sukuma,Secondary,"<200,000",M-Pesa,2,0.46,0.84,0.46,0.0,Infinix,China,Mid-Range,New,364190,7.2,Physical Store,Cash,0,2,0.235,0.331,0.9,0.872,1.0,1.0,0.575,0.76,0
CUST_03262,24,Female,Zanzibar,Christian,Others,Diploma,"500,001-1,000,000",Tigo Pesa,4,0.5,0.52,0.83,0.5,Huawei,China,Premium,New,2420730,9.8,Physical Store,Cash,0,2,0.0,0.813,1.0,0.966,1.0,1.0,0.624,0.5,1
CUST_03953,26,Male,Zanzibar,Christian,Others,Primary,"1,000,001-2,000,000",Airtel Money,4,0.35,0.5,0.56,0.3,Infinix,China,Mid-Range,New,253095,7.2,Physical Store,Cash,1,1,0.684,0.403,1.0,0.52,1.0,1.0,0.699,0.78,0
CUST_02143,53,Male,Arusha,Christian,Nyamwezi,Primary,"500,001-1,000,000",Tigo Pesa,2,0.25,0.57,0.59,0.5,Infinix,China,Mid-Range,Used,184310,6.3,Online,Cash,0,1,0.737,0.372,1.0,0.953,0.6,1.0,0.483,0.74,1
CUST_01090,20,Female,Mwanza,Muslim,Others,Primary,"200,000-500,000",M-Pesa,4,0.25,0.94,0.64,1.0,Vivo,China,Mid-Range,Used,472172,6.5,Physical Store,Mobile Money,0,1,0.0,0.416,0.9,0.846,0.6,0.8,0.295,0.7,1
CUST_01088,18,Female,Arusha,Muslim,Others,Primary,"<200,000",M-Pesa,4,0.35,0.98,0.49,0.3,Vivo,China,Mid-Range,Used,226275,5.7,Physical Store,Cash,1,1,0.446,0.279,0.9,0.518,0.6,1.0,0.586,0.7,1
CUST_01347,19,Female,Tanga,Muslim,Sukuma,Secondary,"200,000-500,000",Tigo Pesa,5,0.32,0.97,0.81,0.5,Samsung,South Korea,Premium,New,1927708,8.3,Physical Store,Cash,0,2,0.0,0.672,0.9,1.111,1.0,1.0,0.62,0.51,1
CUST_01944,15,Female,Morogoro,Muslim,Others,Secondary,"500,001-1,000,000",M-Pesa,3,0.05,0.48,0.5,0.5,Infinix,China,Mid-Range,New,516595,6.8,Online,Cash,0,12,0.38,0.34,0.9,0.895,1.0,1.0,0.671,0.7,0
CUST_04801,25,Female,Dar es Salaam,Muslim,Sukuma,Primary,"200,000-500,000",M-Pesa,5,0.28,0.86,0.45,0.7,Infinix,China,Mid-Range,New,557206,7.8,Physical Store,Card,0,2,0.0,0.351,0.9,0.908,1.0,1.0,0.428,0.76,1
CUST_00928,19,Male,Mwanza,Christian,Others,Secondary,"<200,000",Airtel Money,4,0.42,0.77,0.86,0.7,Tecno,China,Mid-Range,New,534193,7.9,Physical Store,Cash,0,12,0.0,0.679,1.0,0.631,1.0,1.0,0.73,0.77,1
CUST_04484,33,Male,Arusha,Muslim,Sukuma,Diploma,"200,000-500,000",Airtel Money,3,0.34,0.75,0.84,0.7,Samsung,South Korea,Premium,New,1858132,9.4,Online,Cash,0,2,0.0,0.79,0.9,0.925,1.0,1.0,0.599,0.59,1
CUST_02560,26,Female,Tanga,Christian,Gogo,Primary,"1,000,001-2,000,000",Tigo Pesa,4,0.11,0.45,0.71,0.3,Tecno,China,Mid-Range,New,587249,7.7,Mobile,Mobile Money,0,2,0.339,0.547,1.0,0.551,1.0,1.0,0.572,0.74,1
CUST_04239,30,Female,Arusha,Christian,Others,Secondary,"500,001-1,000,000",Halopesa,4,0.21,0.75,0.77,0.5,Tecno,China,Mid-Range,New,557968,7.2,Physical Store,Cash,0,2,0.0,0.554,1.0,0.739,1.0,1.0,0.459,0.72,1
CUST_04702,35,Male,Arusha,Christian,Nyamwezi,No formal,"500,001-1,000,000",M-Pesa,2,0.29,0.59,0.78,1.0,Itel,China,Budget,Used,111853,4.6,Physical Store,Card,0,10,0.56,0.359,1.0,0.572,0.6,0.8,0.733,0.65,1
CUST_01040,15,Female,Dodoma,Muslim,Others,Secondary,"200,000-500,000",M-Pesa,3,0.3,0.75,0.71,1.0,Vivo,China,Mid-Range,New,468920,6.6,Physical Store,Mobile Money,1,2,0.121,0.469,0.9,0.995,1.0,0.8,0.602,0.7,1
CUST_04478,15,Female,Zanzibar,Christian,Others,Diploma,"500,001-1,000,000",Airtel Money,4,0.25,0.73,0.86,0.0,Samsung,South Korea,Premium,New,1288405,9.8,Online,Cash,0,2,0.216,0.843,1.0,0.912,1.0,1.0,0.844,0.73,1
CUST_01934,36,Female,Dar es Salaam,Christian,Makonde,Primary,"200,000-500,000",M-Pesa,1,0.17,0.97,0.58,0.0,Itel,China,Budget,New,186901,6.4,Physical Store,Cash,1,2,0.0,0.371,1.0,0.641,1.0,1.0,0.484,0.75,1
CUST_04175,25,Female,Arusha,Christian,Others,Primary,"200,000-500,000",Tigo Pesa,5,0.47,0.88,0.71,0.7,Oppo,China,Mid-Range,New,341274,6.9,Physical Store,Cash,1,2,0.249,0.49,1.0,0.529,1.0,1.0,0.574,0.75,1
CUST_03657,22,Female,Mwanza,Christian,Haya,No formal,"<200,000",None,3,0.53,0.82,0.65,1.0,Huawei,China,Premium,New,2283985,9.9,Online,Mobile Money,1,1,0.0,0.644,1.0,0.895,1.0,0.8,0.601,0.54,1
CUST_01235,38,Female,Morogoro,Christian,Others,Primary,"200,000-500,000",Tigo Pesa,5,0.12,0.72,0.66,0.0,Tecno,China,Mid-Range,New,292744,6.3,Physical Store,Cash,1,12,0.473,0.416,1.0,0.904,1.0,1.0,0.722,0.72,0
CUST_02838,23,Female,Mwanza,Muslim,Others,Diploma,"500,001-1,000,000",M-Pesa,3,0.42,0.76,0.71,0.3,Tecno,China,Mid-Range,New,459095,7.5,Online,Mobile Money,0,2,0.128,0.532,0.9,0.561,1.0,1.0,0.629,0.76,0
CUST_01103,36,Male,Tanga,Christian,Others,Secondary,"200,000-500,000",Airtel Money,4,0.29,0.88,0.67,0.3,Apple,USA,Premium,New,844838,9.6,Physical Store,Cash,1,2,0.38,0.643,1.0,0.842,1.0,1.0,0.81,0.81,1
CUST_04923,31,Male,Mbeya,Christian,Gogo,Secondary,"200,000-500,000",Tigo Pesa,5,0.23,0.84,0.8,0.5,Samsung,South Korea,Premium,New,1828247,9.8,Physical Store,Cash,1,12,0.0,0.784,1.0,0.913,1.0,1.0,0.684,0.62,1
CUST_03468,22,Female,Mbeya,Christian,Nyamwezi,Primary,"200,000-500,000",M-Pesa,3,0.42,0.95,0.6,0.5,Xiaomi,China,Mid-Range,New,317378,7.2,Physical Store,Cash,1,2,0.246,0.432,1.0,0.665,1.0,1.0,0.787,0.77,1
CUST_03937,39,Female,Mwanza,Christian,Sukuma,No formal,"500,001-1,000,000",Tigo Pesa,3,0.13,0.77,0.47,0.5,Huawei,China,Premium,New,1946497,9.2,Physical Store,Mobile Money,0,1,0.0,0.432,1.0,0.523,1.0,1.0,0.519,0.56,0
CUST_00557,29,Male,Tanga,Muslim,Others,Primary,"1,000,001-2,000,000",M-Pesa,1,0.3,0.37,0.61,0.7,Nokia,Finland,Mid-Range,New,400089,6.2,Physical Store,Cash,0,12,0.63,0.378,0.9,0.556,1.0,1.0,0.573,0.69,1
CUST_02147,26,Male,Arusha,Christian,Others,Primary,"1,000,001-2,000,000",M-Pesa,5,0.17,0.43,0.83,0.5,Nokia,Finland,Mid-Range,New,353210,8.0,Physical Store,Cash,0,2,0.62,0.664,1.0,0.983,1.0,1.0,0.762,0.81,1
CUST_02939,19,Male,Dodoma,Christian,Others,Secondary,"200,000-500,000",Tigo Pesa,3,0.14,0.83,0.75,0.3,Nokia,Finland,Mid-Range,New,351825,7.4,Physical Store,Card,1,1,0.27,0.555,1.0,0.754,1.0,1.0,0.596,0.77,1
CUST_01183,26,Male,Arusha,Christian,Others,Diploma,"<200,000",Halopesa,3,0.21,0.96,0.33,0.3,Apple,USA,Premium,New,1154575,8.5,Physical Store,Cash,0,2,0.076,0.28,1.0,1.037,1.0,1.0,0.725,0.68,1
CUST_00744,29,Male,Dodoma,Christian,Sukuma,Primary,"1,000,001-2,000,000",M-Pesa,2,0.39,0.44,0.59,0.0,Itel,China,Budget,New,225844,5.0,Online,Mobile Money,0,2,0.338,0.295,1.0,0.718,1.0,1.0,0.555,0.65,1
CUST_03045,29,Female,Tanga,Christian,Others,Primary,"500,001-1,000,000",M-Pesa,5,0.37,0.46,0.81,0.7,Xiaomi,China,Mid-Range,New,375128,7.9,Physical Store,Mobile Money,1,2,0.569,0.64,1.0,0.916,1.0,1.0,0.752,0.8,0
CUST_03247,17,Female,Mbeya,Christian,Others,Primary,"200,000-500,000",M-Pesa,4,0.44,0.97,0.4,0.5,Tecno,China,Mid-Range,Used,258275,6.6,Physical Store,Mobile Money,0,12,0.374,0.264,1.0,0.738,0.6,1.0,0.524,0.74,1
CUST_04813,18,Female,Mwanza,Muslim,Sukuma,Primary,"1,000,001-2,000,000",Tigo Pesa,4,0.45,0.36,0.77,0.7,Infinix,China,Mid-Range,New,472636,7.7,Physical Store,Mobile Money,0,1,0.575,0.593,0.9,0.728,1.0,1.0,0.74,0.77,0
CUST_03584,32,Female,Mbeya,Christian,Sukuma,Diploma,"200,000-500,000",Tigo Pesa,2,0.09,0.91,0.39,0.5,Nokia,Finland,Mid-Range,New,588291,7.1,Physical Store,Cash,0,1,0.0,0.277,1.0,0.767,1.0,1.0,0.552,0.71,1
CUST_00861,15,Female,Morogoro,Christian,Makonde,Primary,"500,001-1,000,000",M-Pesa,5,0.18,0.51,0.55,0.3,Infinix,China,Mid-Range,New,408912,6.1,Physical Store,Card,1,1,0.479,0.336,1.0,0.799,1.0,1.0,0.695,0.68,1
CUST_01096,44,Female,Mwanza,Muslim,Sukuma,Secondary,"200,000-500,000",Halopesa,5,0.41,0.82,0.68,0.5,Huawei,China,Premium,New,993946,8.9,Online,Mobile Money,0,1,0.321,0.605,0.9,0.662,1.0,1.0,0.811,0.74,1
CUST_02146,15,Male,Dodoma,Muslim,Others,Primary,"200,000-500,000",Tigo Pesa,4,0.28,0.99,0.44,0.7,Apple,USA,Premium,New,1653943,8.5,Physical Store,Cash,0,2,0.0,0.374,0.9,0.706,1.0,1.0,0.472,0.58,1
CUST_03391,20,Female,Morogoro,Muslim,Others,Diploma,"500,001-1,000,000",Tigo Pesa,1,0.13,0.79,0.55,0.0,Huawei,China,Premium,New,1891457,8.9,Physical Store,Cash,0,2,0.0,0.49,0.9,0.824,1.0,1.0,0.371,0.56,0
CUST_02655,30,Male,Dar es Salaam,Christian,Others,Primary,"200,000-500,000",Tigo Pesa,3,0.05,0.89,0.36,0.5,Apple,USA,Premium,New,1721838,9.4,Physical Store,Cash,0,2,0.0,0.338,1.0,0.799,1.0,1.0,0.492,0.62,1
CUST_01985,22,Male,Morogoro,Christian,Sukuma,Primary,"1,000,001-2,000,000",Airtel Money,1,0.42,0.44,0.49,0.3,Nokia,Finland,Mid-Range,New,327832,6.1,Physical Store,Mobile Money,1,1,0.639,0.299,1.0,0.772,1.0,1.0,0.471,0.7,1
CUST_04508,35,Female,Dar es Salaam,Muslim,Others,Primary,"<200,000",Tigo Pesa,1,0.25,0.87,0.66,0.5,Huawei,China,Premium,New,1593851,8.2,Physical Store,Mobile Money,0,1,0.0,0.541,0.9,0.608,1.0,1.0,0.494,0.57,0
CUST_00207,33,Female,Mwanza,Muslim,Others,Diploma,"500,001-1,000,000",None,3,0.6,0.51,0.85,0.5,Xiaomi,China,Mid-Range,New,333900,6.7,Physical Store,Mobile Money,1,1,0.574,0.57,0.9,0.926,1.0,1.0,0.726,0.74,1
CUST_02721,38,Female,Mbeya,Christian,Haya,Secondary,"200,000-500,000",Tigo Pesa,2,0.53,0.82,0.76,0.7,Infinix,China,Mid-Range,New,473720,6.6,Physical Store,Cash,0,2,0.029,0.502,1.0,0.98,1.0,1.0,0.678,0.7,1
CUST_02092,15,Male,Mbeya,Christian,Chagga,Secondary,"<200,000",M-Pesa,3,0.4,0.9,0.42,0.0,Nokia,Finland,Mid-Range,New,495872,6.2,Physical Store,Cash,0,2,0.0,0.26,1.0,0.747,1.0,1.0,0.5,0.67,1
CUST_02654,44,Male,Mbeya,Christian,Others,Secondary,"200,000-500,000",Airtel Money,4,0.49,0.98,0.4,0.3,Tecno,China,Mid-Range,New,261445,7.1,Physical Store,Card,0,1,0.359,0.284,1.0,0.753,1.0,1.0,0.639,0.77,1
CUST_03512,46,Female,Mbeya,Muslim,Sukuma,Secondary,"200,000-500,000",Airtel Money,5,0.31,0.9,0.55,0.3,Nokia,Finland,Mid-Range,Used,469190,6.3,Mobile,Cash,0,2,0.0,0.347,0.9,0.667,0.6,1.0,0.355,0.68,1
CUST_04207,28,Female,Mwanza,Christian,Sukuma,Primary,"500,001-1,000,000",Tigo Pesa,2,0.3,0.7,0.63,0.0,Tecno,China,Mid-Range,New,383404,7.6,Online,Cash,0,1,0.329,0.479,1.0,0.969,1.0,1.0,0.471,0.78,1
CUST_01106,40,Female,Zanzibar,Muslim,Others,Bachelor,"<200,000",Halopesa,3,0.12,1.0,0.89,1.0,Infinix,China,Mid-Range,New,261598,6.6,Physical Store,Cash,1,9,0.346,0.587,0.9,0.824,1.0,0.8,0.585,0.74,1
CUST_04974,15,Female,Dodoma,Muslim,Haya,No formal,"200,000-500,000",Halopesa,4,0.12,0.76,0.5,0.3,Nokia,Finland,Mid-Range,New,382927,6.0,Online,Cash,0,11,0.272,0.3,0.9,0.586,1.0,1.0,0.405,0.68,0
CUST_03223,53,Male,Mbeya,Muslim,Gogo,Diploma,"<200,000",Airtel Money,4,0.43,0.78,0.64,0.0,Huawei,China,Premium,New,1884352,9.7,Mobile,Card,0,2,0.0,0.621,0.9,0.804,1.0,1.0,0.401,0.61,1
CUST_02619,43,Male,Tanga,Christian,Sukuma,Diploma,"<200,000",M-Pesa,1,0.13,0.76,0.5,0.0,Oppo,China,Mid-Range,Used,339549,5.1,Physical Store,Mobile Money,0,2,0.355,0.255,1.0,0.966,0.6,1.0,0.718,0.64,1
CUST_02671,28,Male,Morogoro,Christian,Others,Secondary,"<200,000",Tigo Pesa,2,0.22,0.94,0.43,0.3,Infinix,China,Mid-Range,New,327180,7.4,Physical Store,Card,0,11,0.231,0.318,1.0,0.845,1.0,1.0,0.565,0.78,1
CUST_04524,17,Female,Mwanza,Christian,Others,No formal,"200,000-500,000",M-Pesa,2,0.13,0.89,0.84,0.5,Xiaomi,China,Mid-Range,New,516107,7.7,Physical Store,Mobile Money,0,1,0.0,0.647,1.0,0.618,1.0,1.0,0.534,0.76,0
CUST_03114,16,Female,Mwanza,Muslim,Others,Diploma,"<200,000",Halopesa,3,0.12,0.84,0.54,0.3,Tecno,China,Mid-Range,New,576223,6.6,Online,Cash,0,2,0.0,0.356,0.9,0.54,1.0,1.0,0.266,0.68,1
CUST_00549,27,Female,Dar es Salaam,Christian,Others,Primary,"1,000,001-2,000,000",Halopesa,3,0.17,0.15,0.86,0.3,Samsung,South Korea,Premium,New,2486807,8.5,Physical Store,Cash,0,2,0.689,0.731,1.0,0.746,1.0,1.0,0.809,0.41,1
CUST_04278,26,Female,Dodoma,Muslim,Sukuma,Secondary,"1,000,001-2,000,000",M-Pesa,4,0.36,0.26,0.58,0.3,Huawei,China,Premium,New,2318798,8.9,Physical Store,Mobile Money,0,1,0.498,0.516,0.9,0.566,1.0,1.0,0.679,0.47,1
CUST_04187,34,Female,Zanzibar,Christian,Others,No formal,"200,000-500,000",M-Pesa,2,0.43,0.76,0.45,0.3,Nokia,Finland,Mid-Range,New,393543,7.5,Physical Store,Card,0,2,0.252,0.338,1.0,0.56,1.0,1.0,0.667,0.77,1
CUST_01047,32,Female,Dar es Salaam,Muslim,Others,Secondary,"<200,000",Tigo Pesa,3,0.29,0.91,0.37,0.5,Huawei,China,Premium,New,2143569,9.3,Physical Store,Cash,0,2,0.0,0.344,0.9,0.604,1.0,1.0,0.471,0.53,1
CUST_02444,15,Male,Mwanza,Other,Haya,Diploma,"200,000-500,000",Airtel Money,3,0.03,0.86,0.5,1.0,Samsung,South Korea,Premium,New,1734158,8.1,Online,Mobile Money,0,1,0.0,0.405,1.0,1.161,1.0,0.8,0.522,0.54,1
CUST_02267,42,Female,Dar es Salaam,Christian,Haya,Bachelor,"<200,000",Tigo Pesa,3,0.08,0.96,0.64,0.5,Tecno,China,Mid-Range,New,466916,7.0,Online,Mobile Money,0,2,0.0,0.448,1.0,0.872,1.0,1.0,0.588,0.73,1
CUST_01295,52,Female,Dar es Salaam,Christian,Nyamwezi,Secondary,"200,000-500,000",M-Pesa,3,0.36,0.74,0.62,0.5,Tecno,China,Mid-Range,New,427163,6.1,Physical Store,Cash,1,12,0.21,0.378,1.0,0.733,1.0,1.0,0.444,0.68,1
CUST_01506,42,Male,Dar es Salaam,Christian,Others,Primary,"1,000,001-2,000,000",Tigo Pesa,5,0.07,0.26,0.32,0.3,Itel,China,Budget,New,159218,6.1,Mobile,Mobile Money,0,2,0.724,0.195,1.0,0.77,1.0,1.0,0.482,0.73,1
CUST_02438,50,Female,Dodoma,Muslim,Others,Diploma,"500,001-1,000,000",M-Pesa,2,0.02,0.47,0.84,0.0,Samsung,South Korea,Premium,New,2147544,8.8,Physical Store,Cash,0,2,0.159,0.739,0.9,1.103,1.0,1.0,0.594,0.5,1
CUST_04819,31,Male,Dar es Salaam,Christian,Others,Secondary,"500,001-1,000,000",Tigo Pesa,2,0.18,0.63,0.74,0.3,Infinix,China,Mid-Range,New,309490,7.1,Physical Store,Mobile Money,0,2,0.513,0.525,1.0,0.967,1.0,1.0,0.545,0.76,1
CUST_02659,24,Male,Dar es Salaam,Muslim,Others,Secondary,">2,000,000",M-Pesa,4,0.2,0.19,0.88,0.3,Samsung,South Korea,Premium,New,1692856,8.5,Physical Store,Cash,1,2,0.732,0.748,0.9,0.818,1.0,1.0,0.906,0.57,1
CUST_00693,34,Male,Dar es Salaam,Christian,Sukuma,Bachelor,"<200,000",M-Pesa,3,0.19,0.77,0.6,0.3,Tecno,China,Mid-Range,New,368992,6.7,Physical Store,Cash,0,2,0.29,0.402,1.0,0.64,1.0,1.0,0.579,0.73,1
CUST_00352,16,Male,Dar es Salaam,Other,Others,Secondary,"<200,000",None,2,0.07,0.9,0.67,0.7,Samsung,South Korea,Premium,New,1785861,10.0,Physical Store,Mobile Money,0,2,0.0,0.67,1.0,0.708,1.0,1.0,0.523,0.64,1
CUST_00980,18,Male,Morogoro,Muslim,Sukuma,Diploma,"500,001-1,000,000",Tigo Pesa,3,0.06,0.78,0.75,0.5,Tecno,China,Mid-Range,New,314345,6.8,Physical Store,Cash,0,12,0.387,0.51,0.9,0.932,1.0,1.0,0.582,0.75,1
CUST_01709,16,Female,Arusha,Muslim,Others,Secondary,"200,000-500,000",Halopesa,3,0.27,0.8,0.54,0.3,Xiaomi,China,Mid-Range,Used,323557,6.8,Physical Store,Mobile Money,0,2,0.353,0.367,0.9,0.731,0.6,1.0,0.714,0.74,1
CUST_01635,18,Male,Tanga,Other,Gogo,No formal,"<200,000",Airtel Money,5,0.38,0.87,0.73,0.7,Xiaomi,China,Mid-Range,Used,221578,5.2,Online,Mobile Money,0,1,0.518,0.38,1.0,0.941,0.6,1.0,0.706,0.67,1
CUST_04311,15,Female,Dodoma,Other,Others,Secondary,"200,000-500,000",Tigo Pesa,3,0.4,0.84,0.81,0.3,Infinix,China,Mid-Range,Used,462244,5.9,Physical Store,Mobile Money,0,1,0.029,0.478,1.0,0.848,0.6,1.0,0.427,0.66,1
CUST_02584,15,Male,Mwanza,Muslim,Nyamwezi,No formal,"200,000-500,000",M-Pesa,1,0.21,0.78,0.44,0.7,Huawei,China,Premium,New,1343373,8.6,Mobile,Cash,0,11,0.127,0.378,0.9,0.662,1.0,1.0,0.521,0.65,1
CUST_01189,23,Male,Dodoma,Christian,Others,No formal,"200,000-500,000",Tigo Pesa,4,0.3,0.87,0.55,0.5,Nokia,Finland,Mid-Range,Used,205322,6.0,Online,Mobile Money,1,2,0.553,0.33,1.0,0.853,0.6,1.0,0.605,0.72,0
CUST_02260,29,Female,Zanzibar,Muslim,Chagga,Secondary,"500,001-1,000,000",Halopesa,3,0.2,0.46,0.63,1.0,Nokia,Finland,Mid-Range,New,525885,6.4,Physical Store,Cash,1,2,0.395,0.403,0.9,0.957,1.0,0.8,0.452,0.68,1
CUST_02881,41,Female,Dar es Salaam,Muslim,Others,Bachelor,"<200,000",Tigo Pesa,5,0.09,0.9,0.77,0.3,Infinix,China,Mid-Range,New,590266,6.7,Physical Store,Mobile Money,0,1,0.0,0.516,0.9,0.747,1.0,1.0,0.544,0.68,1
CUST_02687,29,Male,Dodoma,Muslim,Haya,Secondary,"1,000,001-2,000,000",Tigo Pesa,2,0.09,0.38,0.71,1.0,Tecno,China,Mid-Range,New,531065,7.3,Mobile,Cash,0,2,0.495,0.518,0.9,0.986,1.0,0.8,0.556,0.73,1
CUST_00686,25,Male,Morogoro,Christian,Others,Secondary,"500,001-1,000,000",Airtel Money,4,0.41,0.74,0.55,0.3,Tecno,China,Mid-Range,New,318608,6.1,Physical Store,Mobile Money,0,2,0.411,0.336,1.0,0.524,1.0,1.0,0.391,0.7,1
CUST_04601,24,Female,Zanzibar,Christian,Nyamwezi,Diploma,"500,001-1,000,000",Tigo Pesa,4,0.5,0.51,0.38,0.0,Xiaomi,China,Mid-Range,Used,182617,6.1,Physical Store,Cash,1,2,0.767,0.232,1.0,0.935,0.6,1.0,0.827,0.73,1
CUST_01818,23,Male,Mwanza,Christian,Chagga,Secondary,"<200,000",Halopesa,1,0.07,0.74,0.41,0.3,Xiaomi,China,Mid-Range,New,392463,7.2,Physical Store,Mobile Money,0,1,0.274,0.295,1.0,0.626,1.0,1.0,0.577,0.75,1
CUST_01724,23,Male,Dar es Salaam,Christian,Others,Diploma,"1,000,001-2,000,000",Tigo Pesa,5,0.24,0.41,0.8,0.7,Huawei,China,Premium,New,1737794,8.4,Physical Store,Cash,0,1,0.406,0.672,1.0,0.715,1.0,1.0,0.614,0.56,1
CUST_03069,37,Female,Arusha,Muslim,Others,Primary,"500,001-1,000,000",None,4,0.51,0.69,0.76,0.5,Tecno,China,Mid-Range,New,465070,7.7,Online,Cash,0,2,0.198,0.585,0.9,0.865,1.0,1.0,0.602,0.77,1
CUST_03308,33,Male,Mbeya,Muslim,Others,Secondary,"<200,000",M-Pesa,2,0.42,0.74,0.41,0.7,Apple,USA,Premium,New,1113393,9.4,Physical Store,Cash,0,1,0.313,0.385,0.9,1.011,1.0,1.0,0.47,0.74,1
CUST_01946,29,Male,Mbeya,Muslim,Makonde,Secondary,"500,001-1,000,000",M-Pesa,3,0.21,0.68,0.31,0.5,Samsung,South Korea,Premium,New,2356029,9.6,Physical Store,Cash,1,2,0.0,0.298,0.9,0.783,1.0,1.0,0.486,0.5,1
CUST_04449,45,Female,Morogoro,Christian,Chagga,Diploma,"<200,000",M-Pesa,3,0.3,0.83,0.68,1.0,Nokia,Finland,Mid-Range,New,275829,7.8,Physical Store,Mobile Money,1,2,0.428,0.53,1.0,0.545,1.0,0.8,0.594,0.81,1
CUST_02264,22,Female,Dodoma,Christian,Others,No formal,"<200,000",Tigo Pesa,1,0.19,0.96,0.86,0.0,Nokia,Finland,Mid-Range,New,324655,7.1,Physical Store,Cash,0,2,0.221,0.611,1.0,0.996,1.0,1.0,0.364,0.76,1
CUST_04476,19,Female,Dar es Salaam,Muslim,Haya,Secondary,"<200,000",Halopesa,4,0.3,0.73,0.72,0.3,Samsung,South Korea,Premium,New,674868,8.2,Physical Store,Cash,0,2,0.589,0.59,0.9,1.156,1.0,1.0,0.62,0.76,1
CUST_01183,26,Male,Arusha,Christian,Others,Diploma,"<200,000",Halopesa,3,0.21,0.96,0.33,0.3,Tecno,China,Mid-Range,New,562848,7.7,Physical Store,Mobile Money,1,2,0.0,0.254,1.0,0.743,1.0,1.0,0.371,0.75,1
CUST_03918,15,Male,Dar es Salaam,Christian,Makonde,Primary,"200,000-500,000",None,3,0.29,0.81,0.76,0.5,Nokia,Finland,Mid-Range,Used,347257,6.9,Physical Store,Cash,0,2,0.297,0.524,1.0,0.903,0.6,1.0,0.536,0.74,1
CUST_04227,15,Female,Arusha,Muslim,Others,Diploma,"500,001-1,000,000",Tigo Pesa,2,0.07,0.67,0.54,0.0,Samsung,South Korea,Premium,New,2458861,9.6,Online,Mobile Money,0,2,0.0,0.518,0.9,0.719,1.0,1.0,0.43,0.48,1
CUST_00886,23,Female,Dar es Salaam,Muslim,Others,Secondary,"<200,000",M-Pesa,3,0.65,0.87,0.39,0.5,Apple,USA,Premium,New,2021520,9.2,Physical Store,Cash,0,2,0.0,0.359,0.9,0.703,1.0,1.0,0.72,0.55,1
CUST_04908,23,Male,Morogoro,Christian,Others,Primary,">2,000,000",Halopesa,1,0.18,0.19,0.6,0.5,Oppo,China,Mid-Range,New,313664,7.0,Mobile,Mobile Money,1,2,0.851,0.42,1.0,0.767,1.0,1.0,0.754,0.76,1
CUST_01223,21,Male,Tanga,Christian,Chagga,Secondary,"500,001-1,000,000",Tigo Pesa,3,0.47,0.59,0.45,0.0,Samsung,South Korea,Premium,New,1651018,9.6,Physical Store,Mobile Money,1,2,0.188,0.432,1.0,1.154,1.0,1.0,0.8,0.65,1
CUST_04180,15,Female,Dar es Salaam,Christian,Others,Secondary,"500,001-1,000,000",M-Pesa,4,0.11,0.76,0.75,0.3,Itel,China,Budget,New,248592,6.7,Physical Store,Mobile Money,1,2,0.0,0.503,1.0,0.844,1.0,1.0,0.497,0.75,1
CUST_00772,31,Male,Dar es Salaam,Muslim,Haya,Secondary,">2,000,000",None,2,0.46,0.17,0.88,0.5,Infinix,China,Mid-Range,New,353138,6.6,Physical Store,Cash,0,2,0.85,0.581,0.9,0.567,1.0,1.0,0.739,0.73,1
CUST_03818,17,Female,Arusha,Christian,Makonde,Secondary,"200,000-500,000",Tigo Pesa,5,0.3,0.91,0.57,0.0,Huawei,China,Premium,Used,897742,8.3,Physical Store,Mobile Money,1,2,0.319,0.473,1.0,0.615,0.6,1.0,0.399,0.72,1
CUST_02301,24,Female,Morogoro,Christian,Others,Primary,"200,000-500,000",Tigo Pesa,4,0.01,0.74,0.56,0.7,Apple,USA,Premium,New,1839700,8.3,Physical Store,Card,0,2,0.0,0.465,1.0,1.191,1.0,1.0,0.674,0.53,1
CUST_02442,29,Male,Dodoma,Christian,Gogo,Diploma,"200,000-500,000",Tigo Pesa,3,0.41,0.78,0.9,0.3,Xiaomi,China,Mid-Range,Used,448284,5.2,Physical Store,Cash,0,2,0.126,0.468,1.0,0.507,0.6,1.0,0.441,0.62,1
CUST_03264,16,Female,Dar es Salaam,Other,Haya,Bachelor,"500,001-1,000,000",M-Pesa,3,0.28,0.46,0.84,0.0,Apple,USA,Premium,Used,952688,8.0,Online,Cash,0,2,0.635,0.672,1.0,0.657,0.6,1.0,0.738,0.69,1
CUST_03418,24,Male,Dar es Salaam,Christian,Others,Bachelor,"200,000-500,000",Airtel Money,3,0.23,0.96,0.32,0.3,Oppo,China,Mid-Range,New,467666,6.7,Physical Store,Cash,0,1,0.0,0.214,1.0,0.586,1.0,1.0,0.343,0.71,1
CUST_04119,18,Female,Dodoma,Christian,Others,Diploma,"200,000-500,000",Halopesa,1,0.36,0.8,0.38,0.7,Nokia,Finland,Mid-Range,New,541806,6.3,Online,Mobile Money,0,2,0.0,0.239,1.0,0.788,1.0,1.0,0.511,0.67,1
CUST_02298,38,Female,Dodoma,Muslim,Sukuma,No formal,"<200,000",Tigo Pesa,3,0.12,0.83,0.8,0.3,Tecno,China,Mid-Range,New,293304,7.9,Physical Store,Cash,0,1,0.391,0.632,0.9,0.595,1.0,1.0,0.622,0.82,1
CUST_02761,39,Female,Morogoro,Christian,Makonde,Primary,"200,000-500,000",M-Pesa,2,0.28,0.77,0.77,0.3,Nokia,Finland,Mid-Range,New,334413,7.0,Physical Store,Cash,0,1,0.356,0.539,1.0,0.921,1.0,1.0,0.787,0.75,1
CUST_04538,29,Male,Arusha,Christian,Sukuma,Bachelor,"<200,000",M-Pesa,5,0.48,1.0,0.56,0.3,Samsung,South Korea,Premium,New,671639,8.2,Physical Store,Card,1,11,0.44,0.459,1.0,1.165,1.0,1.0,0.591,0.76,1
CUST_01904,17,Male,Mwanza,Christian,Others,No formal,"500,001-1,000,000",M-Pesa,1,0.1,0.44,0.64,0.0,Huawei,China,Premium,New,1372792,8.4,Online,Mobile Money,0,2,0.497,0.538,1.0,0.947,1.0,1.0,0.873,0.63,1
CUST_01756,46,Male,Mwanza,Muslim,Sukuma,Primary,"500,001-1,000,000",M-Pesa,5,0.39,0.61,0.88,0.3,Tecno,China,Mid-Range,New,270106,6.2,Physical Store,Mobile Money,1,2,0.588,0.546,0.9,0.508,1.0,1.0,0.823,0.72,1
CUST_01113,34,Female,Dodoma,Muslim,Others,Primary,"500,001-1,000,000",M-Pesa,4,0.4,0.44,0.75,0.7,Huawei,China,Premium,New,1510055,9.1,Physical Store,Cash,1,2,0.446,0.682,0.9,0.676,1.0,1.0,0.566,0.64,1
CUST_01198,37,Female,Mbeya,Other,Others,Primary,"<200,000",M-Pesa,5,0.28,0.98,0.77,0.5,Tecno,China,Mid-Range,New,525744,6.7,Physical Store,Cash,1,2,0.0,0.516,1.0,0.7,1.0,1.0,0.204,0.7,1
CUST_01639,22,Male,Dodoma,Christian,Sukuma,Secondary,"<200,000",M-Pesa,2,0.48,0.89,0.85,0.0,Apple,USA,Premium,New,1221207,9.3,Physical Store,Cash,0,1,0.094,0.79,1.0,0.831,1.0,1.0,0.549,0.71,1
CUST_02294,40,Male,Dodoma,Muslim,Others,Bachelor,"500,001-1,000,000",Airtel Money,3,0.02,0.71,0.39,0.5,Apple,USA,Premium,New,2448477,8.7,Physical Store,Mobile Money,0,2,0.0,0.339,0.9,0.988,1.0,1.0,0.423,0.43,1
CUST_02906,24,Male,Mwanza,Muslim,Others,Secondary,"<200,000",Airtel Money,4,0.23,0.71,0.42,0.5,Samsung,South Korea,Premium,New,2190260,8.5,Physical Store,Mobile Money,0,2,0.0,0.357,0.9,0.828,1.0,1.0,0.614,0.47,1
CUST_00049,29,Female,Tanga,Christian,Others,Secondary,"200,000-500,000",M-Pesa,1,0.5,0.82,0.62,0.7,Xiaomi,China,Mid-Range,New,530959,7.5,Physical Store,Cash,0,2,0.0,0.465,1.0,0.922,1.0,1.0,0.414,0.74,1
CUST_04750,33,Female,Dar es Salaam,Christian,Others,Primary,"200,000-500,000",M-Pesa,1,0.43,0.9,0.44,0.3,Nokia,Finland,Mid-Range,New,298159,6.6,Physical Store,Cash,0,2,0.329,0.29,1.0,0.565,1.0,1.0,0.62,0.74,1
CUST_02133,44,Male,Morogoro,Muslim,Others,Diploma,"200,000-500,000",Tigo Pesa,5,0.22,1.0,0.63,0.3,Xiaomi,China,Mid-Range,New,309434,7.5,Physical Store,Cash,1,12,0.226,0.473,0.9,0.541,1.0,1.0,0.528,0.79,0
CUST_01470,30,Male,Mwanza,Muslim,Others,Primary,"1,000,001-2,000,000",M-Pesa,3,0.39,0.34,0.46,0.3,Samsung,South Korea,Premium,New,1816248,8.8,Physical Store,Mobile Money,1,2,0.485,0.405,0.9,1.074,1.0,1.0,0.643,0.56,0
CUST_02158,33,Female,Dar es Salaam,Christian,Chagga,Primary,"200,000-500,000",M-Pesa,5,0.52,0.77,0.61,0.5,Oppo,China,Mid-Range,New,384201,7.3,Physical Store,Mobile Money,0,1,0.26,0.445,1.0,0.604,1.0,1.0,0.614,0.76,1
CUST_02364,17,Male,Arusha,Christian,Others,Primary,"500,001-1,000,000",Tigo Pesa,3,0.48,0.46,0.78,0.3,Apple,USA,Premium,New,2002156,8.2,Physical Store,Cash,0,12,0.233,0.64,1.0,1.149,1.0,1.0,0.74,0.49,1
CUST_03071,20,Female,Morogoro,Christian,Nyamwezi,Primary,"500,001-1,000,000",Tigo Pesa,2,0.27,0.45,0.48,0.5,Infinix,China,Mid-Range,New,305569,6.3,Mobile,Cash,1,2,0.656,0.302,1.0,0.71,1.0,1.0,0.714,0.72,1
CUST_00316,15,Male,Dodoma,Muslim,Gogo,Diploma,"1,000,001-2,000,000",M-Pesa,4,0.22,0.48,0.39,0.5,Apple,USA,Premium,New,2125365,9.2,Physical Store,Cash,1,2,0.15,0.359,0.9,0.67,1.0,1.0,0.461,0.53,0
CUST_02438,50,Female,Dodoma,Muslim,Others,Diploma,"500,001-1,000,000",M-Pesa,2,0.02,0.47,0.84,0.0,Samsung,South Korea,Premium,New,1838623,8.2,Online,Cash,1,2,0.28,0.689,0.9,1.102,1.0,1.0,0.72,0.52,1
CUST_04888,16,Male,Dodoma,Christian,Makonde,Master+,"200,000-500,000",M-Pesa,1,0.19,0.85,0.33,0.3,Samsung,South Korea,Premium,New,882021,8.8,Physical Store,Card,1,2,0.375,0.29,1.0,0.611,1.0,1.0,0.412,0.75,1
CUST_00398,39,Male,Dodoma,Christian,Sukuma,Diploma,"500,001-1,000,000",M-Pesa,3,0.53,0.52,0.72,0.0,Apple,USA,Premium,New,849515,8.5,Physical Store,Card,0,2,0.632,0.612,1.0,0.849,1.0,1.0,0.771,0.74,1
CUST_04681,34,Female,Arusha,Christian,Others,Diploma,"200,000-500,000",M-Pesa,3,0.17,0.94,0.6,0.3,Tecno,China,Mid-Range,New,583631,6.6,Online,Mobile Money,0,11,0.0,0.396,1.0,0.527,1.0,1.0,0.4,0.68,1
CUST_00908,19,Male,Zanzibar,Christian,Others,Primary,"500,001-1,000,000",M-Pesa,2,0.22,0.42,0.84,0.3,Nokia,Finland,Mid-Range,New,537489,6.4,Physical Store,Mobile Money,1,2,0.436,0.538,1.0,0.572,1.0,1.0,0.438,0.68,1
CUST_01665,15,Female,Mbeya,Christian,Sukuma,No formal,"500,001-1,000,000",Tigo Pesa,3,0.26,0.63,0.54,0.3,Nokia,Finland,Mid-Range,Used,163084,5.6,Physical Store,Cash,0,2,0.743,0.302,1.0,0.634,0.6,1.0,0.602,0.7,1
CUST_03271,28,Male,Mwanza,Christian,Sukuma,Secondary,"500,001-1,000,000",None,3,0.36,0.77,0.63,0.5,Infinix,China,Mid-Range,New,271136,7.4,Online,Cash,0,1,0.478,0.466,1.0,0.951,1.0,1.0,0.779,0.79,0
CUST_03140,42,Female,Dar es Salaam,Christian,Others,No formal,"200,000-500,000",Halopesa,3,0.07,0.92,0.77,0.0,Infinix,China,Mid-Range,Used,405510,5.2,Physical Store,Cash,0,1,0.067,0.4,1.0,0.741,0.6,1.0,0.536,0.63,0
CUST_01841,20,Male,Arusha,Christian,Others,Secondary,"<200,000",Tigo Pesa,3,0.21,1.0,0.36,0.7,Tecno,China,Mid-Range,New,282555,6.4,Physical Store,Cash,0,2,0.294,0.23,1.0,0.673,1.0,1.0,0.486,0.73,1
CUST_00446,20,Female,Mwanza,Christian,Gogo,Secondary,"500,001-1,000,000",M-Pesa,3,0.41,0.43,0.81,0.3,Tecno,China,Mid-Range,New,473225,6.8,Physical Store,Cash,1,11,0.491,0.551,1.0,0.988,1.0,1.0,0.793,0.71,1
CUST_01213,21,Female,Arusha,Muslim,Sukuma,Secondary,"500,001-1,000,000",M-Pesa,3,0.31,0.43,0.34,0.5,Tecno,China,Mid-Range,Used,190634,6.9,Physical Store,Cash,1,2,0.795,0.235,0.9,0.534,0.6,1.0,0.664,0.78,1
CUST_00507,29,Female,Zanzibar,Christian,Chagga,Bachelor,"200,000-500,000",Airtel Money,3,0.12,0.71,0.57,0.5,Itel,China,Budget,New,224793,5.1,Physical Store,Mobile Money,0,1,0.0,0.291,1.0,0.822,1.0,1.0,0.571,0.66,1
CUST_03771,41,Male,Mbeya,Muslim,Sukuma,Secondary,"200,000-500,000",None,3,0.36,0.97,0.87,0.0,Apple,USA,Premium,New,1730756,9.8,Physical Store,Mobile Money,0,2,0.0,0.853,0.9,1.046,1.0,1.0,0.698,0.64,1
CUST_01319,34,Female,Mbeya,Muslim,Others,Secondary,"200,000-500,000",None,4,0.73,0.84,0.79,0.7,Huawei,China,Premium,Used,348702,8.6,Physical Store,Mobile Money,0,2,0.756,0.679,0.9,0.91,0.6,1.0,0.815,0.85,1
CUST_01089,21,Female,Tanga,Muslim,Others,Bachelor,"<200,000",None,4,0.42,0.77,0.88,0.5,Infinix,China,Mid-Range,New,431711,6.3,Physical Store,Cash,0,2,0.169,0.554,0.9,0.583,1.0,1.0,0.61,0.69,1
CUST_04293,19,Male,Dar es Salaam,Christian,Sukuma,Primary,"500,001-1,000,000",Airtel Money,2,0.25,0.41,0.64,0.7,Huawei,China,Premium,New,1173156,8.1,Physical Store,Card,0,2,0.599,0.518,1.0,0.541,1.0,1.0,0.708,0.65,0
CUST_03061,27,Female,Dar es Salaam,Christian,Others,No formal,"500,001-1,000,000",M-Pesa,3,0.22,0.51,0.71,0.5,Itel,China,Budget,New,156946,5.3,Online,Cash,1,2,0.466,0.376,1.0,0.999,1.0,1.0,0.716,0.69,1
CUST_01125,41,Male,Dar es Salaam,Muslim,Others,Primary,"500,001-1,000,000",Airtel Money,5,0.34,0.41,0.84,0.5,Infinix,China,Mid-Range,New,315004,6.7,Physical Store,Cash,0,1,0.677,0.563,0.9,0.636,1.0,1.0,0.8,0.74,1
CUST_00681,17,Female,Zanzibar,Christian,Others,No formal,"<200,000",None,3,0.32,0.79,0.8,0.5,Tecno,China,Mid-Range,New,402006,7.5,Physical Store,Mobile Money,1,2,0.206,0.6,1.0,0.752,1.0,1.0,0.435,0.77,1
CUST_04821,38,Male,Tanga,Christian,Makonde,Primary,"1,000,001-2,000,000",M-Pesa,2,0.44,0.32,0.74,0.7,Itel,China,Budget,Used,45508,3.6,Online,Cash,1,2,0.903,0.266,1.0,0.796,0.6,1.0,0.778,0.61,0
CUST_03217,42,Male,Tanga,Muslim,Sukuma,Primary,"500,001-1,000,000",M-Pesa,4,0.06,0.43,0.4,0.0,Tecno,China,Mid-Range,New,592059,6.4,Physical Store,Mobile Money,1,2,0.364,0.256,0.9,0.627,1.0,1.0,0.432,0.67,1
CUST_03996,31,Female,Dodoma,Muslim,Others,Secondary,"<200,000",M-Pesa,2,0.04,1.0,0.31,0.0,Infinix,China,Mid-Range,New,468643,7.1,Physical Store,Cash,1,2,0.0,0.22,0.9,0.562,1.0,1.0,0.41,0.73,1
CUST_03822,19,Female,Arusha,Christian,Others,Primary,"200,000-500,000",M-Pesa,3,0.35,0.88,0.41,0.3,Nokia,Finland,Mid-Range,New,527434,6.5,Physical Store,Cash,0,2,0.0,0.266,1.0,0.578,1.0,1.0,0.374,0.68,1
CUST_03124,36,Female,Arusha,Christian,Others,Secondary,"200,000-500,000",Halopesa,3,0.11,0.92,0.57,0.3,Huawei,China,Premium,New,1314783,8.4,Mobile,Cash,0,1,0.0,0.479,1.0,0.802,1.0,1.0,0.367,0.64,1
CUST_04747,32,Female,Dar es Salaam,Christian,Others,Diploma,"200,000-500,000",Tigo Pesa,4,0.68,0.81,0.79,0.3,Xiaomi,China,Mid-Range,New,546916,7.2,Physical Store,Cash,0,2,0.0,0.569,1.0,0.569,1.0,1.0,0.409,0.72,1
CUST_00720,31,Male,Arusha,Christian,Sukuma,Primary,"500,001-1,000,000",Tigo Pesa,2,0.22,0.47,0.58,0.5,Huawei,China,Premium,Used,1112971,7.4,Physical Store,Mobile Money,1,2,0.564,0.429,1.0,0.914,0.6,1.0,0.768,0.62,1
CUST_04971,48,Male,Mwanza,Muslim,Others,Primary,"500,001-1,000,000",Tigo Pesa,5,0.64,0.64,0.45,0.3,Tecno,China,Mid-Range,New,430920,6.3,Online,Cash,0,12,0.311,0.284,0.9,0.593,1.0,1.0,0.593,0.69,1
CUST_04963,22,Female,Zanzibar,Muslim,Nyamwezi,Bachelor,"200,000-500,000",M-Pesa,5,0.44,0.88,0.8,0.5,Infinix,China,Mid-Range,New,532827,7.9,Physical Store,Mobile Money,0,1,0.0,0.632,0.9,0.698,1.0,1.0,0.669,0.77,1
CUST_02741,36,Male,Dodoma,Muslim,Others,Primary,"<200,000",M-Pesa,3,0.21,0.71,0.52,0.5,Huawei,China,Premium,New,2399801,9.8,Physical Store,Mobile Money,1,12,0.0,0.51,0.9,0.702,1.0,1.0,0.534,0.51,1
CUST_03514,24,Male,Dar es Salaam,Muslim,Nyamwezi,Primary,"200,000-500,000",Airtel Money,3,0.58,0.96,0.31,0.5,Nokia,Finland,Mid-Range,New,261347,6.6,Physical Store,Card,0,1,0.373,0.205,0.9,0.9,1.0,1.0,0.679,0.74,1
CUST_02489,18,Male,Dodoma,Christian,Others,Primary,"1,000,001-2,000,000",M-Pesa,4,0.19,0.26,0.79,0.3,Huawei,China,Premium,New,2107431,9.7,Physical Store,Cash,0,2,0.543,0.766,1.0,0.567,1.0,1.0,0.814,0.56,1
CUST_04953,39,Female,Dar es Salaam,Muslim,Others,Primary,"500,001-1,000,000",M-Pesa,3,0.17,0.62,0.51,0.5,Infinix,China,Mid-Range,New,573167,7.5,Physical Store,Cash,0,2,0.112,0.382,0.9,0.822,1.0,1.0,0.521,0.74,0
CUST_00726,26,Male,Morogoro,Christian,Nyamwezi,Bachelor,"500,001-1,000,000",Halopesa,3,0.26,0.71,0.77,0.5,Oppo,China,Mid-Range,Used,138051,5.6,Physical Store,Cash,0,1,0.755,0.431,1.0,0.811,0.6,1.0,0.734,0.71,1
CUST_02462,32,Male,Zanzibar,Christian,Chagga,Secondary,"500,001-1,000,000",M-Pesa,4,0.51,0.77,0.75,0.3,Apple,USA,Premium,New,961140,9.8,Physical Store,Cash,0,1,0.383,0.735,1.0,0.808,1.0,1.0,0.673,0.8,1
CUST_04576,28,Female,Dar es Salaam,Muslim,Gogo,Secondary,"<200,000",M-Pesa,2,0.37,0.96,0.63,0.3,Infinix,China,Mid-Range,New,572060,7.7,Mobile,Cash,0,2,0.0,0.485,0.9,0.611,1.0,1.0,0.461,0.75,1
CUST_04221,21,Male,Dar es Salaam,Muslim,Others,No formal,"500,001-1,000,000",Tigo Pesa,3,0.21,0.66,0.53,0.0,Nokia,Finland,Mid-Range,New,308504,6.7,Mobile,Cash,0,1,0.491,0.355,0.9,0.957,1.0,1.0,0.625,0.74,1
CUST_00535,44,Male,Dar es Salaam,Christian,Others,Secondary,"500,001-1,000,000",M-Pesa,4,0.32,0.68,0.53,0.7,Samsung,South Korea,Premium,New,685280,8.8,Physical Store,Cash,1,2,0.612,0.466,1.0,0.778,1.0,1.0,0.929,0.79,1
CUST_03569,32,Male,Tanga,Christian,Others,Bachelor,"<200,000",Tigo Pesa,2,0.03,0.81,0.6,0.3,Vivo,China,Mid-Range,New,266450,6.8,Mobile,Cash,0,2,0.46,0.408,1.0,0.961,1.0,1.0,0.603,0.75,1
CUST_04902,25,Female,Dar es Salaam,Christian,Others,Master+,"1,000,001-2,000,000",Airtel Money,3,0.35,0.48,0.66,0.5,Samsung,South Korea,Premium,New,1569323,9.5,Physical Store,Cash,1,2,0.372,0.627,1.0,0.978,1.0,1.0,0.642,0.66,0
CUST_02517,15,Female,Dar es Salaam,Christian,Gogo,No formal,"1,000,001-2,000,000",M-Pesa,4,0.25,0.48,0.56,0.5,Huawei,China,Premium,New,2099241,8.4,Mobile,Cash,0,2,0.16,0.47,1.0,0.94,1.0,1.0,0.475,0.48,0
CUST_00004,38,Female,Dodoma,Muslim,Others,Bachelor,"<200,000",M-Pesa,1,0.25,0.81,0.47,0.5,Itel,China,Budget,Used,182784,4.0,Physical Store,Mobile Money,0,2,0.013,0.188,0.9,0.533,0.6,1.0,0.536,0.6,1
CUST_03203,16,Female,Morogoro,Muslim,Sukuma,Bachelor,"200,000-500,000",Airtel Money,3,0.16,0.94,0.5,0.5,Vivo,China,Mid-Range,New,320308,7.8,Physical Store,Cash,1,2,0.247,0.39,0.9,0.551,1.0,1.0,0.546,0.8,0
CUST_04316,31,Male,Dar es Salaam,Christian,Nyamwezi,Secondary,"200,000-500,000",Airtel Money,5,0.18,0.74,0.39,0.3,Samsung,South Korea,Premium,New,1745519,8.6,Physical Store,Cash,0,11,0.0,0.335,1.0,0.825,1.0,1.0,0.524,0.57,1
CUST_04112,35,Male,Zanzibar,Muslim,Nyamwezi,Master+,"200,000-500,000",M-Pesa,4,0.31,0.71,0.51,0.5,Xiaomi,China,Mid-Range,New,336494,7.5,Online,Mobile Money,0,2,0.403,0.382,0.9,0.843,1.0,1.0,0.575,0.78,1
CUST_02615,19,Male,Tanga,Christian,Others,Primary,"200,000-500,000",Airtel Money,3,0.21,0.94,0.89,0.7,Huawei,China,Premium,New,1294334,9.3,Physical Store,Card,0,2,0.0,0.828,1.0,0.574,1.0,1.0,0.597,0.7,1
CUST_03468,22,Female,Mbeya,Christian,Nyamwezi,Primary,"200,000-500,000",M-Pesa,3,0.42,0.95,0.6,0.5,Apple,USA,Premium,New,1814871,9.1,Physical Store,Mobile Money,0,2,0.0,0.546,1.0,0.891,1.0,1.0,0.768,0.58,1
CUST_00059,15,Female,Dodoma,Christian,Sukuma,Secondary,"500,001-1,000,000",Tigo Pesa,2,0.29,0.64,0.52,0.0,Infinix,China,Mid-Range,New,447861,6.6,Mobile,Cash,0,11,0.283,0.343,1.0,0.816,1.0,1.0,0.487,0.71,1
CUST_01631,31,Female,Arusha,Christian,Others,Primary,"1,000,001-2,000,000",M-Pesa,5,0.2,0.39,0.59,0.5,Tecno,China,Mid-Range,New,336004,7.5,Physical Store,Card,0,2,0.672,0.442,1.0,0.579,1.0,1.0,0.709,0.78,1
CUST_03658,32,Female,Morogoro,Muslim,Sukuma,Diploma,"200,000-500,000",M-Pesa,4,0.37,0.93,0.8,1.0,Nokia,Finland,Mid-Range,New,342934,6.2,Physical Store,Mobile Money,0,1,0.203,0.496,0.9,0.502,1.0,0.8,0.429,0.7,1
CUST_00393,32,Male,Mwanza,Christian,Gogo,No formal,"200,000-500,000",Halopesa,3,0.58,0.86,0.37,0.0,Xiaomi,China,Mid-Range,New,510582,6.5,Physical Store,Card,0,11,0.0,0.24,1.0,0.941,1.0,1.0,0.396,0.69,1
CUST_03448,23,Male,Morogoro,Christian,Sukuma,No formal,"<200,000",Halopesa,4,0.26,0.72,0.74,0.3,Huawei,China,Premium,New,2414238,9.2,Online,Cash,0,1,0.0,0.681,1.0,0.612,1.0,1.0,0.575,0.47,1
CUST_00144,46,Male,Arusha,Christian,Others,Secondary,"<200,000",Tigo Pesa,5,0.3,0.93,0.58,0.3,Tecno,China,Mid-Range,New,511117,6.3,Online,Cash,0,2,0.0,0.365,1.0,0.531,1.0,1.0,0.385,0.68,1
CUST_01866,37,Female,Morogoro,Muslim,Makonde,Secondary,"500,001-1,000,000",M-Pesa,3,0.08,0.65,0.87,0.5,Huawei,China,Premium,New,714504,9.4,Physical Store,Mobile Money,0,2,0.613,0.818,0.9,0.61,1.0,1.0,0.664,0.82,1
CUST_00344,24,Male,Dar es Salaam,Christian,Others,Diploma,">2,000,000",M-Pesa,2,0.29,0.42,0.38,1.0,Tecno,China,Mid-Range,New,576493,8.0,Physical Store,Cash,1,2,0.395,0.304,1.0,0.554,1.0,0.8,0.574,0.76,1
CUST_03402,25,Male,Dar es Salaam,Christian,Sukuma,Master+,">2,000,000",Tigo Pesa,3,0.15,0.27,0.62,0.5,Samsung,South Korea,Premium,New,1703216,10.0,Physical Store,Mobile Money,0,2,0.617,0.62,1.0,0.709,1.0,1.0,0.759,0.66,1
CUST_03339,34,Female,Morogoro,Christian,Others,Bachelor,"<200,000",Halopesa,3,0.64,0.94,0.32,0.0,Samsung,South Korea,Premium,New,1489485,9.5,Physical Store,Mobile Money,1,2,0.0,0.304,1.0,1.147,1.0,1.0,0.459,0.67,0
CUST_00476,42,Female,Mwanza,Muslim,Others,Secondary,"<200,000",M-Pesa,3,0.31,0.97,0.36,0.5,Huawei,China,Premium,Used,353922,8.6,Mobile,Cash,0,1,0.714,0.31,0.9,0.63,0.6,1.0,0.571,0.85,0
CUST_01066,32,Male,Mwanza,Muslim,Makonde,Secondary,"200,000-500,000",Tigo Pesa,5,0.09,0.93,0.74,0.5,Apple,USA,Premium,New,2339807,9.5,Physical Store,Mobile Money,0,1,0.0,0.703,0.9,0.953,1.0,1.0,0.474,0.5,1
CUST_03743,33,Male,Dar es Salaam,Christian,Others,Primary,"500,001-1,000,000",M-Pesa,3,0.46,0.51,0.8,0.5,Tecno,China,Mid-Range,New,412308,7.9,Physical Store,Mobile Money,0,2,0.474,0.632,1.0,0.783,1.0,1.0,0.754,0.79,1
CUST_04473,16,Male,Dar es Salaam,Muslim,Haya,Bachelor,"<200,000",M-Pesa,3,0.25,0.77,0.83,0.3,Huawei,China,Premium,New,1616597,8.6,Online,Mobile Money,1,2,0.0,0.714,0.9,0.54,1.0,1.0,0.527,0.59,1
CUST_03661,26,Male,Dar es Salaam,Christian,Others,Bachelor,"200,000-500,000",M-Pesa,5,0.18,0.75,0.75,0.3,Huawei,China,Premium,New,1995964,8.4,Online,Mobile Money,1,1,0.0,0.63,1.0,0.536,1.0,1.0,0.432,0.5,0
CUST_02332,22,Male,Mbeya,Muslim,Others,Primary,"200,000-500,000",M-Pesa,5,0.37,0.85,0.66,0.5,Vivo,China,Mid-Range,New,577053,6.2,Physical Store,Cash,0,10,0.0,0.409,0.9,0.772,1.0,1.0,0.309,0.66,1
CUST_00214,38,Female,Dar es Salaam,Muslim,Nyamwezi,Secondary,"200,000-500,000",Tigo Pesa,2,0.02,0.87,0.41,0.3,Xiaomi,China,Mid-Range,New,507040,6.4,Online,Mobile Money,0,2,0.0,0.262,0.9,0.799,1.0,1.0,0.482,0.68,1
CUST_02419,29,Female,Mwanza,Christian,Others,Primary,"500,001-1,000,000",Airtel Money,1,0.2,0.64,0.39,0.3,Itel,China,Budget,New,155010,4.9,Physical Store,Cash,1,2,0.339,0.191,1.0,0.734,1.0,1.0,0.493,0.66,1
CUST_04241,48,Male,Dar es Salaam,Christian,Others,Primary,"<200,000",M-Pesa,4,0.17,0.98,0.62,0.3,Samsung,South Korea,Premium,New,2300598,9.4,Mobile,Cash,1,2,0.0,0.583,1.0,1.048,1.0,1.0,0.48,0.5,0
CUST_02036,45,Male,Mwanza,Muslim,Sukuma,Secondary,"200,000-500,000",Tigo Pesa,2,0.2,0.89,0.55,0.5,Infinix,China,Mid-Range,New,423867,6.4,Physical Store,Cash,0,2,0.057,0.352,0.9,0.854,1.0,1.0,0.538,0.7,1
CUST_02814,38,Male,Mbeya,Christian,Others,Primary,"500,001-1,000,000",Tigo Pesa,3,0.46,0.44,0.44,0.5,Nokia,Finland,Mid-Range,New,267054,6.2,Physical Store,Mobile Money,0,12,0.706,0.273,1.0,0.828,1.0,1.0,0.558,0.72,1
CUST_03947,18,Male,Zanzibar,Christian,Others,Bachelor,"200,000-500,000",Airtel Money,1,0.37,0.94,0.73,0.0,Apple,USA,Premium,New,1969234,8.9,Physical Store,Cash,1,2,0.0,0.65,1.0,0.699,1.0,1.0,0.621,0.54,1
CUST_04188,40,Male,Zanzibar,Muslim,Others,Primary,">2,000,000",Halopesa,2,0.21,0.37,0.61,0.7,Samsung,South Korea,Premium,New,1774693,8.8,Physical Store,Cash,0,2,0.453,0.537,0.9,0.913,1.0,1.0,0.694,0.57,1
CUST_04694,35,Male,Mbeya,Muslim,Others,Bachelor,"500,001-1,000,000",Tigo Pesa,2,0.45,0.42,0.56,0.0,Apple,USA,Premium,New,2094983,9.6,Mobile,Mobile Money,1,1,0.267,0.538,0.9,0.763,1.0,1.0,0.643,0.56,1
CUST_04066,30,Male,Dodoma,Christian,Sukuma,No formal,"1,000,001-2,000,000",Tigo Pesa,2,0.51,0.12,0.85,0.3,Infinix,China,Mid-Range,New,573863,7.7,Online,Card,0,1,0.828,0.654,1.0,0.621,1.0,1.0,0.769,0.75,1
CUST_04449,45,Female,Morogoro,Christian,Chagga,Diploma,"<200,000",M-Pesa,3,0.3,0.83,0.68,1.0,Huawei,China,Premium,New,2395998,9.3,Physical Store,Cash,1,11,0.0,0.632,1.0,0.809,1.0,0.8,0.599,0.48,1
CUST_03042,33,Male,Mwanza,Muslim,Gogo,No formal,"200,000-500,000",M-Pesa,1,0.12,0.84,0.72,0.0,Itel,China,Budget,New,112353,4.9,Physical Store,Cash,1,10,0.371,0.353,0.9,0.828,1.0,1.0,0.509,0.67,1
CUST_02875,60,Female,Dar es Salaam,Christian,Others,Primary,"500,001-1,000,000",Tigo Pesa,4,0.49,0.74,0.41,0.5,Huawei,China,Premium,New,1027921,8.9,Physical Store,Mobile Money,0,2,0.366,0.365,1.0,0.505,1.0,1.0,0.594,0.73,1
CUST_04143,32,Male,Dodoma,Christian,Others,Secondary,"<200,000",Airtel Money,2,0.47,0.76,0.54,0.5,Huawei,China,Premium,New,2293696,8.6,Physical Store,Cash,1,2,0.0,0.464,1.0,0.928,1.0,1.0,0.508,0.46,1
CUST_01719,29,Female,Dar es Salaam,Christian,Haya,Secondary,"500,001-1,000,000",M-Pesa,1,0.66,0.61,0.42,0.0,Apple,USA,Premium,New,609341,9.6,Physical Store,Cash,0,1,0.69,0.403,1.0,1.11,1.0,1.0,0.837,0.85,1
CUST_03701,18,Female,Mwanza,Muslim,Gogo,Secondary,"<200,000",Airtel Money,1,0.24,0.88,0.88,0.7,Vivo,China,Mid-Range,New,403691,6.7,Online,Cash,1,1,0.112,0.59,0.9,0.523,1.0,1.0,0.627,0.72,1
CUST_00672,19,Female,Dar es Salaam,Christian,Sukuma,No formal,"500,001-1,000,000",M-Pesa,2,0.33,0.54,0.87,0.5,Tecno,China,Mid-Range,New,592181,6.4,Physical Store,Cash,0,12,0.201,0.557,1.0,0.824,1.0,1.0,0.738,0.67,1
CUST_00506,15,Male,Mwanza,Muslim,Nyamwezi,Primary,"200,000-500,000",M-Pesa,5,0.23,0.76,0.69,0.5,Huawei,China,Premium,New,1556484,9.1,Physical Store,Cash,0,1,0.014,0.628,0.9,0.653,1.0,1.0,0.67,0.63,1
CUST_02260,29,Female,Zanzibar,Muslim,Chagga,Secondary,"500,001-1,000,000",Halopesa,3,0.2,0.46,0.63,1.0,Samsung,South Korea,Premium,New,1804844,9.8,Mobile,Mobile Money,0,1,0.308,0.617,0.9,0.974,1.0,0.8,0.645,0.63,1
CUST_00306,29,Male,Mbeya,Christian,Others,Secondary,"500,001-1,000,000",Tigo Pesa,5,0.35,0.52,0.42,0.7,Infinix,China,Mid-Range,New,543426,6.5,Physical Store,Cash,0,12,0.294,0.273,1.0,0.626,1.0,1.0,0.369,0.68,1
CUST_01485,15,Male,Arusha,Christian,Chagga,Bachelor,"1,000,001-2,000,000",Tigo Pesa,2,0.41,0.25,0.51,0.5,Huawei,China,Premium,New,1226721,8.4,Physical Store,Mobile Money,0,1,0.744,0.428,1.0,0.712,1.0,1.0,0.814,0.66,1
CUST_01104,35,Male,Mwanza,Muslim,Others,Primary,">2,000,000",Airtel Money,5,0.53,0.32,0.68,0.3,Tecno,China,Mid-Range,New,372180,6.1,Online,Card,1,12,0.702,0.415,0.9,0.9,1.0,1.0,0.638,0.69,1
CUST_02229,34,Female,Tanga,Muslim,Others,Diploma,"<200,000",M-Pesa,3,0.24,0.72,0.55,0.3,Itel,China,Budget,Used,132485,3.2,Mobile,Mobile Money,0,1,0.364,0.176,0.9,0.626,0.6,1.0,0.521,0.57,1
CUST_02023,18,Female,Mbeya,Christian,Others,No formal,"500,001-1,000,000",M-Pesa,3,0.15,0.56,0.56,0.5,Xiaomi,China,Mid-Range,New,557483,7.8,Physical Store,Mobile Money,1,12,0.22,0.437,1.0,0.923,1.0,1.0,0.645,0.76,1
CUST_02033,39,Male,Zanzibar,Christian,Chagga,Secondary,"<200,000",M-Pesa,4,0.22,0.8,0.83,0.5,Nokia,Finland,Mid-Range,New,514863,7.0,Physical Store,Cash,0,11,0.0,0.581,1.0,0.863,1.0,1.0,0.5,0.72,1
CUST_00748,15,Female,Mwanza,Muslim,Makonde,Diploma,"1,000,001-2,000,000",Halopesa,2,0.36,0.15,0.39,0.5,Huawei,China,Premium,New,1525205,8.8,Physical Store,Cash,1,2,0.809,0.343,0.9,0.511,1.0,1.0,0.729,0.62,1
CUST_02672,30,Male,Dar es Salaam,Christian,Others,No formal,"<200,000",Tigo Pesa,4,0.42,0.93,0.47,0.3,Oppo,China,Mid-Range,New,519337,6.6,Physical Store,Mobile Money,0,8,0.0,0.31,1.0,0.805,1.0,1.0,0.419,0.69,1
CUST_03168,26,Male,Mbeya,Christian,Sukuma,No formal,">2,000,000",M-Pesa,4,0.3,0.45,0.85,0.5,Itel,China,Budget,New,105862,5.0,Physical Store,Mobile Money,0,2,0.682,0.425,1.0,0.829,1.0,1.0,0.755,0.68,1
CUST_02529,23,Female,Dar es Salaam,Muslim,Others,Diploma,"<200,000",M-Pesa,5,0.21,0.78,0.71,0.3,Apple,USA,Premium,New,2162036,8.9,Online,Mobile Money,0,2,0.0,0.632,0.9,1.029,1.0,1.0,0.519,0.5,1
CUST_03547,43,Female,Arusha,Muslim,Others,No formal,"200,000-500,000",M-Pesa,4,0.19,0.93,0.38,0.5,Tecno,China,Mid-Range,New,500873,6.3,Physical Store,Mobile Money,0,1,0.0,0.239,0.9,0.87,1.0,1.0,0.51,0.68,1
CUST_01667,32,Male,Mwanza,Other,Gogo,No formal,"<200,000",M-Pesa,3,0.09,0.97,0.65,0.0,Itel,China,Budget,Used,177736,3.2,Physical Store,Mobile Money,0,2,0.0,0.208,1.0,0.858,0.6,1.0,0.284,0.56,1
CUST_02928,24,Male,Mbeya,Christian,Others,Primary,"<200,000",M-Pesa,2,0.01,0.84,0.82,0.0,Itel,China,Budget,Used,101696,5.5,Online,Mobile Money,0,2,0.431,0.451,1.0,0.66,0.6,1.0,0.581,0.71,1
CUST_01105,27,Male,Tanga,Muslim,Others,Diploma,"200,000-500,000",M-Pesa,3,0.61,0.99,0.77,0.5,Tecno,China,Mid-Range,New,529472,7.4,Physical Store,Card,0,2,0.0,0.57,0.9,0.566,1.0,1.0,0.641,0.74,1
CUST_04477,26,Male,Mwanza,Christian,Makonde,Secondary,"<200,000",Airtel Money,5,0.5,0.76,0.52,0.0,Itel,China,Budget,New,91733,7.0,Physical Store,Card,1,1,0.535,0.364,1.0,0.566,1.0,1.0,0.645,0.8,1
CUST_00617,31,Female,Mwanza,Muslim,Haya,Secondary,"200,000-500,000",Halopesa,3,0.28,0.85,0.79,0.5,Nokia,Finland,Mid-Range,New,409466,7.7,Mobile,Cash,0,1,0.13,0.608,0.9,0.876,1.0,1.0,0.569,0.78,0
CUST_01064,15,Male,Mwanza,Christian,Gogo,Diploma,"200,000-500,000",M-Pesa,3,0.62,0.72,0.88,0.3,Xiaomi,China,Mid-Range,New,258450,6.3,Online,Mobile Money,0,1,0.535,0.554,1.0,0.919,1.0,1.0,0.69,0.73,1
CUST_04087,29,Male,Morogoro,Christian,Others,Secondary,"1,000,001-2,000,000",Tigo Pesa,4,0.43,0.35,0.64,0.3,Huawei,China,Premium,New,1895444,8.1,Mobile,Cash,0,2,0.447,0.518,1.0,0.701,1.0,1.0,0.621,0.51,1
CUST_01164,17,Male,Mwanza,Muslim,Others,Diploma,"200,000-500,000",M-Pesa,2,0.57,0.91,0.57,0.7,Huawei,China,Premium,New,1417882,9.1,Physical Store,Cash,0,2,0.0,0.519,0.9,0.568,1.0,1.0,0.663,0.66,1
CUST_00056,15,Male,Zanzibar,Christian,Sukuma,No formal,"1,000,001-2,000,000",M-Pesa,3,0.15,0.18,0.31,0.0,Apple,USA,Premium,New,851702,8.4,Physical Store,Cash,0,2,0.872,0.26,1.0,0.681,1.0,1.0,0.652,0.73,1
CUST_00420,38,Female,Morogoro,Christian,Others,Bachelor,"200,000-500,000",Tigo Pesa,2,0.23,0.98,0.61,0.5,Xiaomi,China,Mid-Range,New,311627,6.6,Physical Store,Cash,1,11,0.237,0.403,1.0,0.85,1.0,1.0,0.715,0.73,1
CUST_02420,45,Female,Dar es Salaam,Christian,Others,No formal,"500,001-1,000,000",M-Pesa,5,0.14,0.55,0.51,0.0,Xiaomi,China,Mid-Range,New,542922,6.2,Mobile,Cash,0,2,0.253,0.316,1.0,0.536,1.0,1.0,0.534,0.66,1
CUST_04523,39,Male,Mwanza,Christian,Others,Secondary,"1,000,001-2,000,000",M-Pesa,4,0.34,0.36,0.61,0.7,Nokia,Finland,Mid-Range,New,406786,6.0,Physical Store,Mobile Money,0,9,0.634,0.366,1.0,0.673,1.0,1.0,0.588,0.68,1
CUST_04511,30,Female,Zanzibar,Muslim,Makonde,Secondary,"<200,000",M-Pesa,4,0.26,0.85,0.49,0.5,Oppo,China,Mid-Range,New,500526,6.6,Online,Cash,0,2,0.0,0.323,0.9,0.92,1.0,1.0,0.594,0.7,1
CUST_04734,32,Male,Dar es Salaam,Christian,Sukuma,Primary,"<200,000",M-Pesa,2,0.19,0.92,0.75,0.3,Nokia,Finland,Mid-Range,New,571103,6.2,Mobile,Cash,0,2,0.0,0.465,1.0,0.889,1.0,1.0,0.435,0.66,1
CUST_00737,15,Female,Zanzibar,Muslim,Makonde,Master+,"<200,000",Halopesa,3,0.36,0.75,0.45,0.7,Infinix,China,Mid-Range,New,488954,6.5,Physical Store,Cash,0,1,0.083,0.293,0.9,0.961,1.0,1.0,0.483,0.69,1
CUST_00686,25,Male,Morogoro,Christian,Others,Secondary,"500,001-1,000,000",Airtel Money,4,0.41,0.74,0.55,0.3,Apple,USA,Premium,New,2064319,9.1,Physical Store,Cash,0,2,0.0,0.5,1.0,0.805,1.0,1.0,0.489,0.53,1
CUST_01617,18,Female,Tanga,Christian,Others,Secondary,"500,001-1,000,000",Halopesa,1,0.36,0.78,0.86,0.7,Nokia,Finland,Mid-Range,New,327544,7.5,Physical Store,Cash,0,12,0.361,0.645,1.0,0.502,1.0,1.0,0.669,0.78,1
CUST_03126,20,Female,Mbeya,Muslim,Others,Secondary,"500,001-1,000,000",Halopesa,2,0.49,0.7,0.51,0.3,Infinix,China,Mid-Range,Used,250261,7.0,Physical Store,Cash,0,2,0.562,0.357,0.9,0.723,0.6,1.0,0.586,0.77,1
CUST_04608,24,Female,Arusha,Christian,Others,Secondary,"<200,000",Tigo Pesa,2,0.34,0.89,0.72,0.5,Infinix,China,Mid-Range,New,353599,7.8,Physical Store,Mobile Money,0,1,0.213,0.562,1.0,0.65,1.0,1.0,0.615,0.8,1
CUST_00807,24,Male,Dar es Salaam,Christian,Others,Secondary,"500,001-1,000,000",M-Pesa,3,0.38,0.74,0.66,0.3,Itel,China,Budget,New,164316,5.2,Physical Store,Cash,0,2,0.189,0.343,1.0,0.741,1.0,1.0,0.562,0.68,1
CUST_00971,23,Male,Dar es Salaam,Christian,Others,Secondary,"500,001-1,000,000",Tigo Pesa,3,0.08,0.61,0.87,0.0,Apple,USA,Premium,New,1747186,8.4,Physical Store,Mobile Money,1,2,0.112,0.731,1.0,0.627,1.0,1.0,0.538,0.55,1
CUST_04587,42,Female,Dar es Salaam,Muslim,Others,Diploma,"200,000-500,000",Tigo Pesa,1,0.33,0.77,0.82,0.7,Tecno,China,Mid-Range,New,532364,7.4,Physical Store,Cash,0,1,0.0,0.607,0.9,0.659,1.0,1.0,0.582,0.74,1
CUST_04917,15,Male,Zanzibar,Muslim,Others,Secondary,"1,000,001-2,000,000",Tigo Pesa,5,0.35,0.42,0.79,0.0,Nokia,Finland,Mid-Range,Used,415266,5.3,Physical Store,Mobile Money,1,2,0.564,0.419,0.9,0.847,0.6,1.0,0.585,0.63,1
CUST_04226,22,Female,Dar es Salaam,Christian,Haya,Bachelor,"500,001-1,000,000",M-Pesa,3,0.2,0.56,0.65,0.7,Nokia,Finland,Mid-Range,New,559247,7.9,Mobile,Card,0,2,0.217,0.514,1.0,0.971,1.0,1.0,0.797,0.76,1
CUST_00913,34,Female,Tanga,Christian,Others,Primary,"200,000-500,000",Airtel Money,3,0.28,0.76,0.86,0.3,Huawei,China,Premium,New,1900054,8.7,Physical Store,Mobile Money,0,2,0.0,0.748,1.0,0.898,1.0,1.0,0.545,0.54,0
CUST_02755,47,Male,Morogoro,Christian,Others,Primary,"200,000-500,000",Airtel Money,4,0.26,0.91,0.46,0.5,Infinix,China,Mid-Range,New,510747,7.6,Online,Card,1,1,0.0,0.35,1.0,0.506,1.0,1.0,0.259,0.75,0
CUST_02364,17,Male,Arusha,Christian,Others,Primary,"500,001-1,000,000",Tigo Pesa,3,0.48,0.46,0.78,0.3,Xiaomi,China,Mid-Range,New,441231,7.8,Physical Store,Cash,0,2,0.493,0.608,1.0,0.963,1.0,1.0,0.681,0.78,1
CUST_02628,36,Male,Dar es Salaam,Christian,Others,Primary,"<200,000",Tigo Pesa,2,0.55,0.72,0.39,0.3,Nokia,Finland,Mid-Range,New,529238,6.5,Online,Card,0,1,0.047,0.254,1.0,0.928,1.0,1.0,0.656,0.68,1
CUST_02189,23,Female,Mbeya,Christian,Others,Bachelor,"500,001-1,000,000",M-Pesa,4,0.28,0.65,0.43,0.5,Huawei,China,Premium,New,961728,10.0,Physical Store,Cash,0,2,0.479,0.43,1.0,0.896,1.0,1.0,0.672,0.81,1
CUST_01292,22,Male,Morogoro,Muslim,Sukuma,Primary,"200,000-500,000",Tigo Pesa,4,0.54,0.81,0.9,0.5,Xiaomi,China,Mid-Range,New,413037,7.0,Physical Store,Cash,0,1,0.164,0.63,0.9,0.534,1.0,1.0,0.619,0.74,1
CUST_01172,18,Female,Mbeya,Christian,Gogo,Secondary,"<200,000",Tigo Pesa,4,0.27,0.98,0.34,0.3,Infinix,China,Mid-Range,New,304220,7.4,Online,Mobile Money,1,1,0.255,0.252,1.0,0.653,1.0,1.0,0.45,0.78,1
CUST_04310,15,Male,Dar es Salaam,Muslim,Nyamwezi,Primary,"500,001-1,000,000",Airtel Money,3,0.02,0.72,0.78,0.5,Tecno,China,Mid-Range,New,591540,6.3,Mobile,Mobile Money,0,2,0.0,0.491,0.9,0.815,1.0,1.0,0.529,0.66,1
CUST_01832,38,Female,Dar es Salaam,Muslim,Sukuma,Secondary,"<200,000",Airtel Money,3,0.5,0.86,0.76,0.5,Huawei,China,Premium,New,1363542,8.9,Online,Mobile Money,0,12,0.023,0.676,0.9,0.525,1.0,1.0,0.528,0.66,1
CUST_01775,20,Male,Morogoro,Muslim,Others,Primary,"1,000,001-2,000,000",Halopesa,2,0.48,0.43,0.84,0.0,Huawei,China,Premium,New,2437457,9.2,Online,Cash,1,2,0.127,0.773,0.9,0.903,1.0,1.0,0.719,0.46,1
CUST_01560,15,Male,Arusha,Muslim,Gogo,Secondary,"<200,000",M-Pesa,3,0.09,0.94,0.81,0.3,Huawei,China,Premium,New,1902058,9.9,Physical Store,Card,1,2,0.0,0.802,0.9,0.544,1.0,1.0,0.509,0.61,1
CUST_02403,15,Male,Tanga,Christian,Others,Primary,"500,001-1,000,000",Halopesa,3,0.22,0.67,0.31,0.3,Apple,USA,Premium,New,1921589,8.1,Online,Cash,1,2,0.0,0.251,1.0,0.913,1.0,1.0,0.46,0.5,0
CUST_03100,22,Male,Mbeya,Christian,Haya,Bachelor,"500,001-1,000,000",Tigo Pesa,2,0.17,0.41,0.36,0.3,Apple,USA,Premium,New,2049703,8.1,Online,Mobile Money,0,2,0.3,0.292,1.0,0.8,1.0,1.0,0.745,0.48,1
CUST_03727,30,Male,Dar es Salaam,Christian,Chagga,Diploma,"1,000,001-2,000,000",M-Pesa,2,0.16,0.3,0.63,0.5,Huawei,China,Premium,New,1980426,9.4,Physical Store,Cash,0,1,0.505,0.592,1.0,0.515,1.0,1.0,0.629,0.57,1
CUST_03256,25,Female,Zanzibar,Christian,Haya,Primary,"500,001-1,000,000",M-Pesa,3,0.34,0.74,0.8,0.0,Samsung,South Korea,Premium,New,1501360,10.0,Physical Store,Mobile Money,1,11,0.074,0.8,1.0,0.897,1.0,1.0,0.624,0.7,1
CUST_03891,21,Female,Arusha,Christian,Others,Primary,"200,000-500,000",Tigo Pesa,1,0.33,0.77,0.59,0.5,Apple,USA,Premium,New,1137038,8.7,Physical Store,Mobile Money,0,2,0.27,0.513,1.0,0.638,1.0,1.0,0.608,0.69,1
CUST_03207,48,Male,Morogoro,Muslim,Haya,Bachelor,"200,000-500,000",Tigo Pesa,2,0.45,0.94,0.81,0.3,Itel,China,Budget,New,204428,5.8,Mobile,Cash,0,1,0.0,0.47,0.9,0.655,1.0,1.0,0.445,0.71,1
CUST_02741,36,Male,Dodoma,Muslim,Others,Primary,"<200,000",M-Pesa,3,0.21,0.71,0.52,0.5,Vivo,China,Mid-Range,New,255293,6.3,Physical Store,Mobile Money,0,2,0.547,0.328,0.9,0.73,1.0,1.0,0.555,0.73,1
CUST_01849,28,Male,Morogoro,Christian,Sukuma,No formal,"500,001-1,000,000",Airtel Money,4,0.3,0.75,0.69,0.3,Apple,USA,Premium,New,2059552,9.3,Online,Cash,1,1,0.0,0.642,1.0,0.642,1.0,1.0,0.453,0.55,1
CUST_04357,24,Male,Dar es Salaam,Christian,Haya,Primary,"1,000,001-2,000,000",Halopesa,3,0.4,0.31,0.6,0.5,Huawei,China,Premium,New,1528457,9.0,Physical Store,Mobile Money,0,1,0.605,0.54,1.0,0.602,1.0,1.0,0.908,0.63,1
CUST_04824,36,Male,Arusha,Muslim,Others,Bachelor,"200,000-500,000",Halopesa,2,0.05,0.95,0.78,0.3,Huawei,China,Premium,New,1909827,8.8,Online,Cash,0,2,0.0,0.686,0.9,0.988,1.0,1.0,0.399,0.55,1
CUST_00877,49,Female,Morogoro,Christian,Haya,Secondary,"<200,000",Airtel Money,2,0.33,0.94,0.86,0.0,Tecno,China,Mid-Range,New,564350,6.6,Physical Store,Cash,0,2,0.0,0.568,1.0,0.875,1.0,1.0,0.451,0.68,1
CUST_00734,19,Male,Arusha,Muslim,Others,Secondary,"200,000-500,000",Halopesa,3,0.11,0.76,0.75,0.3,Nokia,Finland,Mid-Range,New,448520,7.4,Physical Store,Cash,1,1,0.148,0.555,0.9,0.668,1.0,1.0,0.484,0.75,1
CUST_01595,38,Female,Dar es Salaam,Muslim,Others,Primary,"200,000-500,000",M-Pesa,3,0.31,0.91,0.81,0.0,Infinix,China,Mid-Range,Used,345932,5.8,Physical Store,Mobile Money,1,2,0.213,0.47,0.9,0.841,0.6,1.0,0.691,0.68,0
CUST_03351,15,Female,Tanga,Christian,Others,Secondary,"500,001-1,000,000",M-Pesa,3,0.17,0.65,0.33,0.5,Apple,USA,Premium,New,2485505,8.8,Online,Cash,0,2,0.0,0.29,1.0,0.866,1.0,1.0,0.484,0.43,0
CUST_03230,33,Male,Mbeya,Other,Others,Primary,"200,000-500,000",M-Pesa,4,0.54,0.8,0.77,0.7,Tecno,China,Mid-Range,New,393646,8.0,Physical Store,Cash,1,2,0.213,0.616,1.0,0.719,1.0,1.0,0.559,0.8,1
CUST_03792,26,Male,Mwanza,Christian,Others,Primary,"1,000,001-2,000,000",M-Pesa,4,0.18,0.23,0.77,0.5,Samsung,South Korea,Premium,New,1255983,8.5,Online,Mobile Money,1,2,0.759,0.654,1.0,1.095,1.0,1.0,0.766,0.66,1
CUST_00152,19,Male,Tanga,Muslim,Sukuma,Primary,"<200,000",M-Pesa,2,0.26,0.72,0.6,0.5,Tecno,China,Mid-Range,New,583423,7.5,Online,Cash,0,2,0.0,0.45,0.9,0.621,1.0,1.0,0.49,0.73,1
CUST_02679,35,Male,Morogoro,Muslim,Others,Bachelor,"200,000-500,000",Tigo Pesa,4,0.2,0.95,0.68,0.5,Tecno,China,Mid-Range,New,572421,6.8,Physical Store,Cash,1,1,0.0,0.462,0.9,0.588,1.0,1.0,0.374,0.69,1
CUST_02206,20,Male,Dar es Salaam,Christian,Haya,No formal,"200,000-500,000",Airtel Money,3,0.1,0.8,0.51,0.7,Tecno,China,Mid-Range,New,598667,7.3,Physical Store,Cash,0,2,0.0,0.372,1.0,0.701,1.0,1.0,0.667,0.72,1
CUST_04984,39,Male,Zanzibar,Christian,Nyamwezi,Diploma,"<200,000",Airtel Money,5,0.13,0.98,0.34,0.5,Apple,USA,Premium,New,1616258,8.2,Physical Store,Card,0,2,0.0,0.279,1.0,0.706,1.0,1.0,0.406,0.57,0
CUST_04216,24,Female,Zanzibar,Christian,Others,Primary,">2,000,000",Tigo Pesa,4,0.45,0.22,0.82,0.5,Samsung,South Korea,Premium,New,1866300,8.3,Physical Store,Cash,0,1,0.658,0.681,1.0,1.064,1.0,1.0,0.806,0.52,1
CUST_04957,34,Male,Dar es Salaam,Muslim,Others,Diploma,"200,000-500,000",Tigo Pesa,2,0.05,0.76,0.84,0.5,Huawei,China,Premium,New,940653,9.1,Physical Store,Cash,1,2,0.404,0.764,0.9,0.792,1.0,1.0,0.65,0.76,1
CUST_00049,29,Female,Tanga,Christian,Others,Secondary,"200,000-500,000",M-Pesa,1,0.5,0.82,0.62,0.7,Itel,China,Budget,Used,70565,4.2,Physical Store,Cash,0,1,0.614,0.26,1.0,0.802,0.6,1.0,0.632,0.64,1
CUST_01268,30,Female,Dodoma,Muslim,Haya,Primary,"500,001-1,000,000",Airtel Money,1,0.46,0.64,0.4,0.5,Huawei,China,Premium,New,1096143,9.8,Physical Store,Card,0,2,0.415,0.392,0.9,0.904,1.0,1.0,0.631,0.77,1
CUST_03718,15,Female,Mbeya,Christian,Others,Secondary,"200,000-500,000",M-Pesa,5,0.63,0.72,0.68,0.3,Apple,USA,Premium,New,2049118,9.2,Physical Store,Cash,0,2,0.0,0.626,1.0,0.919,1.0,1.0,0.694,0.54,1
CUST_04918,27,Male,Morogoro,Muslim,Others,Primary,"<200,000",Halopesa,3,0.01,0.87,0.51,0.3,Tecno,China,Mid-Range,New,266915,6.1,Physical Store,Cash,1,2,0.419,0.311,0.9,0.642,1.0,1.0,0.588,0.71,1
CUST_04165,20,Male,Arusha,Christian,Others,Diploma,"<200,000",Tigo Pesa,2,0.12,0.83,0.59,0.7,Xiaomi,China,Mid-Range,New,446566,7.7,Online,Cash,0,2,0.073,0.454,1.0,0.667,1.0,1.0,0.458,0.77,1
CUST_04133,31,Female,Zanzibar,Muslim,Others,Secondary,"500,001-1,000,000",M-Pesa,3,0.17,0.72,0.39,0.3,Nokia,Finland,Mid-Range,New,591983,6.0,Physical Store,Cash,0,12,0.0,0.234,0.9,0.901,1.0,1.0,0.454,0.64,1
CUST_04517,29,Female,Dodoma,Muslim,Others,Diploma,"<200,000",Airtel Money,3,0.19,0.97,0.66,0.7,Tecno,China,Mid-Range,New,429033,6.7,Online,Card,0,1,0.0,0.442,0.9,0.68,1.0,1.0,0.663,0.72,1
CUST_04289,28,Male,Dodoma,Christian,Others,Primary,"1,000,001-2,000,000",Tigo Pesa,3,0.33,0.14,0.48,0.3,Nokia,Finland,Mid-Range,Used,316131,6.4,Online,Cash,0,2,0.889,0.307,1.0,0.913,0.6,1.0,0.666,0.72,1
CUST_04501,15,Female,Mwanza,Muslim,Others,Secondary,"<200,000",Airtel Money,4,0.69,0.73,0.53,0.7,Infinix,China,Mid-Range,New,381427,7.6,Physical Store,Mobile Money,1,12,0.304,0.403,0.9,0.701,1.0,1.0,0.6,0.78,1
CUST_04128,30,Female,Mbeya,Christian,Others,No formal,"1,000,001-2,000,000",M-Pesa,2,0.13,0.12,0.8,0.5,Tecno,China,Mid-Range,New,491058,7.3,Physical Store,Mobile Money,0,2,0.853,0.584,1.0,0.807,1.0,1.0,0.689,0.74,0
CUST_04946,16,Female,Mbeya,Christian,Others,Secondary,"200,000-500,000",M-Pesa,2,0.48,0.93,0.71,0.3,Tecno,China,Mid-Range,New,267421,7.0,Physical Store,Mobile Money,1,1,0.378,0.497,1.0,0.929,1.0,1.0,0.626,0.77,1
CUST_01973,15,Female,Dar es Salaam,Muslim,Others,Secondary,"1,000,001-2,000,000",Airtel Money,5,0.43,0.45,0.32,0.7,Nokia,Finland,Mid-Range,Used,265587,5.6,Physical Store,Cash,0,2,0.701,0.179,0.9,0.805,0.6,1.0,0.687,0.68,1
CUST_04770,30,Male,Tanga,Christian,Nyamwezi,Primary,"1,000,001-2,000,000",M-Pesa,5,0.37,0.12,0.69,1.0,Huawei,China,Premium,New,653112,9.1,Online,Mobile Money,0,12,0.935,0.628,1.0,0.517,1.0,0.8,0.733,0.82,0
CUST_04757,42,Male,Dodoma,Muslim,Nyamwezi,Primary,"<200,000",Airtel Money,1,0.21,0.91,0.37,0.0,Tecno,China,Mid-Range,New,300961,6.5,Online,Cash,0,2,0.315,0.24,0.9,0.654,1.0,1.0,0.382,0.73,1
CUST_00042,26,Male,Dar es Salaam,Christian,Others,No formal,">2,000,000",M-Pesa,4,0.14,0.29,0.55,0.3,Apple,USA,Premium,New,2477681,8.8,Physical Store,Cash,0,2,0.401,0.484,1.0,0.762,1.0,1.0,0.589,0.43,1
CUST_05000,16,Female,Mwanza,Muslim,Sukuma,Bachelor,"500,001-1,000,000",Tigo Pesa,3,0.2,0.56,0.32,0.5,Nokia,Finland,Mid-Range,Used,397137,6.8,Physical Store,Cash,0,12,0.444,0.218,0.9,0.706,0.6,1.0,0.507,0.73,1
CUST_01672,27,Male,Mwanza,Christian,Sukuma,Primary,"<200,000",Tigo Pesa,3,0.1,0.86,0.58,0.3,Apple,USA,Premium,Used,1223623,8.1,Physical Store,Cash,0,1,0.123,0.47,1.0,1.155,0.6,1.0,0.656,0.64,1
CUST_01105,27,Male,Tanga,Muslim,Others,Diploma,"200,000-500,000",M-Pesa,3,0.61,0.99,0.77,0.5,Tecno,China,Mid-Range,New,392605,6.2,Physical Store,Card,0,2,0.028,0.477,0.9,0.806,1.0,1.0,0.765,0.69,1
CUST_03833,41,Male,Tanga,Christian,Others,Secondary,"200,000-500,000",Airtel Money,4,0.24,0.99,0.69,1.0,Apple,USA,Premium,New,1260693,9.7,Physical Store,Mobile Money,0,1,0.0,0.669,1.0,0.903,1.0,0.8,0.528,0.73,1
CUST_04172,21,Female,Mbeya,Christian,Others,Secondary,"500,001-1,000,000",M-Pesa,1,0.26,0.73,0.31,0.7,Nokia,Finland,Mid-Range,New,337826,7.7,Physical Store,Mobile Money,0,2,0.383,0.239,1.0,0.906,1.0,1.0,0.489,0.79,1
CUST_03866,35,Female,Mwanza,Christian,Others,Bachelor,"200,000-500,000",M-Pesa,5,0.17,0.73,0.59,0.0,Tecno,China,Mid-Range,New,544876,7.3,Online,Cash,0,2,0.006,0.431,1.0,0.679,1.0,1.0,0.462,0.73,1
CUST_03175,29,Male,Dar es Salaam,Muslim,Others,Secondary,"200,000-500,000",M-Pesa,3,0.49,0.83,0.66,0.5,Nokia,Finland,Mid-Range,New,450817,6.3,Physical Store,Mobile Money,1,11,0.065,0.416,0.9,0.574,1.0,1.0,0.514,0.69,1
CUST_00553,28,Female,Dar es Salaam,Muslim,Others,Diploma,"200,000-500,000",M-Pesa,3,0.31,0.97,0.83,0.7,Apple,USA,Premium,New,1548845,8.8,Physical Store,Mobile Money,0,2,0.0,0.73,0.9,0.78,1.0,1.0,0.713,0.62,1
CUST_04347,23,Male,Dodoma,Muslim,Chagga,Primary,"500,001-1,000,000",M-Pesa,2,0.41,0.7,0.74,0.0,Nokia,Finland,Mid-Range,New,521547,8.0,Physical Store,Mobile Money,1,2,0.087,0.592,0.9,0.81,1.0,1.0,0.513,0.78,1
CUST_04600,35,Female,Arusha,Christian,Others,Primary,"200,000-500,000",None,2,0.66,0.99,0.64,0.5,Nokia,Finland,Mid-Range,New,529603,7.1,Physical Store,Cash,1,2,0.0,0.454,1.0,0.552,1.0,1.0,0.642,0.72,1
CUST_00542,24,Male,Mwanza,Muslim,Others,Bachelor,"200,000-500,000",Tigo Pesa,4,0.45,0.74,0.79,0.3,Xiaomi,China,Mid-Range,New,514865,6.7,Physical Store,Cash,1,2,0.047,0.529,0.9,0.936,1.0,1.0,0.653,0.7,0
CUST_03615,32,Male,Arusha,Christian,Haya,Primary,">2,000,000",M-Pesa,4,0.53,0.29,0.53,0.3,Tecno,China,Mid-Range,New,554131,8.0,Online,Mobile Money,0,1,0.598,0.424,1.0,0.779,1.0,1.0,0.591,0.77,1
CUST_00988,24,Female,Morogoro,Muslim,Others,No formal,"<200,000",M-Pesa,4,0.08,0.97,0.73,0.3,Samsung,South Korea,Premium,New,2075046,8.4,Online,Card,0,2,0.0,0.613,0.9,0.739,1.0,1.0,0.51,0.49,1
CUST_03274,40,Female,Dar es Salaam,Christian,Others,Secondary,"200,000-500,000",M-Pesa,2,0.07,0.96,0.9,0.5,Apple,USA,Premium,New,2371413,9.5,Physical Store,Mobile Money,0,2,0.0,0.855,1.0,0.671,1.0,1.0,0.641,0.5,1
CUST_02243,19,Female,Mwanza,Christian,Others,Diploma,"500,001-1,000,000",None,3,0.19,0.45,0.56,0.0,Oppo,China,Mid-Range,New,348260,7.2,Physical Store,Mobile Money,0,1,0.608,0.403,1.0,0.802,1.0,1.0,0.609,0.76,1
CUST_00552,17,Female,Arusha,Christian,Sukuma,Secondary,"200,000-500,000",Airtel Money,3,0.14,0.83,0.87,0.5,Infinix,China,Mid-Range,New,417974,7.9,Physical Store,Mobile Money,1,2,0.133,0.687,1.0,0.567,1.0,1.0,0.337,0.79,0
CUST_01173,24,Female,Mbeya,Christian,Others,No formal,"500,001-1,000,000",Tigo Pesa,2,0.56,0.77,0.52,0.7,Nokia,Finland,Mid-Range,New,521592,6.1,Online,Cash,1,1,0.0,0.317,1.0,0.658,1.0,1.0,0.479,0.66,1
CUST_01409,16,Female,Mbeya,Muslim,Nyamwezi,Secondary,"<200,000",None,4,0.11,0.83,0.55,0.5,Infinix,China,Mid-Range,New,333427,7.8,Online,Card,0,1,0.308,0.429,0.9,0.855,1.0,1.0,0.697,0.8,1
CUST_04195,25,Male,Dodoma,Muslim,Sukuma,Diploma,"500,001-1,000,000",Tigo Pesa,2,0.26,0.63,0.8,0.7,Samsung,South Korea,Premium,New,2451597,8.2,Physical Store,Mobile Money,1,1,0.0,0.656,0.9,0.723,1.0,1.0,0.428,0.4,1
CUST_00233,15,Female,Arusha,Christian,Others,Primary,"500,001-1,000,000",M-Pesa,4,0.52,0.41,0.66,0.5,Vivo,China,Mid-Range,Used,259331,6.6,Online,Mobile Money,0,1,0.734,0.436,1.0,0.957,0.6,1.0,0.606,0.74,1
CUST_02282,15,Female,Mwanza,Christian,Haya,Secondary,"200,000-500,000",M-Pesa,4,0.19,0.88,0.8,0.5,Tecno,China,Mid-Range,New,398523,6.3,Physical Store,Cash,0,2,0.123,0.504,1.0,0.824,1.0,1.0,0.557,0.7,1
CUST_03328,31,Female,Mbeya,Christian,Others,Primary,"500,001-1,000,000",M-Pesa,3,0.37,0.65,0.89,0.3,Apple,USA,Premium,New,1427279,8.4,Online,Card,0,1,0.227,0.748,1.0,0.733,1.0,1.0,0.748,0.62,1
CUST_00003,30,Male,Morogoro,Muslim,Chagga,No formal,"200,000-500,000",M-Pesa,5,0.29,0.86,0.41,1.0,Nokia,Finland,Mid-Range,New,484862,7.0,Online,Mobile Money,0,2,0.0,0.287,0.9,0.857,1.0,0.8,0.592,0.72,1
CUST_00012,33,Female,Dar es Salaam,Christian,Others,Secondary,"200,000-500,000",M-Pesa,4,0.25,0.97,0.66,0.0,Xiaomi,China,Mid-Range,New,316908,6.1,Physical Store,Cash,0,2,0.231,0.403,1.0,0.552,1.0,1.0,0.368,0.7,1
CUST_03199,22,Female,Dar es Salaam,Christian,Makonde,Secondary,"200,000-500,000",Tigo Pesa,4,0.25,0.82,0.51,0.0,Apple,USA,Premium,New,970710,9.9,Physical Store,Mobile Money,0,2,0.337,0.505,1.0,1.012,1.0,1.0,0.773,0.8,0
CUST_02300,32,Female,Dodoma,Christian,Others,Primary,"500,001-1,000,000",Airtel Money,2,0.35,0.58,0.8,0.5,Huawei,China,Premium,New,1091415,8.9,Online,Cash,0,2,0.472,0.712,1.0,0.517,1.0,1.0,0.755,0.72,1
CUST_00088,30,Female,Mwanza,Muslim,Others,Secondary,"1,000,001-2,000,000",Tigo Pesa,3,0.36,0.27,0.79,0.0,Tecno,China,Mid-Range,New,568189,7.6,Online,Cash,0,2,0.616,0.6,0.9,0.588,1.0,1.0,0.832,0.74,1
CUST_03718,15,Female,Mbeya,Christian,Others,Secondary,"200,000-500,000",M-Pesa,5,0.63,0.72,0.68,0.3,Nokia,Finland,Mid-Range,Used,196888,5.3,Physical Store,Cash,1,2,0.646,0.36,1.0,0.793,0.6,1.0,0.843,0.68,1
CUST_01970,19,Female,Dar es Salaam,Christian,Others,Primary,"<200,000",M-Pesa,4,0.45,0.8,0.38,0.5,Huawei,China,Premium,New,1178490,9.3,Online,Cash,0,2,0.214,0.353,1.0,0.887,1.0,1.0,0.45,0.72,1
CUST_02734,20,Female,Arusha,Christian,Others,Primary,"<200,000",Tigo Pesa,5,0.18,0.97,0.5,0.5,Huawei,China,Premium,New,1081584,8.4,Physical Store,Mobile Money,1,2,0.126,0.42,1.0,0.75,1.0,1.0,0.769,0.69,1
CUST_00407,28,Female,Dar es Salaam,Muslim,Gogo,No formal,"200,000-500,000",Halopesa,5,0.3,0.99,0.85,0.0,Huawei,China,Premium,New,1860313,9.9,Online,Card,0,2,0.0,0.842,0.9,0.773,1.0,1.0,0.466,0.62,1
CUST_00432,25,Female,Tanga,Muslim,Chagga,No formal,"<200,000",Airtel Money,3,0.31,0.94,0.35,0.0,Apple,USA,Premium,New,602470,9.5,Physical Store,Card,1,2,0.528,0.332,0.9,0.879,1.0,1.0,0.602,0.85,1
CUST_01748,33,Male,Mbeya,Christian,Others,Primary,"200,000-500,000",M-Pesa,3,0.45,0.84,0.75,0.3,Vivo,China,Mid-Range,New,275008,6.0,Physical Store,Mobile Money,1,9,0.422,0.45,1.0,0.683,1.0,1.0,0.518,0.7,0
CUST_01961,16,Male,Arusha,Christian,Makonde,Primary,"<200,000",M-Pesa,4,0.09,0.94,0.71,1.0,Tecno,China,Mid-Range,New,335695,6.7,Mobile,Card,0,2,0.211,0.476,1.0,0.893,1.0,0.8,0.562,0.73,1
CUST_03100,22,Male,Mbeya,Christian,Haya,Bachelor,"500,001-1,000,000",Tigo Pesa,2,0.17,0.41,0.36,0.3,Apple,USA,Premium,New,1782817,9.6,Physical Store,Mobile Money,0,12,0.391,0.346,1.0,0.725,1.0,1.0,0.607,0.62,1
CUST_04337,23,Male,Dar es Salaam,Christian,Others,Primary,"<200,000",Halopesa,3,0.21,0.81,0.86,0.3,Itel,China,Budget,Used,183718,3.1,Physical Store,Mobile Money,0,2,0.008,0.267,1.0,0.609,0.6,1.0,0.444,0.55,1
CUST_00308,24,Male,Dar es Salaam,Muslim,Gogo,Primary,"500,001-1,000,000",Halopesa,1,0.29,0.45,0.86,0.5,Nokia,Finland,Mid-Range,New,288206,7.1,Physical Store,Mobile Money,0,12,0.676,0.611,0.9,0.587,1.0,1.0,0.538,0.77,1
CUST_04571,23,Female,Morogoro,Muslim,Others,Primary,"200,000-500,000",Airtel Money,3,0.22,0.72,0.43,0.0,Infinix,China,Mid-Range,New,411717,7.3,Physical Store,Mobile Money,0,12,0.259,0.314,0.9,0.727,1.0,1.0,0.566,0.76,1
CUST_03854,40,Male,Mbeya,Christian,Others,No formal,"<200,000",M-Pesa,2,0.15,0.92,0.44,0.3,Samsung,South Korea,Premium,New,745729,8.7,Physical Store,Cash,0,2,0.428,0.383,1.0,0.63,1.0,1.0,0.569,0.77,1
CUST_02179,25,Male,Mwanza,Christian,Others,Master+,"1,000,001-2,000,000",M-Pesa,5,0.17,0.18,0.82,0.5,Nokia,Finland,Mid-Range,New,334603,7.7,Physical Store,Cash,1,2,0.849,0.631,1.0,0.873,1.0,1.0,0.812,0.8,1
CUST_02146,15,Male,Dodoma,Muslim,Others,Primary,"200,000-500,000",Tigo Pesa,4,0.28,0.99,0.44,0.7,Itel,China,Budget,New,225879,6.8,Physical Store,Cash,0,2,0.0,0.299,0.9,0.875,1.0,1.0,0.473,0.76,1
CUST_02247,44,Female,Mbeya,Christian,Others,Primary,"<200,000",M-Pesa,3,0.13,0.84,0.44,0.0,Samsung,South Korea,Premium,New,1577166,9.2,Physical Store,Cash,1,1,0.0,0.405,1.0,0.733,1.0,1.0,0.297,0.64,0
CUST_01282,33,Male,Dar es Salaam,Muslim,Others,Secondary,"500,001-1,000,000",M-Pesa,4,0.35,0.7,0.4,0.3,Tecno,China,Mid-Range,New,543383,6.5,Mobile,Cash,1,2,0.049,0.26,0.9,0.897,1.0,1.0,0.66,0.68,1
CUST_04850,29,Female,Dar es Salaam,Muslim,Others,Bachelor,">2,000,000",M-Pesa,4,0.41,0.38,0.65,0.3,Infinix,China,Mid-Range,New,275791,7.8,Physical Store,Cash,0,2,0.738,0.507,0.9,0.788,1.0,1.0,0.864,0.81,1
CUST_02421,29,Male,Arusha,Christian,Others,Diploma,"200,000-500,000",M-Pesa,4,0.36,0.73,0.77,0.3,Apple,USA,Premium,New,1771307,9.3,Physical Store,Cash,1,2,0.0,0.716,1.0,0.695,1.0,1.0,0.41,0.6,1
CUST_03478,28,Female,Tanga,Christian,Others,Primary,"<200,000",Airtel Money,5,0.3,0.71,0.77,0.5,Huawei,China,Premium,New,2012266,8.7,Online,Mobile Money,0,1,0.0,0.67,1.0,0.96,1.0,1.0,0.604,0.52,1
CUST_00454,15,Female,Tanga,Christian,Nyamwezi,Bachelor,"200,000-500,000",Halopesa,3,0.17,0.97,0.56,0.7,Tecno,China,Mid-Range,New,434015,6.3,Physical Store,Cash,0,2,0.0,0.353,1.0,0.887,1.0,1.0,0.439,0.69,1
CUST_03942,48,Male,Mbeya,Muslim,Others,Primary,"200,000-500,000",Halopesa,2,0.46,0.9,0.51,0.5,Nokia,Finland,Mid-Range,New,561164,6.3,Physical Store,Cash,0,2,0.0,0.321,0.9,0.83,1.0,1.0,0.509,0.67,1
CUST_01696,43,Male,Tanga,Christian,Sukuma,Diploma,"200,000-500,000",Airtel Money,3,0.48,0.73,0.68,0.5,Oppo,China,Mid-Range,New,571472,7.5,Physical Store,Card,0,2,0.0,0.51,1.0,0.798,1.0,1.0,0.667,0.74,1
CUST_00869,47,Male,Morogoro,Muslim,Others,Secondary,"<200,000",Tigo Pesa,2,0.48,0.96,0.37,0.5,Huawei,China,Premium,New,624937,9.0,Physical Store,Mobile Money,0,2,0.5,0.333,0.9,0.684,1.0,1.0,0.57,0.82,0
CUST_00956,21,Female,Dar es Salaam,Christian,Gogo,Diploma,"1,000,001-2,000,000",Halopesa,3,0.08,0.19,0.53,0.5,Huawei,China,Premium,New,1866371,9.6,Online,Mobile Money,0,11,0.704,0.509,1.0,0.921,1.0,1.0,0.874,0.6,1
CUST_03577,37,Male,Mwanza,Christian,Nyamwezi,Secondary,"200,000-500,000",Airtel Money,4,0.39,0.76,0.47,0.0,Tecno,China,Mid-Range,New,373958,6.6,Online,Mobile Money,1,2,0.289,0.31,1.0,0.518,1.0,1.0,0.491,0.72,1
CUST_01358,34,Male,Arusha,Christian,Gogo,Secondary,"500,001-1,000,000",Tigo Pesa,4,0.24,0.72,0.37,0.3,Infinix,China,Mid-Range,New,490954,6.2,Physical Store,Cash,0,11,0.116,0.229,1.0,0.936,1.0,1.0,0.454,0.67,0
CUST_02445,16,Male,Arusha,Muslim,Sukuma,No formal,"<200,000",M-Pesa,1,0.07,0.9,0.66,0.5,Tecno,China,Mid-Range,New,288689,6.3,Physical Store,Mobile Money,0,11,0.35,0.416,0.9,0.878,1.0,1.0,0.496,0.72,1
CUST_02704,42,Female,Dar es Salaam,Muslim,Others,Primary,"200,000-500,000",M-Pesa,2,0.27,0.83,0.52,0.5,Infinix,China,Mid-Range,New,344207,7.9,Physical Store,Cash,0,11,0.286,0.411,0.9,0.9,1.0,1.0,0.447,0.81,0
CUST_00954,28,Male,Arusha,Christian,Others,Primary,">2,000,000",Airtel Money,4,0.14,0.21,0.66,0.5,Tecno,China,Mid-Range,New,371023,7.9,Physical Store,Mobile Money,1,2,0.805,0.521,1.0,0.779,1.0,1.0,0.713,0.8,1
CUST_02504,15,Female,Dar es Salaam,Christian,Others,Bachelor,"<200,000",M-Pesa,2,0.17,0.86,0.9,0.3,Samsung,South Korea,Premium,Used,1875327,7.1,Physical Store,Mobile Money,1,1,0.0,0.639,1.0,1.17,0.6,1.0,0.765,0.45,1
CUST_00847,32,Female,Dar es Salaam,Muslim,Others,No formal,"200,000-500,000",Airtel Money,2,0.15,0.9,0.39,0.0,Tecno,China,Mid-Range,New,409866,7.4,Mobile,Cash,0,2,0.078,0.289,0.9,0.794,1.0,1.0,0.418,0.76,1
CUST_02012,42,Male,Mwanza,Muslim,Others,Master+,"<200,000",M-Pesa,2,0.02,0.83,0.81,0.5,Nokia,Finland,Mid-Range,New,346946,6.2,Mobile,Mobile Money,1,2,0.28,0.502,0.9,0.952,1.0,1.0,0.434,0.7,1
CUST_04063,16,Male,Morogoro,Christian,Others,Bachelor,"<200,000",M-Pesa,3,0.24,0.97,0.81,0.5,Huawei,China,Premium,New,702342,9.9,Physical Store,Cash,0,1,0.432,0.802,1.0,0.691,1.0,1.0,0.802,0.85,0
CUST_00920,32,Male,Arusha,Muslim,Others,Secondary,"<200,000",M-Pesa,4,0.38,0.72,0.52,0.3,Vivo,China,Mid-Range,New,353739,7.0,Physical Store,Cash,0,2,0.363,0.364,0.9,0.69,1.0,1.0,0.496,0.75,1
CUST_02413,34,Female,Dar es Salaam,Muslim,Others,Secondary,"1,000,001-2,000,000",Tigo Pesa,4,0.3,0.23,0.47,0.5,Samsung,South Korea,Premium,New,1262796,8.8,Online,Cash,0,2,0.758,0.414,0.9,1.063,1.0,1.0,0.742,0.68,1
CUST_00326,26,Female,Zanzibar,Muslim,Chagga,Primary,"200,000-500,000",Airtel Money,4,0.28,0.93,0.64,0.3,Huawei,China,Premium,New,1722770,9.7,Physical Store,Cash,0,2,0.0,0.621,0.9,0.918,1.0,1.0,0.495,0.64,1
CUST_04643,34,Male,Mwanza,Christian,Others,Primary,"1,000,001-2,000,000",Airtel Money,2,0.34,0.37,0.62,1.0,Huawei,China,Premium,New,618067,9.9,Physical Store,Cash,0,2,0.809,0.614,1.0,0.61,1.0,0.8,0.707,0.87,1
CUST_01205,15,Male,Dar es Salaam,Muslim,Others,Primary,"200,000-500,000",Tigo Pesa,5,0.17,0.78,0.89,0.3,Itel,China,Budget,New,157123,4.9,Physical Store,Card,0,1,0.183,0.436,0.9,0.804,1.0,1.0,0.58,0.66,0
CUST_04348,37,Female,Arusha,Muslim,Others,Secondary,"<200,000",Airtel Money,2,0.27,0.8,0.74,0.7,Vivo,China,Mid-Range,New,294333,7.9,Online,Mobile Money,0,11,0.411,0.585,0.9,0.805,1.0,1.0,0.549,0.82,0
CUST_03679,16,Female,Dar es Salaam,Christian,Others,Diploma,">2,000,000",M-Pesa,3,0.46,0.18,0.6,0.5,Tecno,China,Mid-Range,New,478917,7.7,Physical Store,Mobile Money,1,1,0.784,0.462,1.0,0.911,1.0,1.0,0.956,0.77,0
CUST_02274,28,Male,Dar es Salaam,Christian,Others,Secondary,"200,000-500,000",Airtel Money,4,0.11,0.8,0.51,0.7,Nokia,Finland,Mid-Range,New,506046,7.9,Physical Store,Mobile Money,0,2,0.0,0.403,1.0,0.652,1.0,1.0,0.448,0.77,1
CUST_03432,20,Female,Dar es Salaam,Muslim,Haya,No formal,"<200,000",Tigo Pesa,5,0.12,0.77,0.84,0.5,Xiaomi,China,Mid-Range,New,384031,6.4,Online,Cash,0,2,0.261,0.538,0.9,0.915,1.0,1.0,0.662,0.71,0
CUST_02206,20,Male,Dar es Salaam,Christian,Haya,No formal,"200,000-500,000",Airtel Money,3,0.1,0.8,0.51,0.7,Tecno,China,Mid-Range,New,317724,6.4,Online,Cash,0,1,0.365,0.326,1.0,0.524,1.0,1.0,0.846,0.72,1
CUST_00011,34,Male,Zanzibar,Christian,Others,Secondary,"200,000-500,000",Halopesa,2,0.12,0.95,0.63,0.5,Tecno,China,Mid-Range,Used,225912,6.5,Physical Store,Card,1,2,0.463,0.41,1.0,0.576,0.6,1.0,0.481,0.74,1
CUST_00104,32,Male,Dodoma,Muslim,Chagga,No formal,"1,000,001-2,000,000",Tigo Pesa,2,0.46,0.41,0.31,0.3,Tecno,China,Mid-Range,New,415633,7.0,Physical Store,Mobile Money,1,2,0.574,0.217,0.9,0.945,1.0,1.0,0.629,0.74,1
CUST_01101,38,Male,Dar es Salaam,Muslim,Nyamwezi,No formal,"200,000-500,000",M-Pesa,4,0.38,0.92,0.7,0.5,Itel,China,Budget,Used,197170,5.8,Physical Store,Cash,0,11,0.0,0.406,0.9,0.843,0.6,1.0,0.363,0.71,0
CUST_01849,28,Male,Morogoro,Christian,Sukuma,No formal,"500,001-1,000,000",Airtel Money,4,0.3,0.75,0.69,0.3,Samsung,South Korea,Premium,New,922042,9.4,Physical Store,Mobile Money,0,11,0.424,0.649,1.0,1.059,1.0,1.0,0.816,0.78,1
CUST_02710,30,Male,Zanzibar,Muslim,Gogo,No formal,"1,000,001-2,000,000",Tigo Pesa,3,0.37,0.14,0.38,0.5,Oppo,China,Mid-Range,New,425874,6.6,Online,Mobile Money,0,2,0.851,0.251,0.9,0.963,1.0,1.0,0.629,0.71,1
CUST_00182,37,Female,Dar es Salaam,Christian,Chagga,Secondary,"<200,000",M-Pesa,5,0.09,0.89,0.46,0.0,Oppo,China,Mid-Range,New,415896,6.3,Online,Cash,0,11,0.075,0.29,1.0,0.722,1.0,1.0,0.383,0.69,1
CUST_01317,23,Female,Morogoro,Muslim,Nyamwezi,Primary,"1,000,001-2,000,000",Airtel Money,4,0.37,0.11,0.86,0.0,Samsung,South Korea,Premium,New,1821238,8.5,Physical Store,Cash,0,2,0.833,0.731,0.9,0.999,1.0,1.0,0.908,0.55,1
CUST_03712,41,Female,Dar es Salaam,Other,Sukuma,No formal,"1,000,001-2,000,000",None,3,0.15,0.22,0.68,0.5,Itel,China,Budget,New,136310,5.4,Physical Store,Card,0,1,0.8,0.367,1.0,0.712,1.0,1.0,0.825,0.7,1
CUST_01538,44,Female,Dodoma,Muslim,Others,Primary,"200,000-500,000",M-Pesa,2,0.15,0.95,0.83,0.3,Infinix,China,Mid-Range,New,512990,6.9,Physical Store,Mobile Money,0,2,0.0,0.573,0.9,0.502,1.0,1.0,0.5,0.71,1
CUST_04237,25,Female,Mwanza,Muslim,Nyamwezi,Secondary,"500,001-1,000,000",Tigo Pesa,3,0.04,0.74,0.37,0.5,Tecno,China,Mid-Range,New,275959,7.0,Physical Store,Mobile Money,1,1,0.489,0.259,0.9,0.982,1.0,1.0,0.416,0.76,1
CUST_01904,17,Male,Mwanza,Christian,Others,No formal,"500,001-1,000,000",M-Pesa,1,0.1,0.44,0.64,0.0,Samsung,South Korea,Premium,New,776244,8.4,Physical Store,Cash,0,2,0.715,0.538,1.0,0.96,1.0,1.0,0.779,0.75,1
CUST_02363,27,Female,Morogoro,Christian,Chagga,Secondary,"<200,000",M-Pesa,5,0.27,0.92,0.57,0.7,Apple,USA,Premium,New,896042,9.0,Physical Store,Mobile Money,1,12,0.313,0.513,1.0,0.645,1.0,1.0,0.788,0.76,1
CUST_04748,36,Female,Mbeya,Christian,Others,Primary,"500,001-1,000,000",Tigo Pesa,4,0.51,0.56,0.33,0.5,Huawei,China,Premium,New,2327798,9.6,Physical Store,Cash,1,1,0.0,0.317,1.0,0.654,1.0,1.0,0.502,0.51,1
CUST_03491,25,Female,Dar es Salaam,Muslim,Sukuma,Primary,"200,000-500,000",Tigo Pesa,1,0.15,0.73,0.85,0.3,Vivo,China,Mid-Range,New,431200,7.0,Physical Store,Cash,0,2,0.213,0.595,0.9,0.737,1.0,1.0,0.66,0.73,1
CUST_00861,15,Female,Morogoro,Christian,Makonde,Primary,"500,001-1,000,000",M-Pesa,5,0.18,0.51,0.55,0.3,Tecno,China,Mid-Range,New,520987,7.9,Physical Store,Cash,0,2,0.336,0.435,1.0,0.681,1.0,1.0,0.807,0.77,1
CUST_01454,21,Female,Mwanza,Muslim,Nyamwezi,No formal,"500,001-1,000,000",M-Pesa,4,0.4,0.4,0.76,0.5,Itel,China,Budget,New,95854,5.4,Online,Cash,0,1,0.744,0.41,0.9,0.836,1.0,1.0,0.864,0.7,1
CUST_02870,17,Male,Dar es Salaam,Christian,Sukuma,Bachelor,"200,000-500,000",Tigo Pesa,5,0.12,0.96,0.52,1.0,Infinix,China,Mid-Range,Used,232553,6.6,Physical Store,Mobile Money,1,2,0.442,0.343,1.0,0.59,0.6,0.8,0.446,0.75,0
CUST_04442,30,Female,Morogoro,Christian,Sukuma,Primary,"<200,000",Tigo Pesa,5,0.26,0.76,0.62,0.5,Vivo,China,Mid-Range,New,427088,7.2,Mobile,Mobile Money,0,2,0.189,0.446,1.0,0.569,1.0,1.0,0.337,0.75,1
CUST_04016,45,Female,Zanzibar,Christian,Haya,Diploma,"200,000-500,000",Airtel Money,4,0.3,0.81,0.31,0.0,Tecno,China,Mid-Range,New,524334,6.6,Mobile,Cash,0,12,0.0,0.205,1.0,0.843,1.0,1.0,0.552,0.69,1
CUST_01245,16,Female,Mwanza,Christian,Chagga,Primary,"<200,000",M-Pesa,2,0.36,0.91,0.65,1.0,Nokia,Finland,Mid-Range,New,484693,6.1,Online,Mobile Money,0,2,0.0,0.396,1.0,0.829,1.0,0.8,0.5,0.67,1
CUST_04066,30,Male,Dodoma,Christian,Sukuma,No formal,"1,000,001-2,000,000",Tigo Pesa,2,0.51,0.12,0.85,0.3,Oppo,China,Mid-Range,New,322561,6.6,Physical Store,Card,0,2,0.903,0.561,1.0,0.766,1.0,1.0,0.764,0.73,1
CUST_00236,26,Female,Mbeya,Christian,Sukuma,Primary,"<200,000",Tigo Pesa,3,0.48,0.78,0.84,0.3,Apple,USA,Premium,New,1096632,8.5,Physical Store,Mobile Money,0,1,0.287,0.714,1.0,1.008,1.0,1.0,0.669,0.69,1
CUST_04447,45,Female,Dar es Salaam,Christian,Others,Secondary,"200,000-500,000",M-Pesa,5,0.22,0.96,0.76,0.3,Infinix,China,Mid-Range,Used,264839,5.5,Online,Cash,0,2,0.364,0.418,1.0,0.897,0.6,1.0,0.564,0.68,1
CUST_03105,28,Female,Dar es Salaam,Christian,Makonde,Bachelor,"<200,000",M-Pesa,2,0.25,0.99,0.83,0.0,Samsung,South Korea,Premium,Used,1754125,7.6,Physical Store,Mobile Money,0,2,0.0,0.631,1.0,1.097,0.6,1.0,0.812,0.51,0
CUST_04045,40,Male,Morogoro,Christian,Sukuma,No formal,"<200,000",M-Pesa,3,0.11,0.86,0.43,0.7,Samsung,South Korea,Premium,New,1070961,9.3,Physical Store,Cash,1,2,0.232,0.4,1.0,1.04,1.0,1.0,0.649,0.74,1
CUST_03217,42,Male,Tanga,Muslim,Sukuma,Primary,"500,001-1,000,000",M-Pesa,4,0.06,0.43,0.4,0.0,Itel,China,Budget,Used,87797,6.0,Mobile,Cash,1,2,0.748,0.24,0.9,0.841,0.6,1.0,0.568,0.74,1
CUST_00946,24,Male,Arusha,Christian,Sukuma,Secondary,"<200,000",Airtel Money,3,0.29,0.94,0.76,0.3,Vivo,China,Mid-Range,New,403536,7.5,Physical Store,Cash,1,2,0.052,0.57,1.0,0.794,1.0,1.0,0.406,0.77,1
CUST_00023,31,Female,Dar es Salaam,Muslim,Others,Primary,"<200,000",Airtel Money,4,0.59,0.8,0.86,0.7,Nokia,Finland,Mid-Range,New,506561,6.0,Online,Mobile Money,0,2,0.0,0.516,0.9,0.998,1.0,1.0,0.615,0.66,1
CUST_04898,32,Female,Tanga,Muslim,Others,Diploma,"1,000,001-2,000,000",Tigo Pesa,3,0.16,0.11,0.34,0.3,Samsung,South Korea,Premium,New,1380046,9.3,Physical Store,Mobile Money,0,2,0.873,0.316,0.9,1.168,1.0,1.0,0.691,0.68,1
CUST_02181,25,Male,Tanga,Christian,Sukuma,Secondary,"500,001-1,000,000",Airtel Money,4,0.49,0.65,0.4,0.0,Nokia,Finland,Mid-Range,New,500224,7.1,Physical Store,Cash,0,2,0.187,0.284,1.0,0.801,1.0,1.0,0.628,0.73,0
CUST_02205,38,Male,Tanga,Christian,Others,No formal,"200,000-500,000",None,1,0.22,0.77,0.69,0.0,Tecno,China,Mid-Range,New,357921,7.4,Online,Cash,0,1,0.311,0.511,1.0,0.749,1.0,1.0,0.667,0.77,1
CUST_01569,30,Male,Tanga,Muslim,Haya,Secondary,"1,000,001-2,000,000",Tigo Pesa,4,0.4,0.34,0.47,1.0,Nokia,Finland,Mid-Range,New,385832,7.4,Online,Card,1,1,0.672,0.348,0.9,0.74,1.0,0.8,0.565,0.77,1
CUST_01268,30,Female,Dodoma,Muslim,Haya,Primary,"500,001-1,000,000",Airtel Money,1,0.46,0.64,0.4,0.5,Apple,USA,Premium,New,1240919,9.7,Physical Store,Cash,1,2,0.338,0.388,0.9,0.646,1.0,1.0,0.8,0.73,1
CUST_01759,15,Male,Morogoro,Christian,Others,Primary,"<200,000",Tigo Pesa,4,0.12,0.87,0.65,0.0,Tecno,China,Mid-Range,New,576199,7.1,Online,Cash,0,2,0.0,0.461,1.0,0.985,1.0,1.0,0.58,0.71,1
CUST_03443,37,Female,Mbeya,Christian,Others,Diploma,"<200,000",M-Pesa,3,0.27,0.89,0.43,0.5,Nokia,Finland,Mid-Range,New,454822,6.2,Physical Store,Mobile Money,1,2,0.0,0.267,1.0,0.512,1.0,1.0,0.295,0.68,1
CUST_03881,37,Female,Dar es Salaam,Muslim,Others,Secondary,"<200,000",Tigo Pesa,5,0.12,0.74,0.77,0.7,Tecno,China,Mid-Range,Used,144301,6.5,Mobile,Cash,0,2,0.733,0.501,0.9,0.672,0.6,1.0,0.584,0.76,1
CUST_01917,32,Male,Zanzibar,Christian,Sukuma,Secondary,"500,001-1,000,000",Airtel Money,2,0.1,0.55,0.82,0.7,Samsung,South Korea,Premium,New,2183087,8.2,Physical Store,Cash,0,2,0.0,0.672,1.0,0.682,1.0,1.0,0.445,0.46,0
CUST_00473,32,Female,Arusha,Christian,Sukuma,Secondary,"200,000-500,000",Tigo Pesa,3,0.35,0.74,0.67,0.5,Samsung,South Korea,Premium,New,1024944,9.8,Physical Store,Mobile Money,0,11,0.368,0.657,1.0,0.743,1.0,1.0,0.744,0.78,1
CUST_00383,43,Female,Morogoro,Muslim,Chagga,Diploma,"200,000-500,000",Airtel Money,3,0.59,0.92,0.32,0.5,Tecno,China,Mid-Range,New,456238,6.2,Physical Store,Cash,0,2,0.0,0.198,0.9,0.979,1.0,1.0,0.343,0.68,1
CUST_01087,34,Male,Morogoro,Muslim,Nyamwezi,Secondary,"500,001-1,000,000",Tigo Pesa,4,0.16,0.71,0.87,0.3,Itel,China,Budget,New,216291,6.4,Physical Store,Cash,0,2,0.0,0.557,0.9,0.813,1.0,1.0,0.442,0.74,1
CUST_01665,15,Female,Mbeya,Christian,Sukuma,No formal,"500,001-1,000,000",Tigo Pesa,3,0.26,0.63,0.54,0.3,Samsung,South Korea,Premium,New,1813168,8.5,Mobile,Mobile Money,0,2,0.048,0.459,1.0,0.958,1.0,1.0,0.531,0.55,1
CUST_02270,28,Female,Dodoma,Muslim,Others,Secondary,"200,000-500,000",Halopesa,4,0.58,0.78,0.87,1.0,Apple,USA,Premium,New,2235076,8.8,Online,Mobile Money,1,2,0.0,0.766,0.9,0.836,1.0,0.8,0.835,0.48,1
CUST_04118,31,Female,Tanga,Christian,Others,Primary,"500,001-1,000,000",Airtel Money,3,0.14,0.51,0.7,0.7,Nokia,Finland,Mid-Range,New,597361,6.3,Physical Store,Mobile Money,0,1,0.238,0.441,1.0,0.901,1.0,1.0,0.716,0.66,0
CUST_04702,35,Male,Arusha,Christian,Nyamwezi,No formal,"500,001-1,000,000",M-Pesa,2,0.29,0.59,0.78,1.0,Oppo,China,Mid-Range,Used,128481,5.9,Physical Store,Mobile Money,0,2,0.81,0.46,1.0,0.893,0.6,0.8,0.742,0.73,1
CUST_04389,22,Female,Dodoma,Christian,Makonde,Secondary,"500,001-1,000,000",M-Pesa,5,0.2,0.42,0.87,0.5,Huawei,China,Premium,New,2115866,8.3,Physical Store,Mobile Money,0,2,0.259,0.722,1.0,0.672,1.0,1.0,0.575,0.47,1
CUST_04350,34,Female,Mwanza,Christian,Sukuma,Primary,"<200,000",M-Pesa,5,0.81,0.89,0.37,0.7,Infinix,China,Mid-Range,New,561205,6.6,Physical Store,Mobile Money,0,2,0.0,0.244,1.0,0.614,1.0,1.0,0.198,0.68,1
CUST_04719,42,Male,Dar es Salaam,Christian,Chagga,Primary,">2,000,000",M-Pesa,3,0.39,0.39,0.89,0.0,Huawei,China,Premium,New,1175384,8.7,Online,Card,1,2,0.618,0.774,1.0,0.771,1.0,1.0,0.879,0.69,0
CUST_03982,23,Male,Mwanza,Muslim,Others,Secondary,"200,000-500,000",Halopesa,3,0.3,0.74,0.61,0.0,Apple,USA,Premium,New,652419,8.6,Online,Mobile Money,0,2,0.598,0.525,0.9,0.711,1.0,1.0,0.761,0.79,1
CUST_03975,36,Male,Dar es Salaam,Muslim,Makonde,Diploma,"200,000-500,000",Airtel Money,1,0.39,0.72,0.73,0.0,Huawei,China,Premium,Used,1432996,8.1,Physical Store,Cash,0,1,0.14,0.591,0.9,0.798,0.6,1.0,0.449,0.6,0
CUST_03227,23,Male,Mwanza,Muslim,Nyamwezi,Bachelor,"1,000,001-2,000,000",M-Pesa,3,0.43,0.46,0.64,0.3,Vivo,China,Mid-Range,Used,261478,6.2,Physical Store,Cash,0,2,0.699,0.397,0.9,0.953,0.6,1.0,0.611,0.72,1
CUST_00267,15,Male,Arusha,Muslim,Others,Secondary,"200,000-500,000",Airtel Money,4,0.1,0.83,0.66,0.5,Xiaomi,China,Mid-Range,New,467164,6.1,Mobile,Card,0,11,0.031,0.403,0.9,0.937,1.0,1.0,0.481,0.67,1
CUST_00885,43,Female,Mwanza,Muslim,Others,Secondary,"200,000-500,000",M-Pesa,5,0.13,0.85,0.64,0.3,Samsung,South Korea,Premium,New,1422423,9.1,Physical Store,Mobile Money,1,2,0.0,0.582,0.9,1.083,1.0,1.0,0.638,0.66,1
CUST_00169,19,Female,Arusha,Christian,Others,No formal,"500,001-1,000,000",M-Pesa,3,0.29,0.54,0.77,0.3,Huawei,China,Premium,New,1065298,9.7,Physical Store,Cash,1,2,0.521,0.747,1.0,0.945,1.0,1.0,0.586,0.77,1
CUST_01340,40,Male,Dar es Salaam,Christian,Others,Diploma,"500,001-1,000,000",None,5,0.07,0.53,0.37,0.3,Nokia,Finland,Mid-Range,New,480391,7.9,Physical Store,Cash,0,2,0.363,0.292,1.0,0.726,1.0,1.0,0.531,0.78,1
CUST_01258,36,Male,Mwanza,Muslim,Gogo,Primary,"200,000-500,000",Halopesa,5,0.23,0.7,0.38,0.5,Apple,USA,Premium,New,816812,8.5,Physical Store,Mobile Money,0,1,0.524,0.323,0.9,0.937,1.0,1.0,0.358,0.75,1
CUST_02468,30,Female,Dodoma,Muslim,Gogo,Secondary,"<200,000",M-Pesa,3,0.29,0.96,0.65,0.3,Oppo,China,Mid-Range,New,298357,6.2,Online,Mobile Money,1,1,0.284,0.403,0.9,0.85,1.0,1.0,0.525,0.71,1
CUST_02883,34,Male,Mbeya,Christian,Sukuma,Primary,"200,000-500,000",None,5,0.61,1.0,0.56,0.5,Samsung,South Korea,Premium,New,2125335,9.3,Physical Store,Cash,1,2,0.0,0.521,1.0,0.743,1.0,1.0,0.432,0.53,1
CUST_02630,23,Female,Mwanza,Christian,Others,Secondary,"200,000-500,000",M-Pesa,5,0.14,0.77,0.67,0.3,Samsung,South Korea,Premium,New,1911182,9.3,Physical Store,Cash,1,1,0.0,0.623,1.0,0.915,1.0,1.0,0.576,0.58,1
CUST_04522,24,Female,Zanzibar,Christian,Sukuma,Diploma,"200,000-500,000",Tigo Pesa,3,0.12,1.0,0.83,0.5,Nokia,Finland,Mid-Range,New,423807,7.5,Physical Store,Card,0,2,0.0,0.622,1.0,0.689,1.0,1.0,0.563,0.77,1
CUST_04921,15,Female,Dar es Salaam,Christian,Others,No formal,"1,000,001-2,000,000",Tigo Pesa,4,0.1,0.4,0.79,0.5,Itel,China,Budget,New,224618,6.6,Mobile,Cash,0,2,0.401,0.521,1.0,0.793,1.0,1.0,0.466,0.75,1
CUST_00134,35,Male,Tanga,Christian,Sukuma,Secondary,">2,000,000",Halopesa,3,0.15,0.14,0.85,0.5,Oppo,China,Mid-Range,New,436956,6.2,Physical Store,Cash,0,2,0.847,0.527,1.0,0.973,1.0,1.0,0.896,0.68,1
CUST_01441,19,Male,Arusha,Muslim,Sukuma,Secondary,"200,000-500,000",Tigo Pesa,2,0.52,0.72,0.7,0.3,Xiaomi,China,Mid-Range,New,518873,6.5,Online,Cash,0,2,0.066,0.455,0.9,0.642,1.0,1.0,0.441,0.69,1
CUST_00706,18,Female,Arusha,Christian,Others,No formal,"<200,000",None,4,0.6,0.84,0.56,0.0,Tecno,China,Mid-Range,New,376269,7.0,Online,Mobile Money,1,2,0.21,0.392,1.0,0.636,1.0,1.0,0.495,0.74,1
CUST_03149,34,Female,Dodoma,Muslim,Others,Secondary,"200,000-500,000",M-Pesa,3,0.3,0.85,0.85,0.3,Xiaomi,China,Mid-Range,New,319006,7.2,Mobile,Cash,0,1,0.322,0.612,0.9,0.642,1.0,1.0,0.621,0.77,1
CUST_03815,22,Female,Dar es Salaam,Christian,Chagga,Diploma,"500,001-1,000,000",Airtel Money,5,0.21,0.45,0.43,0.5,Infinix,China,Mid-Range,New,306028,7.0,Physical Store,Mobile Money,0,2,0.656,0.301,1.0,0.962,1.0,1.0,0.475,0.76,1
CUST_04759,33,Female,Dodoma,Christian,Others,Secondary,"500,001-1,000,000",M-Pesa,1,0.31,0.78,0.61,0.0,Infinix,China,Mid-Range,New,521004,8.0,Mobile,Mobile Money,0,2,0.0,0.488,1.0,0.724,1.0,1.0,0.46,0.78,1
CUST_04546,25,Female,Tanga,Muslim,Makonde,Primary,"500,001-1,000,000",Tigo Pesa,2,0.37,0.73,0.67,0.0,Tecno,China,Mid-Range,New,311945,7.3,Online,Card,1,1,0.431,0.489,0.9,0.621,1.0,1.0,0.776,0.78,0
CUST_04060,15,Male,Zanzibar,Muslim,Others,Diploma,"200,000-500,000",Airtel Money,3,0.13,0.75,0.34,0.5,Apple,USA,Premium,New,2097864,9.3,Physical Store,Cash,0,2,0.0,0.316,0.9,1.044,1.0,1.0,0.357,0.54,1
CUST_02824,22,Female,Zanzibar,Christian,Others,No formal,"200,000-500,000",M-Pesa,1,0.27,0.91,0.48,0.3,Samsung,South Korea,Premium,New,1773671,9.6,Physical Store,Cash,0,2,0.0,0.461,1.0,0.968,1.0,1.0,0.446,0.62,1
CUST_03314,32,Female,Tanga,Muslim,Others,Secondary,"200,000-500,000",Halopesa,2,0.07,0.71,0.86,0.3,Huawei,China,Premium,New,1544377,8.7,Physical Store,Mobile Money,0,2,0.086,0.748,0.9,0.605,1.0,1.0,0.648,0.61,1
CUST_00933,28,Male,Tanga,Christian,Others,Secondary,"200,000-500,000",M-Pesa,4,0.32,0.77,0.76,0.5,Apple,USA,Premium,New,1620912,9.0,Physical Store,Mobile Money,0,2,0.0,0.684,1.0,0.847,1.0,1.0,0.604,0.62,0
CUST_00377,31,Female,Mwanza,Christian,Sukuma,Primary,"500,001-1,000,000",M-Pesa,2,0.65,0.66,0.79,0.3,Nokia,Finland,Mid-Range,Used,382170,5.1,Online,Cash,0,2,0.369,0.403,1.0,0.678,0.6,1.0,0.685,0.63,1
CUST_04134,20,Female,Dodoma,Christian,Others,Primary,"<200,000",M-Pesa,4,0.15,0.76,0.89,0.0,Infinix,China,Mid-Range,New,584871,8.0,Physical Store,Mobile Money,0,1,0.0,0.712,1.0,0.595,1.0,1.0,0.537,0.76,1
CUST_02103,61,Male,Morogoro,Muslim,Others,Secondary,"200,000-500,000",Airtel Money,3,0.33,0.78,0.86,0.5,Tecno,China,Mid-Range,Used,468224,5.9,Online,Mobile Money,0,2,0.087,0.507,0.9,0.584,0.6,1.0,0.399,0.66,1
CUST_04334,25,Female,Arusha,Christian,Others,Primary,"200,000-500,000",Tigo Pesa,2,0.28,0.75,0.68,0.7,Tecno,China,Mid-Range,New,363135,6.9,Physical Store,Cash,0,2,0.319,0.469,1.0,0.802,1.0,1.0,0.479,0.74,1
CUST_01455,29,Male,Arusha,Christian,Sukuma,Primary,"500,001-1,000,000",Tigo Pesa,3,0.16,0.48,0.51,1.0,Nokia,Finland,Mid-Range,New,546525,7.2,Mobile,Cash,0,1,0.344,0.367,1.0,0.898,1.0,0.8,0.615,0.72,1
CUST_04973,29,Male,Dar es Salaam,Christian,Nyamwezi,Bachelor,"1,000,001-2,000,000",Tigo Pesa,4,0.33,0.34,0.58,0.5,Tecno,China,Mid-Range,New,459610,6.1,Physical Store,Card,0,11,0.609,0.354,1.0,0.502,1.0,1.0,0.589,0.67,1
CUST_00255,34,Female,Mbeya,Christian,Others,No formal,"200,000-500,000",Halopesa,3,0.18,0.88,0.35,0.7,Infinix,China,Mid-Range,Used,270824,5.9,Physical Store,Cash,0,2,0.404,0.207,1.0,0.542,0.6,1.0,0.258,0.7,1
CUST_04731,19,Female,Mwanza,Christian,Others,No formal,"<200,000",Halopesa,4,0.36,0.77,0.7,0.3,Huawei,China,Premium,Used,1293984,8.2,Physical Store,Cash,0,2,0.17,0.574,1.0,0.526,0.6,1.0,0.465,0.63,1
CUST_01473,25,Female,Dar es Salaam,Muslim,Sukuma,Secondary,"<200,000",Tigo Pesa,3,0.11,0.99,0.43,1.0,Tecno,China,Mid-Range,New,404961,8.0,Physical Store,Mobile Money,0,2,0.0,0.344,0.9,0.763,1.0,0.8,0.678,0.8,0
CUST_04862,31,Male,Zanzibar,Christian,Sukuma,Primary,"200,000-500,000",Tigo Pesa,3,0.4,0.99,0.87,0.5,Apple,USA,Premium,New,1726694,8.4,Physical Store,Cash,1,2,0.0,0.731,1.0,1.145,1.0,1.0,0.625,0.56,1
CUST_04368,41,Male,Dar es Salaam,Muslim,Sukuma,Primary,"<200,000",M-Pesa,1,0.49,0.97,0.64,0.0,Itel,China,Budget,Used,44797,5.3,Mobile,Card,0,2,0.71,0.339,0.9,0.78,0.6,1.0,0.65,0.71,1
CUST_02752,15,Female,Arusha,Muslim,Others,Primary,"<200,000",Airtel Money,3,0.28,0.78,0.32,0.5,Infinix,China,Mid-Range,New,574938,7.4,Physical Store,Cash,0,2,0.0,0.237,0.9,0.863,1.0,1.0,0.637,0.73,1
CUST_00092,18,Male,Mbeya,Muslim,Chagga,No formal,"<200,000",Airtel Money,2,0.51,0.78,0.88,0.3,Tecno,China,Mid-Range,New,491145,7.4,Physical Store,Cash,0,2,0.042,0.651,0.9,0.828,1.0,1.0,0.735,0.75,1
CUST_03757,16,Male,Dar es Salaam,Christian,Sukuma,Secondary,"200,000-500,000",Halopesa,4,0.55,0.7,0.57,0.5,Huawei,China,Premium,New,2036155,8.3,Physical Store,Card,1,2,0.0,0.473,1.0,0.626,1.0,1.0,0.557,0.49,1
CUST_01408,36,Male,Morogoro,Christian,Nyamwezi,Diploma,"200,000-500,000",M-Pesa,3,0.21,0.91,0.51,0.3,Apple,USA,Premium,Used,1663927,8.2,Online,Cash,0,1,0.0,0.418,1.0,0.887,0.6,1.0,0.442,0.56,1
CUST_00495,15,Female,Mbeya,Christian,Chagga,Secondary,"1,000,001-2,000,000",Tigo Pesa,2,0.1,0.43,0.38,0.7,Tecno,China,Mid-Range,New,298027,7.5,Physical Store,Mobile Money,0,12,0.68,0.285,1.0,0.697,1.0,1.0,0.831,0.79,1
CUST_01639,22,Male,Dodoma,Christian,Sukuma,Secondary,"<200,000",M-Pesa,2,0.48,0.89,0.85,0.0,Itel,China,Budget,New,90364,4.9,Physical Store,Cash,1,2,0.464,0.417,1.0,0.522,1.0,1.0,0.591,0.68,1
CUST_04800,32,Female,Tanga,Christian,Haya,Diploma,"200,000-500,000",Tigo Pesa,4,0.17,0.95,0.46,0.3,Nokia,Finland,Mid-Range,New,472541,6.7,Physical Store,Mobile Money,1,1,0.0,0.308,1.0,0.683,1.0,1.0,0.356,0.71,1
CUST_03430,15,Male,Arusha,Muslim,Others,No formal,"500,001-1,000,000",Tigo Pesa,4,0.46,0.61,0.52,0.0,Apple,USA,Premium,New,1673981,9.8,Online,Cash,0,1,0.149,0.51,0.9,0.622,1.0,1.0,0.674,0.65,1
CUST_02918,25,Male,Mwanza,Christian,Chagga,Secondary,"200,000-500,000",Tigo Pesa,3,0.3,0.76,0.82,0.0,Apple,USA,Premium,New,2439289,8.2,Online,Mobile Money,0,12,0.0,0.672,1.0,0.73,1.0,1.0,0.675,0.4,0
CUST_02023,18,Female,Mbeya,Christian,Others,No formal,"500,001-1,000,000",M-Pesa,3,0.15,0.56,0.56,0.5,Tecno,China,Mid-Range,New,302966,6.7,Physical Store,Cash,0,2,0.576,0.375,1.0,0.899,1.0,1.0,0.457,0.74,1
CUST_01299,27,Female,Tanga,Christian,Others,Primary,"200,000-500,000",M-Pesa,4,0.29,0.7,0.86,0.5,Samsung,South Korea,Premium,Used,1201338,7.4,Physical Store,Cash,0,1,0.299,0.636,1.0,0.867,0.6,1.0,0.602,0.6,1
CUST_02292,28,Male,Mwanza,Christian,Sukuma,Diploma,"200,000-500,000",M-Pesa,5,0.45,0.84,0.32,0.3,Infinix,China,Mid-Range,New,392610,8.0,Online,Cash,0,12,0.176,0.256,1.0,0.6,1.0,1.0,0.281,0.8,1
CUST_04882,28,Male,Dar es Salaam,Christian,Haya,Primary,"500,001-1,000,000",Tigo Pesa,5,0.11,0.65,0.72,0.3,Tecno,China,Mid-Range,New,559580,6.9,Physical Store,Cash,0,2,0.091,0.497,1.0,0.51,1.0,1.0,0.448,0.7,1
CUST_01731,39,Male,Mbeya,Christian,Others,No formal,"200,000-500,000",None,5,0.27,0.79,0.33,0.3,Samsung,South Korea,Premium,New,1913018,9.4,Online,Mobile Money,0,2,0.0,0.31,1.0,0.627,1.0,1.0,0.4,0.58,1
CUST_03898,24,Female,Morogoro,Christian,Others,Secondary,"200,000-500,000",M-Pesa,3,0.4,1.0,0.89,0.0,Infinix,China,Mid-Range,Used,265702,5.2,Online,Card,1,12,0.336,0.463,1.0,0.941,0.6,1.0,0.405,0.66,1
CUST_03330,18,Male,Mbeya,Christian,Others,Secondary,"500,001-1,000,000",None,3,0.49,0.42,0.77,0.3,Tecno,China,Mid-Range,New,582138,6.8,Physical Store,Cash,0,1,0.389,0.524,1.0,0.565,1.0,1.0,0.664,0.69,1
CUST_00599,33,Male,Zanzibar,Muslim,Others,Master+,"200,000-500,000",M-Pesa,3,0.43,0.9,0.6,0.0,Oppo,China,Mid-Range,New,445799,6.5,Physical Store,Mobile Money,1,2,0.0,0.39,0.9,0.604,1.0,1.0,0.492,0.7,1
CUST_02492,15,Male,Dar es Salaam,Christian,Others,No formal,"200,000-500,000",M-Pesa,3,0.4,0.74,0.45,0.3,Infinix,China,Mid-Range,New,599602,6.8,Online,Mobile Money,1,12,0.0,0.306,1.0,0.736,1.0,1.0,0.525,0.69,1
CUST_01496,35,Female,Mwanza,Christian,Nyamwezi,Primary,"500,001-1,000,000",M-Pesa,5,0.13,0.5,0.65,0.5,Itel,China,Budget,New,80113,4.4,Physical Store,Cash,0,2,0.733,0.286,1.0,0.607,1.0,1.0,0.533,0.65,1
CUST_01317,23,Female,Morogoro,Muslim,Nyamwezi,Primary,"1,000,001-2,000,000",Airtel Money,4,0.37,0.11,0.86,0.0,Huawei,China,Premium,New,1753661,8.9,Online,Cash,0,1,0.839,0.765,0.9,0.587,1.0,1.0,0.743,0.58,1
CUST_04623,35,Female,Mwanza,Christian,Makonde,Primary,"500,001-1,000,000",Halopesa,1,0.27,0.52,0.43,0.5,Samsung,South Korea,Premium,New,2029114,9.4,Mobile,Cash,1,2,0.121,0.404,1.0,0.868,1.0,1.0,0.605,0.56,1
CUST_03452,15,Male,Zanzibar,Christian,Gogo,Secondary,"<200,000",Halopesa,5,0.21,0.97,0.34,0.5,Apple,USA,Premium,New,1642572,9.7,Physical Store,Cash,0,2,0.0,0.33,1.0,0.78,1.0,1.0,0.473,0.65,1
CUST_04896,34,Female,Zanzibar,Christian,Others,Primary,"<200,000",None,2,0.33,0.76,0.41,0.3,Nokia,Finland,Mid-Range,New,265419,7.0,Physical Store,Cash,0,9,0.496,0.287,1.0,0.951,1.0,1.0,0.729,0.77,1
CUST_03365,39,Female,Arusha,Muslim,Sukuma,Secondary,"200,000-500,000",Tigo Pesa,1,0.32,0.92,0.71,1.0,Huawei,China,Premium,New,2188941,9.4,Physical Store,Card,0,2,0.0,0.667,0.9,0.586,1.0,0.8,0.421,0.53,1
CUST_03785,15,Female,Dar es Salaam,Christian,Others,Bachelor,"<200,000",M-Pesa,2,0.13,0.81,0.46,0.0,Oppo,China,Mid-Range,New,585519,7.3,Online,Cash,0,2,0.0,0.336,1.0,0.53,1.0,1.0,0.233,0.72,1
CUST_01548,35,Female,Mwanza,Christian,Chagga,Primary,"200,000-500,000",Tigo Pesa,2,0.35,0.82,0.79,0.3,Tecno,China,Mid-Range,Used,397752,6.8,Physical Store,Mobile Money,0,2,0.185,0.537,1.0,0.955,0.6,1.0,0.398,0.73,0
CUST_00174,25,Male,Dar es Salaam,Muslim,Others,Primary,"500,001-1,000,000",Airtel Money,2,0.3,0.43,0.63,0.5,Huawei,China,Premium,New,1722306,9.9,Physical Store,Cash,1,12,0.383,0.624,0.9,0.805,1.0,1.0,0.598,0.65,1
CUST_00099,35,Female,Dodoma,Christian,Others,Secondary,"<200,000",M-Pesa,2,0.18,0.79,0.54,0.3,Xiaomi,China,Mid-Range,New,475581,6.2,Physical Store,Card,0,2,0.061,0.335,1.0,0.747,1.0,1.0,0.467,0.68,1
CUST_04746,17,Male,Mbeya,Christian,Others,Primary,">2,000,000",M-Pesa,1,0.64,0.17,0.52,0.3,Xiaomi,China,Mid-Range,New,261851,7.2,Physical Store,Mobile Money,1,2,0.889,0.374,1.0,0.744,1.0,1.0,0.706,0.78,0
CUST_01553,44,Male,Morogoro,Christian,Nyamwezi,Secondary,"200,000-500,000",Tigo Pesa,4,0.2,0.8,0.31,0.5,Apple,USA,Premium,Used,951681,7.5,Physical Store,Mobile Money,0,2,0.366,0.232,1.0,0.659,0.6,1.0,0.413,0.66,1
CUST_04750,33,Female,Dar es Salaam,Christian,Others,Primary,"200,000-500,000",M-Pesa,1,0.43,0.9,0.44,0.3,Tecno,China,Mid-Range,Used,359773,6.3,Online,Mobile Money,0,2,0.191,0.277,1.0,0.876,0.6,1.0,0.564,0.71,1
CUST_02673,16,Male,Morogoro,Muslim,Sukuma,Diploma,"200,000-500,000",Airtel Money,2,0.27,0.78,0.39,0.7,Itel,China,Budget,New,159416,5.1,Mobile,Cash,1,11,0.171,0.199,0.9,0.988,1.0,1.0,0.731,0.67,1
CUST_04635,16,Male,Mbeya,Christian,Others,Primary,"1,000,001-2,000,000",M-Pesa,5,0.29,0.16,0.77,0.0,Nokia,Finland,Mid-Range,New,332903,7.0,Online,Mobile Money,0,2,0.867,0.539,1.0,0.823,1.0,1.0,0.817,0.75,0
CUST_04202,20,Male,Arusha,Christian,Makonde,Diploma,"200,000-500,000",M-Pesa,4,0.16,0.76,0.36,0.3,Infinix,China,Mid-Range,New,396641,6.9,Online,Cash,0,1,0.246,0.248,1.0,0.544,1.0,1.0,0.401,0.73,1
CUST_04625,21,Female,Mwanza,Christian,Chagga,Primary,">2,000,000",M-Pesa,2,0.01,0.37,0.77,0.3,Xiaomi,China,Mid-Range,Used,310453,6.4,Physical Store,Card,0,1,0.713,0.493,1.0,0.798,0.6,1.0,0.63,0.72,1
CUST_02731,41,Male,Dodoma,Christian,Makonde,Diploma,">2,000,000",M-Pesa,4,0.39,0.36,0.57,0.3,Tecno,China,Mid-Range,New,479197,6.3,Physical Store,Cash,0,2,0.569,0.359,1.0,0.918,1.0,1.0,0.534,0.68,1
CUST_00416,35,Female,Dodoma,Muslim,Others,Diploma,"200,000-500,000",Tigo Pesa,3,0.36,0.98,0.65,0.5,Nokia,Finland,Mid-Range,New,282694,7.3,Mobile,Mobile Money,0,1,0.307,0.474,0.9,0.624,1.0,1.0,0.385,0.78,1
CUST_01888,18,Female,Mwanza,Muslim,Others,Diploma,"<200,000",Tigo Pesa,2,0.08,0.97,0.88,0.3,Xiaomi,China,Mid-Range,New,406117,6.7,Physical Store,Cash,0,2,0.015,0.59,0.9,0.872,1.0,1.0,0.497,0.72,0
CUST_02372,27,Female,Mwanza,Muslim,Others,Primary,"200,000-500,000",Tigo Pesa,2,0.23,0.84,0.61,0.3,Nokia,Finland,Mid-Range,New,371297,6.5,Online,Card,0,2,0.22,0.396,0.9,0.616,1.0,1.0,0.464,0.72,1
CUST_04720,21,Male,Mbeya,Muslim,Sukuma,Bachelor,"200,000-500,000",Tigo Pesa,3,0.49,0.74,0.68,0.5,Nokia,Finland,Mid-Range,New,327303,7.0,Mobile,Mobile Money,0,2,0.394,0.476,0.9,0.537,1.0,1.0,0.592,0.75,1
CUST_02384,32,Female,Dar es Salaam,Muslim,Others,Diploma,"<200,000",M-Pesa,3,0.35,0.88,0.61,0.0,Huawei,China,Premium,New,2444578,9.3,Online,Cash,0,2,0.0,0.567,0.9,0.871,1.0,1.0,0.353,0.47,1
CUST_00611,40,Male,Mwanza,Christian,Makonde,Primary,">2,000,000",M-Pesa,5,0.64,0.27,0.55,0.3,Nokia,Finland,Mid-Range,New,512663,7.3,Physical Store,Mobile Money,1,2,0.654,0.402,1.0,0.799,1.0,1.0,0.743,0.74,1
CUST_01814,23,Male,Dodoma,Muslim,Others,Primary,"500,001-1,000,000",Airtel Money,3,0.38,0.59,0.85,0.5,Infinix,China,Mid-Range,New,509626,6.1,Physical Store,Mobile Money,0,2,0.248,0.518,0.9,0.826,1.0,1.0,0.526,0.66,1
CUST_02068,22,Male,Mwanza,Christian,Others,Primary,"<200,000",Halopesa,5,0.2,0.98,0.66,0.0,Infinix,China,Mid-Range,Used,401336,6.0,Physical Store,Card,0,2,0.017,0.396,1.0,0.811,0.6,1.0,0.523,0.68,1
CUST_00823,34,Male,Morogoro,Muslim,Sukuma,Secondary,"500,001-1,000,000",Airtel Money,2,0.22,0.45,0.88,0.0,Itel,China,Budget,Used,91108,4.3,Physical Store,Card,1,2,0.727,0.378,0.9,0.598,0.6,1.0,0.638,0.64,1
CUST_04078,27,Female,Dar es Salaam,Christian,Others,Secondary,"200,000-500,000",M-Pesa,4,0.11,0.86,0.75,0.5,Itel,China,Budget,New,179054,4.6,Physical Store,Cash,1,2,0.0,0.345,1.0,0.833,1.0,1.0,0.318,0.64,1
CUST_01656,32,Female,Mbeya,Christian,Nyamwezi,Primary,"200,000-500,000",M-Pesa,3,0.5,0.71,0.58,0.0,Tecno,China,Mid-Range,New,532248,7.7,Physical Store,Cash,0,2,0.055,0.447,1.0,0.679,1.0,1.0,0.453,0.76,1
CUST_01770,18,Male,Dar es Salaam,Christian,Haya,Primary,"<200,000",M-Pesa,1,0.4,0.77,0.44,1.0,Itel,China,Budget,New,225027,5.4,Online,Cash,0,2,0.0,0.238,1.0,0.719,1.0,0.8,0.582,0.68,1
CUST_02153,20,Male,Morogoro,Christian,Gogo,Secondary,"500,001-1,000,000",Airtel Money,5,0.26,0.46,0.59,0.7,Xiaomi,China,Mid-Range,New,376189,6.2,Physical Store,Mobile Money,0,1,0.567,0.366,1.0,0.883,1.0,1.0,0.801,0.7,0
CUST_02868,47,Male,Arusha,Christian,Nyamwezi,Secondary,">2,000,000",Halopesa,3,0.03,0.4,0.49,0.7,Xiaomi,China,Mid-Range,New,329411,7.0,Physical Store,Cash,0,2,0.671,0.343,1.0,0.949,1.0,1.0,0.629,0.75,1
CUST_00336,15,Male,Mbeya,Muslim,Others,Primary,"<200,000",M-Pesa,4,0.09,0.87,0.67,0.5,Huawei,China,Premium,New,1981934,8.9,Physical Store,Cash,1,1,0.0,0.596,0.9,0.634,1.0,1.0,0.462,0.54,1
CUST_00975,19,Female,Arusha,Muslim,Others,Secondary,"500,001-1,000,000",Airtel Money,3,0.16,0.44,0.86,0.7,Huawei,China,Premium,New,899073,8.3,Physical Store,Cash,0,2,0.67,0.714,0.9,0.837,1.0,1.0,0.765,0.72,1
CUST_01918,33,Male,Mwanza,Christian,Chagga,Primary,"200,000-500,000",Tigo Pesa,2,0.23,0.89,0.86,0.3,Vivo,China,Mid-Range,New,253679,6.4,Online,Mobile Money,0,1,0.436,0.55,1.0,0.87,1.0,1.0,0.62,0.73,1
CUST_02993,28,Female,Dar es Salaam,Christian,Sukuma,Diploma,"200,000-500,000",M-Pesa,3,0.15,0.73,0.47,0.7,Tecno,China,Mid-Range,Used,328055,6.4,Mobile,Cash,0,12,0.401,0.301,1.0,0.574,0.6,1.0,0.418,0.72,1
CUST_04216,24,Female,Zanzibar,Christian,Others,Primary,">2,000,000",Tigo Pesa,4,0.45,0.22,0.82,0.5,Infinix,China,Mid-Range,New,350501,6.2,Physical Store,Cash,1,2,0.807,0.508,1.0,0.716,1.0,1.0,0.679,0.7,1
CUST_03340,35,Female,Morogoro,Christian,Chagga,Bachelor,"<200,000",M-Pesa,5,0.46,0.75,0.66,0.0,Infinix,China,Mid-Range,New,514954,6.4,Physical Store,Cash,0,2,0.034,0.422,1.0,0.732,1.0,1.0,0.399,0.68,1
CUST_04462,45,Male,Tanga,Christian,Others,Secondary,"200,000-500,000",Airtel Money,3,0.5,0.91,0.79,0.0,Samsung,South Korea,Premium,New,1301017,8.2,Physical Store,Cash,0,1,0.013,0.648,1.0,0.973,1.0,1.0,0.54,0.63,0
CUST_00248,15,Male,Dar es Salaam,Christian,Others,Secondary,"1,000,001-2,000,000",None,3,0.13,0.37,0.71,0.3,Huawei,China,Premium,New,2151024,9.3,Physical Store,Mobile Money,0,2,0.337,0.66,1.0,0.653,1.0,1.0,0.736,0.53,1
CUST_04355,33,Female,Morogoro,Muslim,Others,Diploma,"200,000-500,000",Tigo Pesa,2,0.21,0.99,0.31,0.5,Apple,USA,Premium,New,623643,8.2,Physical Store,Mobile Money,0,2,0.485,0.254,0.9,0.96,1.0,1.0,0.563,0.77,1
CUST_00365,26,Female,Mbeya,Christian,Sukuma,Secondary,"500,001-1,000,000",Tigo Pesa,3,0.13,0.6,0.59,0.5,Vivo,China,Mid-Range,Used,295694,5.2,Online,Cash,0,12,0.556,0.307,1.0,0.685,0.6,1.0,0.503,0.65,1
CUST_00078,46,Female,Dar es Salaam,Christian,Others,Secondary,"500,001-1,000,000",M-Pesa,4,0.31,0.58,0.69,0.5,Samsung,South Korea,Premium,New,1352624,8.2,Online,Cash,0,2,0.346,0.566,1.0,1.138,1.0,1.0,0.671,0.62,1
CUST_02185,34,Female,Dar es Salaam,Muslim,Others,Bachelor,"<200,000",Airtel Money,2,0.55,0.99,0.7,0.7,Apple,USA,Premium,New,1160537,8.4,Physical Store,Mobile Money,0,2,0.043,0.588,0.9,0.871,1.0,1.0,0.715,0.67,0
CUST_03554,35,Male,Dar es Salaam,Christian,Others,No formal,"1,000,001-2,000,000",Tigo Pesa,2,0.08,0.32,0.85,0.3,Infinix,China,Mid-Range,New,361718,6.3,Mobile,Card,1,2,0.711,0.536,1.0,0.994,1.0,1.0,0.681,0.71,1
CUST_01717,34,Female,Mbeya,Other,Chagga,No formal,"<200,000",M-Pesa,3,0.47,0.76,0.3,0.5,Samsung,South Korea,Premium,New,1481300,9.1,Online,Cash,0,2,0.062,0.273,1.0,0.773,1.0,1.0,0.535,0.65,1
CUST_04706,34,Male,Mwanza,Christian,Others,Primary,"<200,000",M-Pesa,5,0.04,0.72,0.62,0.0,Samsung,South Korea,Premium,New,1022920,9.8,Physical Store,Mobile Money,0,2,0.386,0.608,1.0,0.73,1.0,1.0,0.558,0.78,1
CUST_02459,39,Male,Morogoro,Other,Others,Primary,"1,000,001-2,000,000",Airtel Money,4,0.45,0.45,0.54,0.5,Xiaomi,China,Mid-Range,Used,370695,6.9,Physical Store,Cash,1,2,0.583,0.373,1.0,0.655,0.6,1.0,0.567,0.74,1
CUST_01834,33,Female,Tanga,Christian,Others,No formal,"<200,000",M-Pesa,1,0.25,0.85,0.5,0.0,Infinix,China,Mid-Range,Used,426966,6.1,Mobile,Cash,0,12,0.093,0.305,1.0,0.561,0.6,1.0,0.481,0.68,1
CUST_03146,34,Female,Zanzibar,Christian,Chagga,Secondary,"1,000,001-2,000,000",M-Pesa,5,0.61,0.3,0.48,0.0,Huawei,China,Premium,New,692600,8.0,Online,Cash,0,2,0.827,0.384,1.0,0.792,1.0,1.0,0.745,0.74,1
CUST_04985,15,Male,Zanzibar,Christian,Nyamwezi,Primary,"<200,000",Tigo Pesa,4,0.14,0.95,0.83,0.0,Apple,USA,Premium,New,1854434,8.2,Mobile,Mobile Money,0,2,0.0,0.681,1.0,0.754,1.0,1.0,0.457,0.52,1
CUST_01251,23,Female,Mwanza,Muslim,Others,Primary,"500,001-1,000,000",Halopesa,1,0.28,0.79,0.67,0.0,Huawei,China,Premium,New,759873,8.6,Online,Mobile Money,0,1,0.5,0.576,0.9,0.676,1.0,1.0,0.627,0.76,1
CUST_00301,28,Female,Zanzibar,Christian,Chagga,Primary,"1,000,001-2,000,000",Halopesa,3,0.55,0.23,0.85,0.0,Huawei,China,Premium,New,1806972,9.9,Physical Store,Mobile Money,0,2,0.654,0.842,1.0,0.995,1.0,1.0,0.692,0.63,1
CUST_02364,17,Male,Arusha,Christian,Others,Primary,"500,001-1,000,000",Tigo Pesa,3,0.48,0.46,0.78,0.3,Samsung,South Korea,Premium,New,981725,8.2,Physical Store,Card,0,2,0.624,0.64,1.0,0.703,1.0,1.0,0.73,0.7,1
CUST_02376,29,Female,Dodoma,Christian,Others,Bachelor,"500,001-1,000,000",M-Pesa,3,0.37,0.67,0.81,0.7,Tecno,China,Mid-Range,New,514680,7.9,Mobile,Cash,0,1,0.138,0.64,1.0,0.918,1.0,1.0,0.611,0.77,1
CUST_02036,45,Male,Mwanza,Muslim,Sukuma,Secondary,"200,000-500,000",Tigo Pesa,2,0.2,0.89,0.55,0.5,Nokia,Finland,Mid-Range,New,344170,6.5,Physical Store,Mobile Money,0,2,0.234,0.358,0.9,0.967,1.0,1.0,0.62,0.72,1
CUST_01795,47,Male,Mwanza,Muslim,Gogo,Primary,"<200,000",M-Pesa,5,0.06,0.97,0.54,1.0,Vivo,China,Mid-Range,Used,256693,6.1,Mobile,Cash,0,2,0.378,0.329,0.9,0.946,0.6,0.8,0.417,0.71,0
CUST_03519,16,Female,Tanga,Christian,Others,Primary,"<200,000",M-Pesa,1,0.18,0.94,0.49,0.0,Huawei,China,Premium,New,1645414,9.3,Online,Cash,0,2,0.0,0.456,1.0,0.92,1.0,1.0,0.564,0.63,1
CUST_02585,25,Male,Dar es Salaam,Muslim,Others,Secondary,"<200,000",M-Pesa,2,0.39,0.71,0.58,0.5,Apple,USA,Premium,New,1359815,9.0,Online,Mobile Money,0,2,0.195,0.522,0.9,0.895,1.0,1.0,0.59,0.67,1
CUST_03677,28,Female,Mwanza,Muslim,Others,Primary,"500,001-1,000,000",M-Pesa,4,0.3,0.41,0.39,1.0,Vivo,China,Mid-Range,Used,457909,5.9,Physical Store,Cash,0,1,0.531,0.23,0.9,0.725,0.6,0.8,0.463,0.66,0
CUST_03843,36,Female,Arusha,Christian,Others,Primary,"<200,000",Airtel Money,1,0.45,0.88,0.54,0.3,Infinix,China,Mid-Range,Used,471498,5.8,Online,Mobile Money,0,1,0.0,0.313,1.0,0.726,0.6,1.0,0.489,0.65,1
CUST_04032,25,Male,Morogoro,Christian,Others,Master+,"1,000,001-2,000,000",Halopesa,2,0.29,0.48,0.62,0.3,Nokia,Finland,Mid-Range,New,284346,6.7,Physical Store,Mobile Money,0,11,0.659,0.415,1.0,0.626,1.0,1.0,0.464,0.75,1
CUST_03367,34,Female,Dodoma,Christian,Others,Primary,"200,000-500,000",M-Pesa,3,0.27,0.84,0.39,0.0,Vivo,China,Mid-Range,Used,215143,6.4,Physical Store,Mobile Money,0,1,0.548,0.25,1.0,0.921,0.6,1.0,0.497,0.74,1
CUST_00643,22,Female,Dodoma,Christian,Others,Secondary,"1,000,001-2,000,000",Airtel Money,2,0.2,0.11,0.85,0.7,Oppo,China,Mid-Range,New,466806,6.9,Mobile,Cash,0,2,0.872,0.586,1.0,0.526,1.0,1.0,0.895,0.72,1
CUST_02347,31,Male,Dar es Salaam,Muslim,Gogo,Secondary,"500,001-1,000,000",Halopesa,4,0.24,0.41,0.78,0.3,Nokia,Finland,Mid-Range,New,291716,7.9,Physical Store,Cash,1,2,0.701,0.616,0.9,0.658,1.0,1.0,0.762,0.82,1
CUST_00040,15,Male,Dar es Salaam,Christian,Sukuma,Primary,"<200,000",M-Pesa,2,0.33,0.95,0.45,0.0,Nokia,Finland,Mid-Range,New,588985,6.2,Physical Store,Card,0,2,0.0,0.279,1.0,0.919,1.0,1.0,0.387,0.65,1
CUST_03627,23,Male,Zanzibar,Christian,Others,Secondary,"1,000,001-2,000,000",Halopesa,4,0.04,0.38,0.74,0.5,Nokia,Finland,Mid-Range,New,394435,6.9,Physical Store,Mobile Money,0,2,0.625,0.511,1.0,0.583,1.0,1.0,0.658,0.74,0
CUST_00351,17,Male,Morogoro,Christian,Others,No formal,"500,001-1,000,000",Tigo Pesa,4,0.31,0.68,0.55,0.5,Nokia,Finland,Mid-Range,New,314495,7.8,Physical Store,Card,0,2,0.465,0.429,1.0,0.749,1.0,1.0,0.543,0.81,0
CUST_03439,23,Male,Mwanza,Christian,Others,Secondary,">2,000,000",Halopesa,4,0.05,0.13,0.86,0.3,Apple,USA,Premium,New,2134071,8.3,Mobile,Cash,1,2,0.769,0.714,1.0,0.929,1.0,1.0,0.693,0.47,1
CUST_02734,20,Female,Arusha,Christian,Others,Primary,"<200,000",Tigo Pesa,5,0.18,0.97,0.5,0.5,Nokia,Finland,Mid-Range,New,482996,7.4,Physical Store,Mobile Money,0,2,0.0,0.37,1.0,0.723,1.0,1.0,0.231,0.75,1
CUST_00986,22,Male,Morogoro,Christian,Others,Bachelor,"200,000-500,000",Tigo Pesa,3,0.2,0.88,0.59,0.0,Samsung,South Korea,Premium,New,1433100,9.5,Physical Store,Mobile Money,0,2,0.0,0.56,1.0,0.972,1.0,1.0,0.562,0.68,1
CUST_03344,15,Female,Dodoma,Christian,Sukuma,Primary,"500,001-1,000,000",Airtel Money,5,0.49,0.66,0.8,0.0,Nokia,Finland,Mid-Range,New,485984,6.8,Physical Store,Cash,0,2,0.198,0.544,1.0,0.811,1.0,1.0,0.521,0.71,0
CUST_03261,23,Female,Mwanza,Christian,Others,Diploma,"500,001-1,000,000",Airtel Money,1,0.39,0.71,0.74,0.5,Infinix,China,Mid-Range,New,449118,6.6,Online,Mobile Money,0,2,0.203,0.488,1.0,0.604,1.0,1.0,0.635,0.71,0
CUST_02604,29,Male,Dodoma,Christian,Others,No formal,"200,000-500,000",Tigo Pesa,2,0.53,0.86,0.48,0.7,Vivo,China,Mid-Range,New,527599,7.3,Physical Store,Cash,1,2,0.0,0.35,1.0,0.804,1.0,1.0,0.478,0.73,1
CUST_01487,36,Male,Tanga,Muslim,Others,Bachelor,"500,001-1,000,000",M-Pesa,4,0.37,0.59,0.51,0.5,Tecno,China,Mid-Range,Used,294268,6.4,Physical Store,Mobile Money,0,12,0.566,0.326,0.9,0.709,0.6,1.0,0.558,0.73,1
CUST_02933,27,Female,Mbeya,Muslim,Chagga,Secondary,"<200,000",Airtel Money,4,0.29,0.94,0.72,0.5,Apple,USA,Premium,New,1690363,8.7,Physical Store,Cash,1,2,0.0,0.626,0.9,0.745,1.0,1.0,0.489,0.58,1
CUST_03988,15,Male,Dar es Salaam,Christian,Others,Secondary,"<200,000",Tigo Pesa,2,0.49,0.95,0.42,0.0,Nokia,Finland,Mid-Range,New,525545,6.0,Physical Store,Cash,1,2,0.0,0.252,1.0,0.616,1.0,1.0,0.49,0.65,1
CUST_04427,15,Female,Arusha,Christian,Sukuma,Primary,"<200,000",M-Pesa,3,0.2,0.77,0.58,0.5,Itel,China,Budget,New,118140,6.2,Online,Cash,1,1,0.394,0.36,1.0,0.973,1.0,1.0,0.557,0.75,1
CUST_02906,24,Male,Mwanza,Muslim,Others,Secondary,"<200,000",Airtel Money,4,0.23,0.71,0.42,0.5,Infinix,China,Mid-Range,New,512889,7.7,Mobile,Cash,0,2,0.09,0.323,0.9,0.815,1.0,1.0,0.412,0.76,1
CUST_00489,16,Male,Dar es Salaam,Christian,Others,Secondary,"200,000-500,000",Tigo Pesa,3,0.18,0.76,0.36,0.7,Huawei,China,Premium,New,993994,9.1,Physical Store,Cash,0,12,0.37,0.328,1.0,0.554,1.0,1.0,0.548,0.75,1
CUST_01476,27,Male,Dar es Salaam,Christian,Others,Secondary,"<200,000",M-Pesa,1,0.02,0.92,0.58,1.0,Itel,China,Budget,New,180705,7.0,Physical Store,Cash,0,12,0.0,0.406,1.0,0.752,1.0,0.8,0.488,0.78,1
CUST_01873,15,Female,Dodoma,Muslim,Sukuma,Diploma,"500,001-1,000,000",Airtel Money,5,0.3,0.73,0.35,0.3,Samsung,South Korea,Premium,New,1236960,9.7,Physical Store,Cash,1,2,0.248,0.339,0.9,0.884,1.0,1.0,0.59,0.73,1
CUST_02075,20,Male,Mwanza,Christian,Nyamwezi,Primary,"200,000-500,000",Tigo Pesa,3,0.4,0.88,0.35,0.5,Nokia,Finland,Mid-Range,Used,268015,6.5,Physical Store,Card,0,1,0.41,0.227,1.0,0.964,0.6,1.0,0.605,0.74,1
CUST_04151,24,Female,Mwanza,Other,Sukuma,Primary,"500,001-1,000,000",Tigo Pesa,3,0.49,0.46,0.66,0.3,Oppo,China,Mid-Range,New,486877,6.8,Online,Mobile Money,0,2,0.44,0.449,1.0,0.527,1.0,1.0,0.73,0.71,1
CUST_02677,15,Female,Morogoro,Christian,Nyamwezi,Secondary,"200,000-500,000",None,3,0.41,0.92,0.67,0.3,Tecno,China,Mid-Range,New,303345,7.0,Physical Store,Mobile Money,1,2,0.302,0.469,1.0,0.825,1.0,1.0,0.506,0.76,1
CUST_02923,46,Male,Zanzibar,Christian,Others,Secondary,"200,000-500,000",Halopesa,4,0.36,0.76,0.71,0.7,Apple,USA,Premium,New,1253507,9.2,Online,Mobile Money,0,2,0.206,0.653,1.0,0.809,1.0,1.0,0.771,0.7,1
CUST_04353,39,Male,Dar es Salaam,Other,Nyamwezi,Diploma,"500,001-1,000,000",Tigo Pesa,3,0.31,0.75,0.31,0.7,Oppo,China,Mid-Range,New,427917,7.3,Physical Store,Cash,0,1,0.198,0.226,1.0,0.648,1.0,1.0,0.261,0.75,1
CUST_04078,27,Female,Dar es Salaam,Christian,Others,Secondary,"200,000-500,000",M-Pesa,4,0.11,0.86,0.75,0.5,Nokia,Finland,Mid-Range,New,476251,7.8,Physical Store,Cash,0,2,0.0,0.585,1.0,0.871,1.0,1.0,0.483,0.77,1
CUST_02635,15,Female,Mwanza,Christian,Haya,Bachelor,"200,000-500,000",M-Pesa,4,0.17,0.88,0.41,0.3,Infinix,China,Mid-Range,New,306081,7.8,Physical Store,Mobile Money,1,2,0.327,0.32,1.0,0.98,1.0,1.0,0.568,0.81,1
CUST_04491,24,Female,Mbeya,Christian,Others,Primary,"<200,000",Airtel Money,3,0.32,0.71,0.89,0.7,Huawei,China,Premium,New,2325637,9.2,Physical Store,Card,0,1,0.0,0.819,1.0,0.881,1.0,1.0,0.547,0.49,1
CUST_03004,30,Female,Dodoma,Christian,Nyamwezi,No formal,"500,001-1,000,000",Halopesa,5,0.68,0.41,0.53,0.7,Apple,USA,Premium,New,800797,8.4,Physical Store,Cash,0,1,0.726,0.445,1.0,0.627,1.0,1.0,0.755,0.74,1
CUST_03500,32,Male,Arusha,Christian,Makonde,Bachelor,"1,000,001-2,000,000",M-Pesa,4,0.41,0.21,0.88,0.5,Apple,USA,Premium,New,1466082,8.9,Physical Store,Mobile Money,0,2,0.743,0.783,1.0,1.116,1.0,1.0,0.841,0.64,1
CUST_03485,17,Male,Arusha,Muslim,Others,Primary,"200,000-500,000",None,5,0.19,0.99,0.36,0.5,Samsung,South Korea,Premium,New,2098466,8.7,Physical Store,Mobile Money,0,12,0.0,0.313,0.9,1.155,1.0,1.0,0.521,0.5,1
CUST_00807,24,Male,Dar es Salaam,Christian,Others,Secondary,"500,001-1,000,000",M-Pesa,3,0.38,0.74,0.66,0.3,Samsung,South Korea,Premium,New,810243,8.3,Physical Store,Cash,0,2,0.5,0.548,1.0,0.777,1.0,1.0,0.662,0.74,1
CUST_02991,28,Male,Mwanza,Muslim,Others,Secondary,"500,001-1,000,000",Tigo Pesa,3,0.44,0.41,0.37,0.0,Samsung,South Korea,Premium,New,2091354,8.7,Online,Mobile Money,0,11,0.285,0.322,0.9,1.175,1.0,1.0,0.392,0.5,0
CUST_01700,20,Female,Dar es Salaam,Muslim,Nyamwezi,Primary,"200,000-500,000",Tigo Pesa,4,0.4,0.75,0.49,0.3,Tecno,China,Mid-Range,New,343885,7.5,Physical Store,Cash,0,2,0.355,0.368,0.9,0.688,1.0,1.0,0.668,0.78,0
CUST_03099,28,Female,Mbeya,Christian,Others,Master+,">2,000,000",Airtel Money,3,0.08,0.41,0.38,0.3,Nokia,Finland,Mid-Range,New,348122,6.8,Physical Store,Cash,1,11,0.643,0.258,1.0,0.835,1.0,1.0,0.74,0.74,1
CUST_01037,23,Female,Dodoma,Christian,Others,Diploma,"1,000,001-2,000,000",Halopesa,1,0.52,0.34,0.71,0.5,Samsung,South Korea,Premium,New,2482187,8.0,Physical Store,Card,0,2,0.297,0.568,1.0,0.609,1.0,1.0,0.613,0.38,0
CUST_00835,25,Female,Mwanza,Christian,Others,Secondary,"200,000-500,000",None,4,0.26,0.79,0.77,0.3,Apple,USA,Premium,New,974908,9.5,Physical Store,Mobile Money,1,2,0.358,0.731,1.0,0.972,1.0,1.0,0.751,0.78,1
CUST_04789,28,Male,Morogoro,Christian,Sukuma,Bachelor,"500,001-1,000,000",Tigo Pesa,5,0.1,0.53,0.63,1.0,Itel,China,Budget,New,161870,4.1,Physical Store,Mobile Money,0,2,0.428,0.258,1.0,0.73,1.0,0.8,0.413,0.61,1
CUST_00352,16,Male,Dar es Salaam,Other,Others,Secondary,"<200,000",None,2,0.07,0.9,0.67,0.7,Apple,USA,Premium,New,903153,9.6,Physical Store,Cash,1,2,0.323,0.643,1.0,0.859,1.0,1.0,0.636,0.8,1
CUST_00671,34,Male,Morogoro,Christian,Makonde,Secondary,"500,001-1,000,000",M-Pesa,1,0.47,0.57,0.42,0.5,Tecno,China,Mid-Range,New,302026,7.1,Physical Store,Cash,0,1,0.57,0.298,1.0,0.79,1.0,1.0,0.578,0.77,1
CUST_00279,29,Male,Arusha,Muslim,Gogo,No formal,"200,000-500,000",None,3,0.16,0.96,0.6,0.5,Apple,USA,Premium,New,1881761,9.5,Online,Mobile Money,0,2,0.0,0.57,0.9,1.139,1.0,1.0,0.452,0.59,1
CUST_02296,22,Female,Dar es Salaam,Christian,Others,Bachelor,"<200,000",M-Pesa,5,0.04,0.84,0.81,0.0,Huawei,China,Premium,New,2250028,9.6,Online,Mobile Money,1,1,0.0,0.778,1.0,0.612,1.0,1.0,0.431,0.53,1
CUST_02523,31,Female,Arusha,Christian,Chagga,Bachelor,"200,000-500,000",Airtel Money,3,0.31,0.91,0.88,0.3,Samsung,South Korea,Premium,New,2107806,8.6,Mobile,Mobile Money,1,2,0.0,0.757,1.0,1.032,1.0,1.0,0.634,0.49,1
CUST_01552,15,Female,Dar es Salaam,Muslim,Chagga,Primary,"500,001-1,000,000",Tigo Pesa,4,0.28,0.74,0.67,0.5,Oppo,China,Mid-Range,New,558527,6.9,Online,Card,1,2,0.0,0.462,0.9,0.915,1.0,1.0,0.562,0.7,1
CUST_02037,29,Male,Dodoma,Christian,Nyamwezi,Secondary,"200,000-500,000",Airtel Money,1,0.39,0.83,0.51,0.0,Huawei,China,Premium,New,1674188,9.6,Mobile,Cash,1,2,0.0,0.49,1.0,0.897,1.0,1.0,0.434,0.64,1
CUST_04553,36,Female,Tanga,Muslim,Others,Primary,"500,001-1,000,000",Tigo Pesa,2,0.12,0.55,0.72,1.0,Tecno,China,Mid-Range,New,286374,6.1,Physical Store,Cash,0,2,0.606,0.439,0.9,0.688,1.0,0.8,0.649,0.71,1
CUST_01719,29,Female,Dar es Salaam,Christian,Haya,Secondary,"500,001-1,000,000",M-Pesa,1,0.66,0.61,0.42,0.0,Samsung,South Korea,Premium,New,1352972,9.0,Mobile,Mobile Money,0,1,0.312,0.378,1.0,0.792,1.0,1.0,0.631,0.67,1
CUST_02271,28,Male,Dar es Salaam,Muslim,Others,Secondary,"1,000,001-2,000,000",Tigo Pesa,3,0.15,0.39,0.32,0.0,Infinix,China,Mid-Range,New,300413,6.9,Physical Store,Cash,0,2,0.707,0.221,0.9,0.754,1.0,1.0,0.723,0.75,1
CUST_00009,27,Male,Mwanza,Muslim,Haya,Primary,"<200,000",Tigo Pesa,3,0.05,0.74,0.59,1.0,Itel,China,Budget,Used,76976,5.9,Physical Store,Cash,0,2,0.62,0.348,0.9,0.669,0.6,0.8,0.67,0.74,1
CUST_03399,20,Female,Mwanza,Christian,Others,Secondary,"1,000,001-2,000,000",Airtel Money,2,0.08,0.29,0.79,0.3,Tecno,China,Mid-Range,Used,378953,5.0,Physical Store,Cash,0,1,0.725,0.395,1.0,0.696,0.6,1.0,0.596,0.62,1
CUST_00669,36,Male,Arusha,Muslim,Sukuma,Primary,"200,000-500,000",Tigo Pesa,3,0.2,0.98,0.46,0.0,Nokia,Finland,Mid-Range,New,301529,6.4,Physical Store,Cash,0,1,0.261,0.294,0.9,0.853,1.0,1.0,0.473,0.72,1
CUST_03547,43,Female,Arusha,Muslim,Others,No formal,"200,000-500,000",M-Pesa,4,0.19,0.93,0.38,0.5,Tecno,China,Mid-Range,New,415002,8.0,Physical Store,Mobile Money,0,2,0.035,0.304,0.9,0.513,1.0,1.0,0.51,0.8,1
CUST_01331,30,Male,Mbeya,Muslim,Chagga,Primary,"500,001-1,000,000",M-Pesa,4,0.51,0.66,0.86,0.5,Tecno,China,Mid-Range,New,508962,6.3,Physical Store,Cash,0,1,0.16,0.542,0.9,0.882,1.0,1.0,0.613,0.68,1
CUST_03055,32,Female,Dar es Salaam,Christian,Others,Secondary,"200,000-500,000",M-Pesa,4,0.23,0.86,0.31,0.7,Nokia,Finland,Mid-Range,New,395280,7.1,Physical Store,Cash,0,1,0.15,0.22,1.0,0.633,1.0,1.0,0.458,0.75,1
CUST_00904,15,Male,Dar es Salaam,Christian,Haya,Master+,"200,000-500,000",Tigo Pesa,5,0.5,0.94,0.46,0.0,Samsung,South Korea,Premium,New,1494908,8.1,Mobile,Mobile Money,1,2,0.0,0.373,1.0,0.957,1.0,1.0,0.48,0.59,1
CUST_00069,31,Female,Tanga,Muslim,Others,Diploma,"<200,000",Halopesa,5,0.29,0.95,0.8,0.5,Apple,USA,Premium,New,843090,9.5,Physical Store,Cash,0,1,0.333,0.76,0.9,1.087,1.0,1.0,0.63,0.8,1
CUST_04537,19,Female,Arusha,Muslim,Others,No formal,"500,001-1,000,000",Tigo Pesa,2,0.36,0.61,0.68,0.3,Vivo,China,Mid-Range,Used,393675,5.3,Online,Mobile Money,1,2,0.4,0.36,0.9,0.949,0.6,1.0,0.469,0.64,0
CUST_02919,30,Male,Mwanza,Christian,Others,Secondary,"1,000,001-2,000,000",Airtel Money,3,0.38,0.15,0.6,0.5,Tecno,China,Mid-Range,New,564269,7.4,Mobile,Mobile Money,0,2,0.788,0.444,1.0,0.825,1.0,1.0,0.939,0.73,1
CUST_00317,20,Male,Arusha,Christian,Gogo,Primary,"200,000-500,000",M-Pesa,3,0.3,0.97,0.3,0.7,Xiaomi,China,Mid-Range,New,395945,7.1,Physical Store,Mobile Money,0,1,0.04,0.213,1.0,0.579,1.0,1.0,0.446,0.75,1
CUST_01188,15,Male,Arusha,Muslim,Gogo,Secondary,"500,001-1,000,000",Airtel Money,3,0.39,0.68,0.6,0.3,Samsung,South Korea,Premium,New,626984,9.5,Online,Mobile Money,0,2,0.645,0.57,0.9,0.841,1.0,1.0,0.695,0.84,1
CUST_03054,38,Female,Mwanza,Christian,Others,No formal,"200,000-500,000",Halopesa,1,0.5,0.79,0.6,0.5,Infinix,China,Mid-Range,New,491656,7.3,Mobile,Cash,1,1,0.029,0.438,1.0,0.946,1.0,1.0,0.603,0.74,0
CUST_04894,30,Male,Zanzibar,Christian,Gogo,Secondary,"500,001-1,000,000",Tigo Pesa,5,0.74,0.63,0.64,0.5,Nokia,Finland,Mid-Range,New,337793,7.1,Physical Store,Mobile Money,1,1,0.468,0.454,1.0,0.739,1.0,1.0,0.638,0.76,0
CUST_00906,15,Female,Dar es Salaam,Muslim,Nyamwezi,Primary,"200,000-500,000",Tigo Pesa,4,0.29,0.91,0.83,0.5,Xiaomi,China,Mid-Range,Used,240880,5.3,Online,Cash,1,2,0.452,0.44,0.9,0.806,0.6,1.0,0.575,0.67,1
CUST_01524,26,Male,Dar es Salaam,Christian,Haya,Primary,"500,001-1,000,000",M-Pesa,2,0.29,0.51,0.4,0.0,Xiaomi,China,Mid-Range,New,261830,6.2,Online,Cash,0,1,0.666,0.248,1.0,0.611,1.0,1.0,0.598,0.72,1
CUST_04514,26,Male,Arusha,Muslim,Haya,Secondary,"<200,000",Tigo Pesa,5,0.09,0.77,0.77,0.7,Tecno,China,Mid-Range,New,503990,6.6,Physical Store,Mobile Money,1,2,0.03,0.508,0.9,0.966,1.0,1.0,0.545,0.7,1
CUST_02892,15,Female,Dodoma,Christian,Others,Primary,"200,000-500,000",M-Pesa,5,0.09,0.98,0.84,0.3,Infinix,China,Mid-Range,New,493309,6.3,Physical Store,Mobile Money,0,1,0.0,0.529,1.0,0.756,1.0,1.0,0.55,0.68,0
CUST_00710,36,Male,Dar es Salaam,Christian,Others,Primary,"200,000-500,000",Tigo Pesa,2,0.16,0.78,0.39,0.0,Huawei,China,Premium,New,1081028,9.6,Mobile,Cash,0,2,0.297,0.374,1.0,0.771,1.0,1.0,0.636,0.76,0
CUST_02497,34,Female,Morogoro,Christian,Others,Secondary,"500,001-1,000,000",Tigo Pesa,3,0.12,0.48,0.45,0.3,Huawei,China,Premium,New,800356,10.0,Physical Store,Mobile Money,0,1,0.68,0.45,1.0,0.6,1.0,1.0,0.706,0.84,1
CUST_04248,34,Male,Tanga,Christian,Others,Secondary,"200,000-500,000",Airtel Money,4,0.39,0.74,0.82,1.0,Infinix,China,Mid-Range,New,435961,6.6,Mobile,Cash,1,2,0.193,0.541,1.0,0.984,1.0,0.8,0.612,0.71,1
CUST_02466,15,Male,Mbeya,Muslim,Sukuma,Secondary,"<200,000",M-Pesa,3,0.17,0.8,0.41,0.5,Infinix,China,Mid-Range,Used,213156,5.3,Online,Cash,1,2,0.574,0.217,0.9,0.799,0.6,1.0,0.662,0.68,1
CUST_01515,15,Male,Dodoma,Christian,Others,Primary,"<200,000",M-Pesa,2,0.36,0.95,0.37,0.5,Infinix,China,Mid-Range,New,455093,6.9,Online,Cash,0,11,0.0,0.255,1.0,0.757,1.0,1.0,0.373,0.72,1
CUST_00086,38,Male,Dar es Salaam,Christian,Others,Secondary,">2,000,000",M-Pesa,4,0.45,0.44,0.87,0.5,Tecno,China,Mid-Range,Used,171550,6.4,Online,Mobile Money,0,2,0.811,0.557,1.0,0.532,0.6,1.0,0.788,0.75,1
CUST_03540,22,Male,Dodoma,Muslim,Makonde,No formal,"500,001-1,000,000",Halopesa,5,0.41,0.43,0.38,0.3,Samsung,South Korea,Premium,New,992362,9.6,Physical Store,Cash,0,2,0.644,0.365,0.9,1.124,1.0,1.0,0.881,0.78,0
CUST_03644,31,Male,Mwanza,Other,Haya,Bachelor,"200,000-500,000",M-Pesa,2,0.21,0.77,0.39,0.5,Nokia,Finland,Mid-Range,New,394336,7.2,Physical Store,Cash,0,2,0.241,0.281,1.0,0.503,1.0,1.0,0.471,0.75,1
CUST_03046,26,Female,Zanzibar,Christian,Haya,No formal,"200,000-500,000",M-Pesa,5,0.08,0.86,0.53,0.5,Tecno,China,Mid-Range,Used,330366,6.6,Online,Mobile Money,1,2,0.29,0.35,1.0,0.936,0.6,1.0,0.339,0.73,1
CUST_04906,22,Female,Dar es Salaam,Christian,Others,Secondary,"<200,000",Tigo Pesa,2,0.4,0.9,0.9,0.0,Huawei,China,Premium,New,1525366,9.6,Physical Store,Cash,1,2,0.0,0.864,1.0,0.673,1.0,1.0,0.663,0.67,1
CUST_04971,48,Male,Mwanza,Muslim,Others,Primary,"500,001-1,000,000",Tigo Pesa,5,0.64,0.64,0.45,0.3,Infinix,China,Mid-Range,New,250010,7.9,Physical Store,Cash,0,12,0.6,0.356,0.9,0.939,1.0,1.0,0.585,0.82,1
CUST_02474,33,Female,Dar es Salaam,Christian,Others,Secondary,"<200,000",Tigo Pesa,4,0.1,0.95,0.45,0.3,Huawei,China,Premium,New,2130491,9.7,Physical Store,Mobile Money,0,1,0.0,0.436,1.0,0.869,1.0,1.0,0.522,0.56,1
CUST_02052,46,Male,Tanga,Muslim,Haya,Secondary,"<200,000",M-Pesa,3,0.32,0.79,0.71,0.3,Infinix,China,Mid-Range,New,581058,6.7,Physical Store,Mobile Money,0,12,0.0,0.476,0.9,0.606,1.0,1.0,0.564,0.69,1
CUST_03570,40,Male,Mwanza,Christian,Others,Secondary,"1,000,001-2,000,000",M-Pesa,2,0.16,0.2,0.59,0.3,Huawei,China,Premium,New,1909390,8.2,Physical Store,Cash,0,12,0.682,0.484,1.0,0.812,1.0,1.0,0.783,0.51,1
CUST_02637,29,Female,Mbeya,Muslim,Sukuma,No formal,"1,000,001-2,000,000",M-Pesa,5,0.03,0.49,0.37,0.5,Xiaomi,China,Mid-Range,New,486122,7.9,Physical Store,Cash,0,2,0.405,0.292,0.9,0.634,1.0,1.0,0.714,0.78,1
CUST_00725,21,Male,Zanzibar,Christian,Others,No formal,"<200,000",M-Pesa,3,0.59,0.87,0.46,0.5,Infinix,China,Mid-Range,New,572672,6.7,Physical Store,Cash,0,1,0.0,0.308,1.0,0.913,1.0,1.0,0.523,0.69,1
CUST_03714,33,Female,Arusha,Christian,Makonde,Primary,"500,001-1,000,000",None,3,0.33,0.56,0.72,0.3,Tecno,China,Mid-Range,New,562698,7.6,Physical Store,Cash,0,1,0.212,0.547,1.0,0.652,1.0,1.0,0.681,0.74,1
CUST_04614,35,Female,Mbeya,Christian,Others,Secondary,"500,001-1,000,000",Tigo Pesa,4,0.52,0.55,0.6,0.3,Vivo,China,Mid-Range,New,545925,6.2,Physical Store,Mobile Money,0,1,0.249,0.372,1.0,0.935,1.0,1.0,0.443,0.66,1
CUST_00011,34,Male,Zanzibar,Christian,Others,Secondary,"200,000-500,000",Halopesa,2,0.12,0.95,0.63,0.5,Vivo,China,Mid-Range,New,526207,7.6,Physical Store,Mobile Money,0,1,0.0,0.479,1.0,0.695,1.0,1.0,0.35,0.75,1
CUST_00949,19,Female,Mbeya,Muslim,Sukuma,Secondary,"500,001-1,000,000",Halopesa,1,0.41,0.55,0.33,0.3,Samsung,South Korea,Premium,New,2242192,9.2,Mobile,Cash,1,2,0.0,0.304,0.9,0.791,1.0,1.0,0.376,0.5,1
CUST_00518,35,Female,Morogoro,Christian,Makonde,Primary,"<200,000",M-Pesa,3,0.36,0.94,0.47,0.5,Xiaomi,China,Mid-Range,New,456903,7.2,Physical Store,Card,0,1,0.0,0.338,1.0,0.962,1.0,1.0,0.562,0.74,1
CUST_04373,33,Female,Dar es Salaam,Muslim,Others,Primary,"200,000-500,000",Halopesa,4,0.35,0.72,0.42,0.3,Nokia,Finland,Mid-Range,Used,283970,5.5,Physical Store,Cash,0,2,0.489,0.231,0.9,0.965,0.6,1.0,0.675,0.67,1
CUST_01657,28,Female,Mbeya,Christian,Others,Diploma,"1,000,001-2,000,000",M-Pesa,4,0.57,0.35,0.53,0.5,Huawei,China,Premium,New,1841170,8.2,Mobile,Card,1,1,0.463,0.435,1.0,0.583,1.0,1.0,0.759,0.52,1
CUST_00704,17,Female,Dar es Salaam,Muslim,Others,No formal,"<200,000",M-Pesa,4,0.1,0.98,0.78,0.3,Infinix,China,Mid-Range,New,387289,6.8,Physical Store,Mobile Money,0,2,0.051,0.53,0.9,0.599,1.0,1.0,0.476,0.73,1
CUST_04367,27,Female,Morogoro,Muslim,Others,Secondary,"<200,000",M-Pesa,4,0.28,0.76,0.66,0.3,Tecno,China,Mid-Range,Used,313076,5.0,Mobile,Cash,0,2,0.405,0.33,0.9,0.711,0.6,1.0,0.531,0.64,1
CUST_03654,15,Female,Dodoma,Christian,Chagga,Primary,"200,000-500,000",M-Pesa,2,0.64,0.77,0.77,0.3,Samsung,South Korea,Premium,New,1808760,9.8,Physical Store,Cash,0,2,0.0,0.755,1.0,0.861,1.0,1.0,0.55,0.63,1
CUST_04966,17,Female,Mwanza,Christian,Others,Secondary,"<200,000",Airtel Money,1,0.38,0.94,0.47,1.0,Samsung,South Korea,Premium,New,1240683,8.0,Physical Store,Mobile Money,0,2,0.028,0.376,1.0,0.747,1.0,0.8,0.302,0.63,1
CUST_01273,17,Female,Zanzibar,Muslim,Others,Primary,"1,000,001-2,000,000",M-Pesa,2,0.34,0.37,0.52,0.0,Tecno,China,Mid-Range,New,443295,6.1,Physical Store,Cash,1,1,0.59,0.317,0.9,0.894,1.0,1.0,0.704,0.68,1
CUST_04822,17,Female,Dar es Salaam,Christian,Chagga,Secondary,"<200,000",M-Pesa,5,0.12,0.83,0.77,0.3,Tecno,China,Mid-Range,New,289929,7.9,Physical Store,Cash,0,2,0.398,0.608,1.0,0.779,1.0,1.0,0.61,0.82,1
CUST_01674,50,Female,Dar es Salaam,Christian,Chagga,Primary,"200,000-500,000",M-Pesa,3,0.45,0.79,0.72,0.7,Huawei,China,Premium,New,1407317,9.5,Physical Store,Card,0,1,0.074,0.684,1.0,0.921,1.0,1.0,0.541,0.69,0
CUST_03390,32,Male,Tanga,Christian,Others,No formal,"<200,000",M-Pesa,4,0.31,0.72,0.62,0.5,Samsung,South Korea,Premium,New,2343108,9.6,Physical Store,Card,1,1,0.0,0.595,1.0,0.809,1.0,1.0,0.567,0.51,0
CUST_00477,21,Female,Zanzibar,Christian,Others,Primary,"500,001-1,000,000",M-Pesa,4,0.66,0.71,0.58,0.5,Tecno,China,Mid-Range,New,599336,7.3,Online,Cash,1,1,0.0,0.423,1.0,0.98,1.0,1.0,0.746,0.72,1
CUST_03168,26,Male,Mbeya,Christian,Sukuma,No formal,">2,000,000",M-Pesa,4,0.3,0.45,0.85,0.5,Huawei,China,Premium,New,1268178,9.3,Physical Store,Mobile Money,1,2,0.524,0.79,1.0,0.693,1.0,1.0,0.782,0.7,1
CUST_01790,22,Male,Mbeya,Christian,Sukuma,Secondary,"200,000-500,000",M-Pesa,3,0.54,0.89,0.83,0.5,Apple,USA,Premium,New,1623286,8.8,Physical Store,Cash,0,2,0.0,0.73,1.0,0.736,1.0,1.0,0.699,0.6,1
CUST_00037,36,Female,Zanzibar,Christian,Others,Primary,"<200,000",M-Pesa,3,0.22,0.71,0.45,0.5,Oppo,China,Mid-Range,New,250891,6.1,Online,Mobile Money,1,1,0.555,0.274,1.0,0.559,1.0,1.0,0.748,0.72,1
CUST_03101,18,Female,Dodoma,Muslim,Others,No formal,"200,000-500,000",M-Pesa,3,0.34,0.96,0.59,0.0,Itel,China,Budget,New,212072,4.5,Physical Store,Card,1,2,0.0,0.266,0.9,0.874,1.0,1.0,0.469,0.63,1
CUST_00533,44,Female,Arusha,Christian,Gogo,Bachelor,"200,000-500,000",Halopesa,4,0.05,0.87,0.5,0.3,Infinix,China,Mid-Range,New,341564,6.2,Physical Store,Mobile Money,0,1,0.257,0.31,1.0,0.976,1.0,1.0,0.521,0.7,1
CUST_03436,25,Female,Mbeya,Christian,Others,No formal,"200,000-500,000",Tigo Pesa,3,0.53,0.91,0.31,0.5,Huawei,China,Premium,New,972706,8.2,Online,Cash,0,2,0.262,0.254,1.0,0.966,1.0,1.0,0.552,0.7,1
CUST_04599,23,Female,Arusha,Christian,Gogo,Secondary,">2,000,000",M-Pesa,1,0.16,0.45,0.76,0.3,Huawei,China,Premium,Used,422458,7.4,Physical Store,Card,1,2,0.842,0.562,1.0,0.925,0.6,1.0,0.85,0.76,1
CUST_02746,36,Female,Dar es Salaam,Muslim,Others,Primary,"<200,000",Tigo Pesa,3,0.31,0.73,0.73,0.7,Oppo,China,Mid-Range,New,250844,6.7,Online,Cash,1,1,0.542,0.489,0.9,0.821,1.0,1.0,0.705,0.75,1
CUST_01294,38,Female,Dar es Salaam,Christian,Others,No formal,"500,001-1,000,000",Tigo Pesa,2,0.13,0.61,0.89,0.5,Oppo,China,Mid-Range,New,356528,7.6,Online,Cash,1,2,0.456,0.676,1.0,0.582,1.0,1.0,0.699,0.78,1
CUST_02030,23,Male,Dar es Salaam,Muslim,Others,Secondary,"200,000-500,000",M-Pesa,3,0.28,0.82,0.53,0.3,Infinix,China,Mid-Range,New,337392,7.1,Physical Store,Cash,0,2,0.308,0.376,0.9,0.947,1.0,1.0,0.475,0.76,1
CUST_02742,33,Female,Mbeya,Christian,Nyamwezi,Primary,"500,001-1,000,000",M-Pesa,3,0.15,0.65,0.32,0.5,Tecno,China,Mid-Range,New,416814,7.5,Physical Store,Mobile Money,1,2,0.323,0.24,1.0,0.947,1.0,1.0,0.641,0.77,1
CUST_02592,27,Male,Dar es Salaam,Muslim,Others,Bachelor,"500,001-1,000,000",M-Pesa,4,0.55,0.66,0.82,0.3,Apple,USA,Premium,New,2295221,8.5,Physical Store,Mobile Money,0,2,0.0,0.697,0.9,0.658,1.0,1.0,0.326,0.45,0
CUST_04246,17,Female,Dodoma,Christian,Others,Diploma,"<200,000",Airtel Money,1,0.48,0.72,0.54,0.5,Apple,USA,Premium,New,1177021,9.6,Physical Store,Cash,0,2,0.294,0.518,1.0,0.943,1.0,1.0,0.614,0.74,1
CUST_04789,28,Male,Morogoro,Christian,Sukuma,Bachelor,"500,001-1,000,000",Tigo Pesa,5,0.1,0.53,0.63,1.0,Nokia,Finland,Mid-Range,New,586591,7.4,Physical Store,Cash,0,2,0.223,0.466,1.0,0.692,1.0,0.8,0.597,0.73,1
CUST_04868,36,Male,Tanga,Christian,Sukuma,Primary,"200,000-500,000",Tigo Pesa,4,0.06,0.85,0.3,0.7,Samsung,South Korea,Premium,New,654262,8.9,Physical Store,Mobile Money,0,2,0.537,0.267,1.0,0.957,1.0,1.0,0.541,0.8,1
CUST_01638,27,Female,Dar es Salaam,Christian,Gogo,Secondary,"<200,000",Tigo Pesa,4,0.18,0.98,0.65,0.3,Apple,USA,Premium,New,959762,8.6,Physical Store,Cash,1,2,0.216,0.559,1.0,1.119,1.0,1.0,0.715,0.72,1
CUST_00751,28,Female,Arusha,Christian,Others,Primary,"500,001-1,000,000",Airtel Money,4,0.16,0.53,0.36,0.0,Nokia,Finland,Mid-Range,New,389258,7.5,Physical Store,Mobile Money,0,2,0.484,0.27,1.0,0.583,1.0,1.0,0.599,0.77,1
CUST_01424,24,Male,Morogoro,Christian,Nyamwezi,No formal,"500,001-1,000,000",M-Pesa,1,0.23,0.8,0.62,0.3,Tecno,China,Mid-Range,New,294221,7.8,Physical Store,Cash,0,2,0.412,0.484,1.0,0.597,1.0,1.0,0.524,0.81,1
CUST_04285,15,Female,Mbeya,Christian,Makonde,Bachelor,"500,001-1,000,000",Tigo Pesa,1,0.22,0.71,0.81,0.3,Samsung,South Korea,Premium,New,1272638,9.3,Physical Store,Mobile Money,1,2,0.247,0.753,1.0,0.664,1.0,1.0,0.73,0.7,1
CUST_03772,28,Male,Dar es Salaam,Christian,Others,No formal,"<200,000",Halopesa,4,0.4,0.72,0.65,0.5,Apple,USA,Premium,New,2448801,8.8,Physical Store,Mobile Money,1,2,0.0,0.572,1.0,0.827,1.0,1.0,0.544,0.44,1
CUST_03346,25,Male,Dar es Salaam,Muslim,Others,No formal,"1,000,001-2,000,000",Tigo Pesa,4,0.25,0.28,0.46,0.7,Tecno,China,Mid-Range,New,277683,6.9,Physical Store,Cash,0,1,0.806,0.317,0.9,0.687,1.0,1.0,0.75,0.76,1
CUST_04795,36,Male,Arusha,Christian,Others,Primary,"<200,000",Halopesa,2,0.25,0.96,0.4,0.5,Vivo,China,Mid-Range,Used,261290,5.2,Physical Store,Cash,0,2,0.373,0.208,1.0,0.807,0.6,1.0,0.481,0.66,1
CUST_04598,36,Female,Mbeya,Christian,Sukuma,Diploma,"500,001-1,000,000",M-Pesa,3,0.18,0.69,0.89,0.7,Itel,China,Budget,Used,152841,3.3,Physical Store,Mobile Money,1,2,0.297,0.294,1.0,0.505,0.6,1.0,0.472,0.57,1
CUST_02184,20,Male,Arusha,Christian,Others,Primary,"500,001-1,000,000",Airtel Money,1,0.33,0.69,0.7,0.3,Huawei,China,Premium,New,866370,9.5,Mobile,Cash,0,2,0.502,0.665,1.0,0.643,1.0,1.0,0.714,0.8,0
CUST_02647,28,Female,Tanga,Other,Makonde,Primary,"500,001-1,000,000",Airtel Money,2,0.05,0.73,0.42,0.0,Nokia,Finland,Mid-Range,New,362776,6.9,Physical Store,Cash,0,2,0.338,0.29,1.0,0.624,1.0,1.0,0.334,0.74,1
CUST_03826,25,Female,Mwanza,Christian,Others,Bachelor,"200,000-500,000",M-Pesa,3,0.37,0.95,0.86,0.7,Samsung,South Korea,Premium,New,1472558,9.8,Physical Store,Mobile Money,1,1,0.0,0.843,1.0,0.638,1.0,1.0,0.61,0.69,1
CUST_00044,15,Female,Dar es Salaam,Muslim,Others,Primary,"500,001-1,000,000",Tigo Pesa,3,0.23,0.49,0.84,0.3,Tecno,China,Mid-Range,New,513922,7.6,Physical Store,Mobile Money,0,2,0.37,0.638,0.9,0.603,1.0,1.0,0.61,0.75,1
CUST_04865,15,Female,Mwanza,Christian,Others,No formal,"<200,000",M-Pesa,4,0.88,0.99,0.84,0.5,Tecno,China,Mid-Range,New,519635,6.9,Physical Store,Mobile Money,0,2,0.0,0.58,1.0,0.595,1.0,1.0,0.562,0.71,1
CUST_03931,18,Female,Morogoro,Christian,Haya,Diploma,"1,000,001-2,000,000",Airtel Money,1,0.16,0.39,0.41,0.3,Itel,China,Budget,Used,162470,3.7,Online,Cash,1,2,0.578,0.152,1.0,0.62,0.6,1.0,0.479,0.59,1
CUST_03123,34,Female,Dodoma,Muslim,Others,Diploma,"200,000-500,000",Airtel Money,4,0.19,0.8,0.53,0.3,Infinix,China,Mid-Range,New,588648,6.5,Physical Store,Card,0,2,0.0,0.344,0.9,0.601,1.0,1.0,0.352,0.67,1
CUST_01139,40,Male,Arusha,Muslim,Sukuma,Master+,"500,001-1,000,000",None,2,0.41,0.69,0.52,0.0,Apple,USA,Premium,New,1728596,9.5,Online,Cash,1,12,0.006,0.494,0.9,0.709,1.0,1.0,0.559,0.62,1
CUST_01078,21,Female,Dar es Salaam,Christian,Chagga,Primary,"500,001-1,000,000",M-Pesa,2,0.22,0.67,0.57,0.7,Nokia,Finland,Mid-Range,New,556076,6.8,Physical Store,Cash,0,12,0.069,0.388,1.0,0.663,1.0,1.0,0.589,0.7,1
CUST_04374,25,Female,Arusha,Christian,Makonde,Secondary,"200,000-500,000",M-Pesa,3,0.2,0.94,0.53,0.5,Nokia,Finland,Mid-Range,New,554710,7.9,Physical Store,Cash,0,12,0.0,0.419,1.0,0.617,1.0,1.0,0.427,0.76,1
CUST_01239,25,Male,Dar es Salaam,Christian,Others,No formal,"200,000-500,000",Tigo Pesa,3,0.44,0.72,0.68,0.7,Samsung,South Korea,Premium,New,2039009,8.9,Physical Store,Mobile Money,0,2,0.0,0.605,1.0,0.758,1.0,1.0,0.733,0.53,1
CUST_03990,45,Male,Dar es Salaam,Muslim,Gogo,No formal,"200,000-500,000",Tigo Pesa,5,0.23,0.74,0.76,0.0,Apple,USA,Premium,New,2430473,9.2,Physical Store,Cash,0,1,0.0,0.699,0.9,0.649,1.0,1.0,0.584,0.47,0
CUST_02314,26,Female,Mwanza,Muslim,Nyamwezi,Diploma,"200,000-500,000",Airtel Money,2,0.16,0.84,0.56,0.5,Samsung,South Korea,Premium,New,2051353,8.2,Physical Store,Cash,0,1,0.0,0.459,0.9,0.812,1.0,1.0,0.386,0.48,1
CUST_02186,29,Male,Morogoro,Christian,Chagga,Secondary,"500,001-1,000,000",Tigo Pesa,3,0.36,0.42,0.53,0.0,Samsung,South Korea,Premium,New,1952996,8.7,Online,Mobile Money,0,2,0.316,0.461,1.0,1.024,1.0,1.0,0.622,0.53,1
CUST_01928,38,Female,Dar es Salaam,Christian,Others,Secondary,"200,000-500,000",M-Pesa,5,0.25,0.76,0.61,0.3,Vivo,China,Mid-Range,Used,468659,6.5,Physical Store,Mobile Money,0,1,0.11,0.396,1.0,0.59,0.6,1.0,0.601,0.7,1
CUST_00882,15,Female,Dar es Salaam,Christian,Nyamwezi,Diploma,"500,001-1,000,000",M-Pesa,5,0.08,0.57,0.83,0.3,Huawei,China,Premium,New,904236,8.7,Physical Store,Cash,1,2,0.57,0.722,1.0,0.953,1.0,1.0,0.79,0.74,1
CUST_04494,28,Female,Mwanza,Christian,Others,Secondary,"<200,000",Airtel Money,1,0.5,0.72,0.33,0.3,Nokia,Finland,Mid-Range,New,406118,6.3,Online,Cash,1,2,0.269,0.208,1.0,0.674,1.0,1.0,0.661,0.7,1
CUST_00584,25,Male,Zanzibar,Other,Others,Diploma,"200,000-500,000",Airtel Money,5,0.24,0.81,0.68,0.5,Samsung,South Korea,Premium,New,1416668,8.5,Physical Store,Mobile Money,0,2,0.044,0.578,1.0,0.75,1.0,1.0,0.527,0.63,0
CUST_03838,33,Male,Dodoma,Christian,Others,Diploma,"1,000,001-2,000,000",Airtel Money,5,0.38,0.36,0.78,0.0,Apple,USA,Premium,New,1434535,9.0,Physical Store,Mobile Money,0,2,0.57,0.702,1.0,0.969,1.0,1.0,0.787,0.65,1
CUST_00783,44,Female,Tanga,Christian,Sukuma,Master+,"200,000-500,000",M-Pesa,2,0.29,0.85,0.85,0.5,Infinix,China,Mid-Range,New,387528,7.7,Physical Store,Card,0,2,0.177,0.654,1.0,0.871,1.0,1.0,0.524,0.78,1
CUST_01127,23,Male,Dodoma,Christian,Sukuma,Primary,"<200,000",M-Pesa,3,0.22,0.9,0.42,0.5,Infinix,China,Mid-Range,Used,395978,6.3,Physical Store,Cash,0,12,0.109,0.265,1.0,0.816,0.6,1.0,0.418,0.7,1
CUST_01051,29,Female,Dar es Salaam,Muslim,Others,Secondary,"200,000-500,000",M-Pesa,3,0.06,0.8,0.48,0.3,Infinix,China,Mid-Range,New,553353,6.1,Physical Store,Mobile Money,0,2,0.0,0.293,0.9,0.755,1.0,1.0,0.405,0.66,1
CUST_00179,17,Female,Zanzibar,Christian,Others,No formal,"500,001-1,000,000",M-Pesa,3,0.2,0.53,0.74,0.3,Infinix,China,Mid-Range,New,355339,6.1,Physical Store,Cash,0,2,0.529,0.451,1.0,0.915,1.0,1.0,0.673,0.69,1
CUST_01971,36,Male,Mbeya,Muslim,Nyamwezi,No formal,"200,000-500,000",Tigo Pesa,5,0.37,0.78,0.45,0.5,Nokia,Finland,Mid-Range,Used,208016,6.3,Physical Store,Card,0,2,0.594,0.284,0.9,0.935,0.6,1.0,0.458,0.74,1
CUST_01733,33,Female,Dar es Salaam,Christian,Sukuma,Secondary,"<200,000",Halopesa,4,0.23,0.97,0.32,0.0,Samsung,South Korea,Premium,New,896610,9.2,Physical Store,Mobile Money,0,1,0.275,0.294,1.0,0.674,1.0,1.0,0.448,0.77,0
CUST_02545,37,Male,Zanzibar,Christian,Sukuma,Primary,"200,000-500,000",Airtel Money,3,0.23,0.71,0.47,0.5,Xiaomi,China,Mid-Range,New,310774,6.9,Physical Store,Mobile Money,0,2,0.448,0.324,1.0,0.816,1.0,1.0,0.475,0.75,1
CUST_00410,36,Male,Dar es Salaam,Christian,Others,Primary,"200,000-500,000",Halopesa,5,0.23,0.84,0.84,0.7,Itel,China,Budget,New,191271,6.0,Physical Store,Mobile Money,0,2,0.0,0.504,1.0,0.509,1.0,1.0,0.42,0.72,0
CUST_00342,39,Female,Dodoma,Christian,Others,Primary,"500,001-1,000,000",Tigo Pesa,3,0.52,0.47,0.82,0.5,Tecno,China,Mid-Range,New,259438,7.4,Physical Store,Cash,0,1,0.695,0.607,1.0,0.894,1.0,1.0,0.832,0.79,1
CUST_00743,25,Female,Dar es Salaam,Muslim,Others,No formal,"<200,000",Tigo Pesa,2,0.3,0.74,0.65,0.5,Itel,China,Budget,Used,90144,4.0,Physical Store,Cash,0,11,0.555,0.26,0.9,0.781,0.6,1.0,0.625,0.62,1
CUST_03019,16,Female,Mwanza,Muslim,Others,Secondary,"<200,000",Tigo Pesa,4,0.34,0.76,0.61,0.3,Huawei,China,Premium,New,1604807,9.5,Physical Store,Cash,0,2,0.0,0.58,0.9,0.684,1.0,1.0,0.431,0.65,1
CUST_00806,37,Female,Dar es Salaam,Christian,Gogo,Diploma,"200,000-500,000",Tigo Pesa,3,0.4,0.74,0.53,0.5,Huawei,China,Premium,New,610750,8.6,Physical Store,Cash,0,2,0.623,0.456,1.0,0.547,1.0,1.0,0.806,0.79,1
CUST_02096,50,Male,Morogoro,Christian,Sukuma,Diploma,"200,000-500,000",Tigo Pesa,1,0.37,0.94,0.81,0.0,Xiaomi,China,Mid-Range,New,563900,6.9,Physical Store,Mobile Money,0,12,0.0,0.559,1.0,0.778,1.0,1.0,0.469,0.7,1
CUST_00562,17,Male,Tanga,Christian,Others,Secondary,"<200,000",M-Pesa,4,0.13,0.84,0.33,1.0,Infinix,China,Mid-Range,New,566463,6.3,Physical Store,Cash,0,2,0.0,0.208,1.0,0.827,1.0,0.8,0.325,0.66,1
CUST_02095,31,Female,Dar es Salaam,Christian,Others,No formal,"<200,000",M-Pesa,5,0.33,0.76,0.68,0.0,Nokia,Finland,Mid-Range,New,565982,6.7,Online,Card,1,1,0.0,0.456,1.0,0.866,1.0,1.0,0.667,0.69,1
CUST_00058,41,Male,Dar es Salaam,Christian,Chagga,Secondary,"200,000-500,000",Airtel Money,5,0.11,0.85,0.66,0.3,Tecno,China,Mid-Range,New,336277,6.3,Physical Store,Cash,0,2,0.285,0.416,1.0,0.936,1.0,1.0,0.544,0.71,0
CUST_02914,36,Male,Dar es Salaam,Christian,Others,Secondary,"1,000,001-2,000,000",Tigo Pesa,2,0.29,0.32,0.54,0.3,Itel,China,Budget,New,200706,6.6,Physical Store,Mobile Money,0,2,0.572,0.356,1.0,0.921,1.0,1.0,0.675,0.76,1
CUST_00367,22,Female,Arusha,Christian,Gogo,Secondary,"200,000-500,000",Tigo Pesa,2,0.22,0.73,0.88,0.0,Nokia,Finland,Mid-Range,New,484487,6.7,Physical Store,Mobile Money,0,2,0.116,0.59,1.0,0.727,1.0,1.0,0.633,0.71,1
CUST_01128,35,Male,Dar es Salaam,Christian,Others,Primary,"200,000-500,000",Airtel Money,3,0.39,0.85,0.38,0.3,Samsung,South Korea,Premium,New,1147026,9.5,Physical Store,Cash,0,12,0.188,0.361,1.0,1.011,1.0,1.0,0.43,0.74,1
CUST_04201,15,Female,Dar es Salaam,Muslim,Chagga,Primary,"200,000-500,000",Tigo Pesa,4,0.24,0.86,0.88,0.5,Oppo,China,Mid-Range,Used,151714,6.0,Physical Store,Mobile Money,1,12,0.674,0.528,0.9,0.578,0.6,1.0,0.778,0.73,1
CUST_00957,22,Female,Mbeya,Muslim,Gogo,Primary,"500,001-1,000,000",Halopesa,5,0.15,0.76,0.88,0.3,Tecno,China,Mid-Range,New,428953,6.7,Mobile,Cash,0,2,0.185,0.59,0.9,0.792,1.0,1.0,0.583,0.72,1
CUST_01573,39,Female,Mwanza,Muslim,Nyamwezi,Bachelor,"200,000-500,000",Tigo Pesa,3,0.12,0.94,0.56,0.0,Nokia,Finland,Mid-Range,New,315137,7.6,Online,Mobile Money,0,2,0.259,0.426,0.9,0.692,1.0,1.0,0.417,0.79,1
CUST_03787,22,Male,Dar es Salaam,Muslim,Others,Primary,"<200,000",Airtel Money,2,0.27,0.86,0.75,0.3,Nokia,Finland,Mid-Range,New,522602,6.5,Mobile,Mobile Money,0,12,0.0,0.488,0.9,0.644,1.0,1.0,0.473,0.69,1
CUST_01835,15,Female,Zanzibar,Muslim,Others,Secondary,"500,001-1,000,000",M-Pesa,2,0.14,0.48,0.77,0.3,Tecno,China,Mid-Range,New,291924,6.7,Online,Mobile Money,0,2,0.65,0.516,0.9,0.521,1.0,1.0,0.703,0.74,1
CUST_04315,24,Female,Dodoma,Christian,Others,Secondary,"<200,000",M-Pesa,5,0.49,0.91,0.78,0.3,Vivo,China,Mid-Range,Used,415177,5.5,Physical Store,Mobile Money,1,2,0.055,0.429,1.0,0.91,0.6,1.0,0.576,0.65,1
CUST_00062,15,Male,Arusha,Muslim,Sukuma,No formal,"500,001-1,000,000",M-Pesa,4,0.3,0.53,0.68,0.7,Infinix,China,Mid-Range,New,447947,6.6,Physical Store,Cash,0,2,0.406,0.449,0.9,0.929,1.0,1.0,0.609,0.71,1
CUST_03388,26,Male,Dodoma,Christian,Others,Diploma,"500,001-1,000,000",Airtel Money,2,0.19,0.77,0.9,0.5,Vivo,China,Mid-Range,New,553455,6.9,Online,Cash,0,2,0.0,0.621,1.0,0.583,1.0,1.0,0.441,0.7,1
CUST_00824,28,Male,Arusha,Muslim,Others,Bachelor,"<200,000",Halopesa,2,0.43,0.84,0.75,0.7,Oppo,China,Mid-Range,New,270977,7.3,Mobile,Cash,0,2,0.431,0.548,0.9,0.702,1.0,1.0,0.615,0.78,1
CUST_01783,33,Female,Dar es Salaam,Muslim,Sukuma,No formal,"<200,000",M-Pesa,4,0.3,0.8,0.64,0.3,Xiaomi,China,Mid-Range,New,468051,7.3,Physical Store,Cash,1,2,0.064,0.467,0.9,0.758,1.0,1.0,0.433,0.74,0
CUST_01201,18,Male,Tanga,Muslim,Nyamwezi,Diploma,"1,000,001-2,000,000",M-Pesa,3,0.28,0.46,0.5,0.0,Samsung,South Korea,Premium,New,1515138,8.1,Online,Cash,0,2,0.419,0.405,0.9,1.183,1.0,1.0,0.688,0.58,1
CUST_03589,28,Female,Dar es Salaam,Muslim,Others,Bachelor,"500,001-1,000,000",Airtel Money,3,0.49,0.6,0.63,0.5,Samsung,South Korea,Premium,New,1282100,8.5,Online,Mobile Money,0,12,0.359,0.536,0.9,0.815,1.0,1.0,0.647,0.65,1
CUST_01188,15,Male,Arusha,Muslim,Gogo,Secondary,"500,001-1,000,000",Airtel Money,3,0.39,0.68,0.6,0.3,Infinix,China,Mid-Range,New,452655,7.9,Physical Store,Cash,0,2,0.23,0.474,0.9,0.514,1.0,1.0,0.566,0.78,1
CUST_01841,20,Male,Arusha,Christian,Others,Secondary,"<200,000",Tigo Pesa,3,0.21,1.0,0.36,0.7,Apple,USA,Premium,New,1128438,9.4,Physical Store,Mobile Money,0,2,0.06,0.338,1.0,1.114,1.0,1.0,0.582,0.74,1
CUST_00033,29,Female,Mbeya,Muslim,Others,Diploma,"200,000-500,000",M-Pesa,1,0.3,0.74,0.31,0.3,Oppo,China,Mid-Range,New,491858,6.6,Physical Store,Mobile Money,1,1,0.09,0.205,0.9,0.698,1.0,1.0,0.414,0.7,1
CUST_00138,31,Male,Dodoma,Christian,Others,No formal,"500,001-1,000,000",M-Pesa,3,0.24,0.8,0.38,0.3,Infinix,China,Mid-Range,Used,152354,5.5,Physical Store,Mobile Money,0,2,0.695,0.209,1.0,0.822,0.6,1.0,0.715,0.7,1
CUST_03182,48,Female,Mwanza,Muslim,Sukuma,No formal,"<200,000",Tigo Pesa,4,0.22,0.71,0.57,0.0,Nokia,Finland,Mid-Range,New,506670,6.6,Physical Store,Mobile Money,0,1,0.101,0.376,0.9,0.945,1.0,1.0,0.411,0.69,1
CUST_00653,15,Male,Zanzibar,Christian,Others,No formal,"<200,000",Halopesa,4,0.09,0.96,0.52,0.7,Vivo,China,Mid-Range,New,273279,7.0,Online,Mobile Money,1,1,0.344,0.364,1.0,0.754,1.0,1.0,0.609,0.77,1
CUST_00019,20,Male,Dodoma,Christian,Gogo,Primary,"200,000-500,000",Tigo Pesa,4,0.47,0.83,0.45,0.3,Infinix,China,Mid-Range,New,363090,6.4,Physical Store,Mobile Money,0,2,0.247,0.288,1.0,0.837,1.0,1.0,0.604,0.71,0
CUST_04727,43,Male,Mwanza,Christian,Gogo,Secondary,"200,000-500,000",Tigo Pesa,1,0.2,0.92,0.88,0.0,Tecno,China,Mid-Range,New,370851,7.5,Online,Mobile Money,0,2,0.147,0.66,1.0,0.867,1.0,1.0,0.85,0.78,1
CUST_00546,32,Female,Tanga,Muslim,Others,Diploma,"<200,000",M-Pesa,2,0.26,0.77,0.78,0.5,Tecno,China,Mid-Range,New,342969,7.2,Mobile,Cash,1,2,0.34,0.562,0.9,0.854,1.0,1.0,0.552,0.76,1
CUST_04216,24,Female,Zanzibar,Christian,Others,Primary,">2,000,000",Tigo Pesa,4,0.45,0.22,0.82,0.5,Samsung,South Korea,Premium,New,1436088,8.2,Physical Store,Cash,0,1,0.737,0.672,1.0,0.967,1.0,1.0,0.948,0.6,1
CUST_03538,23,Female,Arusha,Christian,Others,Secondary,"500,001-1,000,000",Tigo Pesa,3,0.16,0.5,0.68,0.3,Tecno,China,Mid-Range,New,324691,6.6,Physical Store,Cash,0,2,0.594,0.449,1.0,0.853,1.0,1.0,0.666,0.73,1
CUST_01924,33,Female,Mwanza,Christian,Others,Primary,"<200,000",M-Pesa,2,0.53,0.84,0.49,0.3,Vivo,China,Mid-Range,New,364238,7.3,Physical Store,Cash,0,1,0.235,0.358,1.0,0.985,1.0,1.0,0.686,0.77,0
CUST_00190,33,Male,Morogoro,Muslim,Haya,Secondary,"1,000,001-2,000,000",Halopesa,2,0.71,0.44,0.71,0.7,Samsung,South Korea,Premium,New,1109931,9.5,Physical Store,Cash,0,2,0.593,0.674,0.9,0.871,1.0,1.0,0.829,0.75,1
CUST_00938,31,Female,Dar es Salaam,Christian,Chagga,Secondary,"200,000-500,000",M-Pesa,2,0.23,0.91,0.52,0.5,Samsung,South Korea,Premium,New,740517,9.8,Physical Store,Mobile Money,0,2,0.438,0.51,1.0,0.713,1.0,1.0,0.592,0.84,1
CUST_01107,24,Female,Arusha,Other,Makonde,Bachelor,"1,000,001-2,000,000",Airtel Money,4,0.27,0.15,0.37,0.5,Tecno,China,Mid-Range,New,345501,8.0,Physical Store,Mobile Money,0,2,0.87,0.296,1.0,0.555,1.0,1.0,0.842,0.81,1
CUST_00900,30,Female,Dar es Salaam,Christian,Others,Primary,"200,000-500,000",Tigo Pesa,1,0.21,0.7,0.7,0.3,Nokia,Finland,Mid-Range,Used,191621,6.9,Physical Store,Cash,0,2,0.665,0.483,1.0,0.93,0.6,1.0,0.731,0.78,0
CUST_02963,15,Male,Tanga,Muslim,Others,Secondary,"200,000-500,000",Tigo Pesa,2,0.05,0.83,0.71,0.5,Huawei,China,Premium,Used,1680110,8.9,Online,Cash,0,2,0.0,0.632,0.9,0.774,0.6,1.0,0.509,0.6,1
CUST_04677,34,Male,Mbeya,Christian,Nyamwezi,Bachelor,"200,000-500,000",Airtel Money,4,0.25,0.98,0.64,0.0,Samsung,South Korea,Premium,New,1711390,9.4,Online,Cash,0,2,0.0,0.602,1.0,1.073,1.0,1.0,0.655,0.62,1
CUST_04747,32,Female,Dar es Salaam,Christian,Others,Diploma,"200,000-500,000",Tigo Pesa,4,0.68,0.81,0.79,0.3,Tecno,China,Mid-Range,New,376181,6.1,Online,Mobile Money,0,1,0.238,0.482,1.0,0.743,1.0,1.0,0.547,0.69,1
CUST_04539,28,Female,Zanzibar,Muslim,Others,Master+,"200,000-500,000",Tigo Pesa,3,0.15,0.95,0.42,0.3,Infinix,China,Mid-Range,New,377109,7.2,Physical Store,Mobile Money,1,2,0.104,0.302,0.9,0.503,1.0,1.0,0.405,0.76,1
CUST_02301,24,Female,Morogoro,Christian,Others,Primary,"200,000-500,000",Tigo Pesa,4,0.01,0.74,0.56,0.7,Samsung,South Korea,Premium,New,2313931,8.8,Online,Mobile Money,0,2,0.0,0.493,1.0,0.919,1.0,1.0,0.335,0.47,1
CUST_00809,48,Female,Mwanza,Christian,Others,Secondary,"500,001-1,000,000",Tigo Pesa,4,0.26,0.56,0.42,0.0,Huawei,China,Premium,New,1064600,9.1,Online,Mobile Money,0,2,0.503,0.382,1.0,0.932,1.0,1.0,0.589,0.73,1
CUST_00699,20,Female,Dar es Salaam,Christian,Nyamwezi,Diploma,"500,001-1,000,000",M-Pesa,3,0.15,0.75,0.65,0.3,Samsung,South Korea,Premium,New,2206568,8.3,Online,Card,0,2,0.0,0.54,1.0,0.965,1.0,1.0,0.562,0.46,1
CUST_00485,28,Male,Morogoro,Christian,Chagga,Secondary,"500,001-1,000,000",M-Pesa,5,0.19,0.73,0.36,0.7,Huawei,China,Premium,New,2036258,9.4,Mobile,Card,1,2,0.0,0.338,1.0,0.762,1.0,1.0,0.63,0.56,1
CUST_04569,29,Male,Dar es Salaam,Christian,Others,Secondary,">2,000,000",Tigo Pesa,4,0.55,0.15,0.52,0.0,Infinix,China,Mid-Range,Used,234748,5.7,Physical Store,Mobile Money,0,2,0.912,0.296,1.0,0.733,0.6,1.0,0.726,0.7,1
CUST_00853,51,Male,Dar es Salaam,Christian,Gogo,Diploma,"200,000-500,000",M-Pesa,1,0.4,0.94,0.67,0.3,Huawei,China,Premium,New,2139948,8.8,Online,Mobile Money,1,2,0.0,0.59,1.0,0.545,1.0,1.0,0.413,0.5,1
CUST_01780,19,Female,Mwanza,Muslim,Others,No formal,"<200,000",Airtel Money,2,0.72,0.93,0.59,0.3,Nokia,Finland,Mid-Range,Used,398313,6.1,Physical Store,Mobile Money,0,2,0.074,0.36,0.9,0.791,0.6,1.0,0.422,0.69,0
CUST_03278,29,Male,Dodoma,Christian,Haya,Secondary,"500,001-1,000,000",Tigo Pesa,2,0.2,0.46,0.71,1.0,Itel,China,Budget,New,238197,5.3,Physical Store,Card,0,2,0.27,0.376,1.0,0.531,1.0,0.8,0.533,0.67,1
CUST_00406,26,Male,Arusha,Christian,Others,Primary,"1,000,001-2,000,000",Halopesa,4,0.43,0.19,0.79,0.0,Infinix,China,Mid-Range,Used,394932,6.4,Physical Store,Cash,0,2,0.812,0.506,1.0,0.539,0.6,1.0,0.832,0.71,1
CUST_02819,19,Male,Dar es Salaam,Muslim,Others,Diploma,"1,000,001-2,000,000",Halopesa,2,0.53,0.16,0.76,0.3,Tecno,China,Mid-Range,New,588908,6.4,Physical Store,Card,1,2,0.764,0.486,0.9,0.543,1.0,1.0,0.694,0.67,1
CUST_02205,38,Male,Tanga,Christian,Others,No formal,"200,000-500,000",None,1,0.22,0.77,0.69,0.0,Infinix,China,Mid-Range,New,486511,7.1,Physical Store,Mobile Money,1,2,0.063,0.49,1.0,0.74,1.0,1.0,0.438,0.73,1
CUST_02080,27,Female,Mwanza,Muslim,Makonde,Secondary,"500,001-1,000,000",M-Pesa,1,0.35,0.48,0.72,0.5,Nokia,Finland,Mid-Range,Used,424601,5.9,Physical Store,Cash,0,1,0.49,0.425,0.9,0.925,0.6,1.0,0.652,0.67,1
CUST_02968,37,Female,Tanga,Christian,Others,Bachelor,"1,000,001-2,000,000",Halopesa,4,0.26,0.16,0.82,0.0,Apple,USA,Premium,New,1137205,9.6,Physical Store,Cash,0,2,0.848,0.787,1.0,0.601,1.0,1.0,0.765,0.75,0
CUST_00529,25,Male,Dar es Salaam,Christian,Haya,Primary,"200,000-500,000",Tigo Pesa,1,0.48,0.91,0.49,0.0,Infinix,China,Mid-Range,New,460662,7.0,Physical Store,Mobile Money,0,2,0.0,0.343,1.0,0.556,1.0,1.0,0.533,0.73,1
CUST_00643,22,Female,Dodoma,Christian,Others,Secondary,"1,000,001-2,000,000",Airtel Money,2,0.2,0.11,0.85,0.7,Xiaomi,China,Mid-Range,New,365601,6.0,Physical Store,Cash,1,12,0.899,0.51,1.0,0.745,1.0,1.0,0.855,0.69,1
CUST_02349,25,Male,Tanga,Muslim,Others,Diploma,"<200,000",M-Pesa,4,0.16,0.84,0.41,0.5,Oppo,China,Mid-Range,New,428602,6.1,Physical Store,Cash,0,2,0.1,0.25,0.9,0.92,1.0,1.0,0.418,0.68,1
CUST_01282,33,Male,Dar es Salaam,Muslim,Others,Secondary,"500,001-1,000,000",M-Pesa,4,0.35,0.7,0.4,0.3,Huawei,China,Premium,New,1563977,9.0,Online,Mobile Money,0,11,0.088,0.36,0.9,0.933,1.0,1.0,0.573,0.63,1
CUST_04338,37,Female,Zanzibar,Muslim,Nyamwezi,Diploma,">2,000,000",Halopesa,3,0.36,0.19,0.74,0.5,Infinix,China,Mid-Range,New,250224,6.4,Physical Store,Cash,0,1,0.881,0.474,0.9,0.899,1.0,1.0,0.77,0.73,1
CUST_01139,40,Male,Arusha,Muslim,Sukuma,Master+,"500,001-1,000,000",None,2,0.41,0.69,0.52,0.0,Vivo,China,Mid-Range,New,269956,7.0,Mobile,Cash,0,2,0.534,0.364,0.9,0.737,1.0,1.0,0.697,0.77,1
CUST_01355,30,Female,Mbeya,Muslim,Others,Secondary,"<200,000",Airtel Money,4,0.24,0.92,0.73,0.5,Nokia,Finland,Mid-Range,New,463913,6.5,Mobile,Mobile Money,1,2,0.0,0.474,0.9,0.804,1.0,1.0,0.59,0.7,1
CUST_00678,54,Female,Dar es Salaam,Christian,Chagga,Primary,"500,001-1,000,000",Tigo Pesa,4,0.44,0.67,0.3,0.3,Tecno,China,Mid-Range,New,260169,7.8,Physical Store,Card,0,2,0.564,0.234,1.0,0.758,1.0,1.0,0.53,0.82,1
CUST_04514,26,Male,Arusha,Muslim,Haya,Secondary,"<200,000",Tigo Pesa,5,0.09,0.77,0.77,0.7,Samsung,South Korea,Premium,New,2128850,9.8,Physical Store,Mobile Money,1,1,0.0,0.755,0.9,0.925,1.0,1.0,0.682,0.56,1
CUST_04145,38,Male,Dar es Salaam,Christian,Gogo,Secondary,"<200,000",None,4,0.59,0.9,0.85,0.3,Huawei,China,Premium,New,1756126,9.3,Mobile,Mobile Money,0,2,0.0,0.79,1.0,0.523,1.0,1.0,0.6,0.61,1
CUST_04227,15,Female,Arusha,Muslim,Others,Diploma,"500,001-1,000,000",Tigo Pesa,2,0.07,0.67,0.54,0.0,Apple,USA,Premium,New,614512,9.6,Online,Cash,0,2,0.657,0.518,0.9,0.833,1.0,1.0,0.703,0.85,1
CUST_00905,22,Female,Mwanza,Christian,Others,Bachelor,"500,001-1,000,000",M-Pesa,4,0.35,0.59,0.68,0.3,Nokia,Finland,Mid-Range,New,598984,7.0,Physical Store,Mobile Money,1,2,0.116,0.476,1.0,0.633,1.0,1.0,0.471,0.7,1
CUST_02268,24,Female,Zanzibar,Christian,Sukuma,Primary,"500,001-1,000,000",Tigo Pesa,3,0.4,0.46,0.87,0.3,Itel,China,Budget,New,117593,5.3,Physical Store,Mobile Money,1,2,0.639,0.461,1.0,0.768,1.0,1.0,0.792,0.69,1
CUST_01797,39,Male,Morogoro,Christian,Others,Secondary,"500,001-1,000,000",M-Pesa,2,0.5,0.8,0.53,0.3,Tecno,China,Mid-Range,New,596095,6.0,Physical Store,Cash,1,12,0.0,0.318,1.0,0.643,1.0,1.0,0.558,0.64,1
CUST_00622,15,Male,Mwanza,Muslim,Makonde,No formal,"200,000-500,000",Tigo Pesa,3,0.33,0.94,0.61,0.5,Huawei,China,Premium,New,2458395,9.5,Physical Store,Mobile Money,1,2,0.0,0.58,0.9,0.986,1.0,1.0,0.515,0.48,1
CUST_01485,15,Male,Arusha,Christian,Chagga,Bachelor,"1,000,001-2,000,000",Tigo Pesa,2,0.41,0.25,0.51,0.5,Apple,USA,Premium,New,1862258,8.2,Mobile,Cash,1,1,0.612,0.418,1.0,0.918,1.0,1.0,0.626,0.52,1
CUST_00277,20,Male,Dar es Salaam,Christian,Others,Diploma,"200,000-500,000",M-Pesa,4,0.08,0.88,0.58,0.7,Tecno,China,Mid-Range,New,584670,7.8,Physical Store,Card,0,2,0.0,0.452,1.0,0.807,1.0,1.0,0.419,0.75,1
CUST_03417,46,Female,Dar es Salaam,Muslim,Others,Secondary,"<200,000",M-Pesa,1,0.25,0.83,0.87,0.5,Apple,USA,Premium,New,2340701,9.4,Physical Store,Cash,0,2,0.0,0.818,0.9,0.776,1.0,1.0,0.708,0.5,1
CUST_00628,23,Female,Dodoma,Christian,Sukuma,No formal,">2,000,000",M-Pesa,2,0.31,0.47,0.65,0.5,Tecno,China,Mid-Range,New,387608,7.1,Physical Store,Cash,1,2,0.545,0.461,1.0,0.855,1.0,1.0,0.6,0.75,1
CUST_01398,34,Female,Mbeya,Christian,Chagga,Secondary,"200,000-500,000",M-Pesa,4,0.27,0.76,0.58,0.3,Nokia,Finland,Mid-Range,Used,470782,5.9,Physical Store,Cash,0,12,0.106,0.342,1.0,0.655,0.6,1.0,0.32,0.66,1
CUST_03665,23,Male,Dar es Salaam,Muslim,Others,Primary,"<200,000",Tigo Pesa,3,0.04,0.95,0.86,0.3,Nokia,Finland,Mid-Range,New,322400,6.8,Mobile,Cash,0,2,0.234,0.585,0.9,0.883,1.0,1.0,0.536,0.74,1
CUST_02560,26,Female,Tanga,Christian,Gogo,Primary,"1,000,001-2,000,000",Tigo Pesa,4,0.11,0.45,0.71,0.3,Huawei,China,Premium,New,2067992,8.9,Online,Mobile Money,1,12,0.225,0.632,1.0,0.936,1.0,1.0,0.531,0.52,1
CUST_04333,30,Female,Morogoro,Muslim,Gogo,Master+,"200,000-500,000",M-Pesa,3,0.21,0.92,0.47,1.0,Samsung,South Korea,Premium,New,1093717,9.8,Online,Mobile Money,0,2,0.161,0.461,0.9,0.873,1.0,0.8,0.61,0.77,1
CUST_00786,37,Male,Mwanza,Muslim,Makonde,Primary,"<200,000",M-Pesa,1,0.23,0.8,0.7,0.5,Samsung,South Korea,Premium,New,1903563,9.2,Physical Store,Cash,0,2,0.0,0.644,0.9,1.149,1.0,1.0,0.623,0.57,1
CUST_03185,20,Female,Dar es Salaam,Christian,Chagga,Diploma,"1,000,001-2,000,000",M-Pesa,2,0.42,0.31,0.62,0.0,Itel,China,Budget,New,123458,4.4,Physical Store,Cash,0,2,0.745,0.273,1.0,0.681,1.0,1.0,0.755,0.64,1
CUST_00039,19,Female,Mbeya,Muslim,Others,Secondary,"500,001-1,000,000",Tigo Pesa,2,0.17,0.54,0.89,0.5,Samsung,South Korea,Premium,New,1888926,8.7,Online,Mobile Money,0,1,0.15,0.774,0.9,0.851,1.0,1.0,0.509,0.54,1
CUST_04026,40,Female,Tanga,Christian,Others,Secondary,"1,000,001-2,000,000",M-Pesa,4,0.39,0.39,0.76,0.0,Tecno,China,Mid-Range,New,507010,7.5,Physical Store,Cash,1,2,0.506,0.57,1.0,0.793,1.0,1.0,0.857,0.75,1
CUST_01216,15,Female,Morogoro,Other,Others,Primary,"<200,000",Tigo Pesa,4,0.2,0.99,0.31,0.5,Vivo,China,Mid-Range,New,443194,7.9,Online,Cash,0,1,0.0,0.245,1.0,0.544,1.0,1.0,0.301,0.79,1
CUST_04633,18,Male,Tanga,Muslim,Others,Diploma,"200,000-500,000",M-Pesa,4,0.22,0.79,0.83,0.0,Tecno,China,Mid-Range,New,254590,6.5,Physical Store,Mobile Money,0,2,0.497,0.54,0.9,0.897,1.0,1.0,0.425,0.74,1
CUST_02318,29,Female,Mbeya,Christian,Others,Master+,"200,000-500,000",M-Pesa,3,0.33,0.86,0.46,0.7,Nokia,Finland,Mid-Range,New,453082,7.2,Physical Store,Cash,0,2,0.026,0.331,1.0,0.63,1.0,1.0,0.434,0.74,1
CUST_03009,24,Female,Arusha,Muslim,Gogo,Secondary,"1,000,001-2,000,000",M-Pesa,3,0.35,0.31,0.49,0.3,Nokia,Finland,Mid-Range,New,466773,6.1,Physical Store,Cash,0,2,0.638,0.299,0.9,0.875,1.0,1.0,0.786,0.67,1
CUST_01171,15,Male,Arusha,Muslim,Others,Master+,"500,001-1,000,000",Tigo Pesa,3,0.03,0.65,0.47,0.0,Oppo,China,Mid-Range,New,545176,7.3,Physical Store,Cash,1,2,0.114,0.343,0.9,0.764,1.0,1.0,0.705,0.73,1
CUST_01160,25,Female,Dar es Salaam,Muslim,Others,Secondary,"<200,000",Airtel Money,4,0.22,0.75,0.4,0.0,Samsung,South Korea,Premium,New,1374109,8.3,Physical Store,Cash,0,2,0.141,0.332,0.9,1.041,1.0,1.0,0.636,0.62,0
CUST_03571,33,Female,Dar es Salaam,Christian,Others,Secondary,"500,001-1,000,000",Airtel Money,2,0.14,0.61,0.66,0.5,Infinix,China,Mid-Range,New,433754,6.4,Physical Store,Cash,0,2,0.339,0.422,1.0,0.711,1.0,1.0,0.574,0.7,1
CUST_00899,21,Male,Zanzibar,Christian,Others,Primary,"200,000-500,000",Tigo Pesa,3,0.05,0.76,0.65,0.5,Nokia,Finland,Mid-Range,New,593774,6.5,Physical Store,Mobile Money,0,2,0.0,0.423,1.0,0.68,1.0,1.0,0.149,0.67,1
CUST_01225,17,Male,Mwanza,Christian,Others,Secondary,"200,000-500,000",M-Pesa,4,0.53,0.99,0.68,0.7,Apple,USA,Premium,New,1972190,9.1,Physical Store,Cash,1,2,0.0,0.619,1.0,1.05,1.0,1.0,0.452,0.55,1
CUST_02842,36,Female,Morogoro,Muslim,Chagga,Secondary,"500,001-1,000,000",Tigo Pesa,3,0.62,0.4,0.34,0.3,Tecno,China,Mid-Range,New,348648,6.8,Physical Store,Mobile Money,0,2,0.651,0.231,0.9,0.678,1.0,1.0,0.587,0.74,1
CUST_03831,22,Male,Mwanza,Muslim,Others,No formal,"200,000-500,000",Halopesa,4,0.13,0.71,0.78,1.0,Oppo,China,Mid-Range,New,299738,6.9,Mobile,Cash,1,2,0.468,0.538,0.9,0.9,1.0,0.8,0.65,0.75,1
CUST_03263,29,Female,Mbeya,Christian,Others,Diploma,"200,000-500,000",Airtel Money,2,0.34,0.88,0.54,0.7,Xiaomi,China,Mid-Range,New,312762,6.4,Physical Store,Cash,1,1,0.312,0.346,1.0,0.509,1.0,1.0,0.678,0.72,1
CUST_04167,15,Male,Mbeya,Christian,Nyamwezi,Secondary,"500,001-1,000,000",Tigo Pesa,4,0.3,0.75,0.59,0.3,Itel,China,Budget,New,180378,6.6,Online,Cash,1,2,0.098,0.389,1.0,0.685,1.0,1.0,0.566,0.76,1
CUST_02217,15,Male,Dar es Salaam,Muslim,Chagga,No formal,"200,000-500,000",Tigo Pesa,4,0.35,0.82,0.43,0.5,Apple,USA,Premium,New,898151,9.7,Online,Card,1,2,0.386,0.417,0.9,1.05,1.0,1.0,0.624,0.8,1
CUST_02753,35,Male,Tanga,Christian,Gogo,No formal,"1,000,001-2,000,000",M-Pesa,4,0.14,0.37,0.76,0.3,Infinix,China,Mid-Range,Used,257828,5.4,Physical Store,Cash,0,1,0.762,0.41,1.0,0.774,0.6,1.0,0.604,0.67,1
CUST_04260,21,Female,Tanga,Christian,Others,Bachelor,"200,000-500,000",Tigo Pesa,2,0.03,0.91,0.69,0.3,Infinix,China,Mid-Range,New,587041,7.7,Physical Store,Cash,0,2,0.0,0.531,1.0,0.52,1.0,1.0,0.63,0.74,1
CUST_02459,39,Male,Morogoro,Other,Others,Primary,"1,000,001-2,000,000",Airtel Money,4,0.45,0.45,0.54,0.5,Samsung,South Korea,Premium,New,1308272,9.9,Physical Store,Card,0,2,0.509,0.535,1.0,0.887,1.0,1.0,0.721,0.73,1
CUST_04877,15,Male,Dar es Salaam,Muslim,Others,No formal,"500,001-1,000,000",Halopesa,4,0.1,0.5,0.74,0.0,Vivo,China,Mid-Range,New,285002,6.9,Physical Store,Mobile Money,0,2,0.644,0.511,0.9,0.765,1.0,1.0,0.61,0.76,1
CUST_00641,52,Female,Dar es Salaam,Christian,Others,Primary,">2,000,000",Tigo Pesa,5,0.32,0.1,0.73,0.3,Infinix,China,Mid-Range,New,465427,6.9,Physical Store,Mobile Money,0,2,0.884,0.504,1.0,0.743,1.0,1.0,0.797,0.72,0
CUST_02762,23,Female,Zanzibar,Muslim,Chagga,Secondary,"500,001-1,000,000",M-Pesa,4,0.84,0.4,0.4,0.0,Oppo,China,Mid-Range,New,320168,6.3,Physical Store,Cash,0,12,0.68,0.252,0.9,0.613,1.0,1.0,0.525,0.71,0
CUST_01902,30,Female,Arusha,Christian,Others,Primary,"500,001-1,000,000",Halopesa,5,0.28,0.45,0.59,0.0,Huawei,China,Premium,New,1572138,9.4,Physical Store,Mobile Money,0,1,0.41,0.555,1.0,0.536,1.0,1.0,0.496,0.65,1
CUST_01272,27,Male,Mwanza,Christian,Chagga,Primary,"200,000-500,000",M-Pesa,1,0.32,0.72,0.74,0.0,Itel,China,Budget,Used,77887,4.0,Physical Store,Cash,0,1,0.626,0.296,1.0,0.512,0.6,1.0,0.46,0.62,1
CUST_00360,19,Female,Morogoro,Christian,Others,Primary,"500,001-1,000,000",Tigo Pesa,3,0.45,0.53,0.6,0.5,Nokia,Finland,Mid-Range,New,311293,7.0,Online,Cash,0,2,0.588,0.42,1.0,0.823,1.0,1.0,0.697,0.76,1
CUST_04891,28,Male,Dar es Salaam,Christian,Others,Diploma,"500,001-1,000,000",Tigo Pesa,5,0.09,0.61,0.82,0.0,Oppo,China,Mid-Range,Used,125643,5.5,Mobile,Cash,0,10,0.808,0.451,1.0,0.719,0.6,1.0,0.824,0.7,1
CUST_00386,38,Female,Dar es Salaam,Christian,Sukuma,Secondary,"500,001-1,000,000",M-Pesa,2,0.36,0.69,0.66,0.3,Nokia,Finland,Mid-Range,New,254534,6.0,Physical Store,Mobile Money,0,1,0.561,0.396,1.0,0.761,1.0,1.0,0.641,0.71,0
CUST_03636,24,Male,Mwanza,Muslim,Others,No formal,">2,000,000",Airtel Money,1,0.28,0.12,0.49,0.3,Vivo,China,Mid-Range,New,277289,8.0,Physical Store,Cash,0,2,0.917,0.392,0.9,0.669,1.0,1.0,0.692,0.82,1
CUST_01765,23,Male,Dodoma,Muslim,Nyamwezi,No formal,"200,000-500,000",Tigo Pesa,4,0.22,0.77,0.67,1.0,Samsung,South Korea,Premium,New,2371234,9.7,Physical Store,Mobile Money,0,2,0.0,0.65,0.9,0.679,1.0,0.8,0.498,0.51,1
CUST_03150,15,Female,Dar es Salaam,Christian,Others,Diploma,"200,000-500,000",M-Pesa,5,0.17,0.82,0.86,0.0,Xiaomi,China,Mid-Range,New,320187,7.7,Online,Cash,1,1,0.344,0.662,1.0,0.772,1.0,1.0,0.675,0.8,1
CUST_04924,31,Male,Dar es Salaam,Muslim,Nyamwezi,No formal,"<200,000",Airtel Money,5,0.34,0.78,0.66,0.3,Huawei,China,Premium,Used,847805,7.2,Physical Store,Mobile Money,1,2,0.449,0.475,0.9,0.53,0.6,1.0,0.546,0.66,1
CUST_00726,26,Male,Morogoro,Christian,Nyamwezi,Bachelor,"500,001-1,000,000",Halopesa,3,0.26,0.71,0.77,0.5,Huawei,China,Premium,New,1649725,8.9,Physical Store,Cash,1,2,0.024,0.685,1.0,0.693,1.0,1.0,0.509,0.6,1
CUST_02444,15,Male,Mwanza,Other,Haya,Diploma,"200,000-500,000",Airtel Money,3,0.03,0.86,0.5,1.0,Itel,China,Budget,New,92569,5.3,Physical Store,Cash,0,2,0.469,0.265,1.0,0.927,1.0,0.8,0.608,0.7,1
CUST_02519,23,Male,Arusha,Christian,Sukuma,Bachelor,"500,001-1,000,000",Airtel Money,3,0.27,0.67,0.66,0.0,Samsung,South Korea,Premium,New,1124474,9.7,Physical Store,Card,1,12,0.372,0.64,1.0,0.737,1.0,1.0,0.494,0.76,1
CUST_01537,20,Male,Morogoro,Christian,Haya,Secondary,"500,001-1,000,000",Tigo Pesa,2,0.2,0.57,0.89,0.7,Xiaomi,China,Mid-Range,New,513062,7.1,Online,Cash,1,1,0.269,0.632,1.0,0.589,1.0,1.0,0.688,0.72,1
CUST_01527,23,Male,Arusha,Christian,Others,Primary,"<200,000",Halopesa,2,0.36,0.82,0.69,0.3,Itel,China,Budget,New,137418,6.2,Mobile,Cash,0,12,0.249,0.428,1.0,0.717,1.0,1.0,0.311,0.74,1
CUST_00113,38,Male,Tanga,Muslim,Others,Secondary,"<200,000",M-Pesa,4,0.51,0.92,0.67,0.0,Infinix,China,Mid-Range,New,457026,6.3,Physical Store,Mobile Money,0,12,0.0,0.422,0.9,0.939,1.0,1.0,0.466,0.69,1
CUST_03876,44,Female,Zanzibar,Christian,Sukuma,Secondary,"1,000,001-2,000,000",Tigo Pesa,2,0.32,0.2,0.41,0.3,Apple,USA,Premium,New,1377721,9.9,Mobile,Mobile Money,0,2,0.77,0.406,1.0,0.606,1.0,1.0,0.697,0.72,0
CUST_01634,21,Female,Morogoro,Christian,Others,Primary,"500,001-1,000,000",Airtel Money,4,0.42,0.69,0.62,0.0,Nokia,Finland,Mid-Range,New,260657,7.5,Online,Card,0,1,0.55,0.465,1.0,0.827,1.0,1.0,0.581,0.8,1
CUST_04449,45,Female,Morogoro,Christian,Chagga,Diploma,"<200,000",M-Pesa,3,0.3,0.83,0.68,1.0,Samsung,South Korea,Premium,New,1906767,9.1,Physical Store,Card,0,2,0.0,0.619,1.0,0.833,1.0,0.8,0.555,0.56,1
CUST_03544,34,Female,Mwanza,Muslim,Others,Diploma,"<200,000",M-Pesa,3,0.17,0.71,0.76,0.5,Infinix,China,Mid-Range,Used,141608,6.4,Physical Store,Cash,1,2,0.749,0.486,0.9,0.962,0.6,1.0,0.684,0.76,1
CUST_01106,40,Female,Zanzibar,Muslim,Others,Bachelor,"<200,000",Halopesa,3,0.12,1.0,0.89,1.0,Huawei,China,Premium,New,1108380,9.0,Online,Cash,0,2,0.076,0.801,0.9,0.986,1.0,0.8,0.51,0.72,1
CUST_04986,42,Female,Dar es Salaam,Muslim,Others,Primary,"200,000-500,000",M-Pesa,3,0.34,0.9,0.52,0.0,Infinix,China,Mid-Range,New,347177,6.9,Physical Store,Mobile Money,0,10,0.219,0.359,0.9,0.69,1.0,1.0,0.666,0.74,1
CUST_01336,18,Male,Dodoma,Muslim,Sukuma,Diploma,"200,000-500,000",Halopesa,4,0.74,0.86,0.7,0.3,Tecno,China,Mid-Range,New,387710,6.6,Mobile,Mobile Money,0,2,0.166,0.462,0.9,0.699,1.0,1.0,0.688,0.72,1
CUST_03814,20,Female,Dar es Salaam,Christian,Others,Primary,"<200,000",Halopesa,3,0.33,0.96,0.4,0.0,Xiaomi,China,Mid-Range,New,290717,6.4,Physical Store,Cash,1,2,0.302,0.256,1.0,0.933,1.0,1.0,0.557,0.73,0
CUST_04949,50,Female,Dodoma,Muslim,Others,Diploma,"500,001-1,000,000",M-Pesa,4,0.17,0.6,0.41,0.0,Apple,USA,Premium,Used,1206535,8.3,Physical Store,Cash,0,1,0.397,0.34,0.9,0.997,0.6,1.0,0.536,0.66,0
CUST_01602,29,Female,Mwanza,Christian,Chagga,Secondary,"500,001-1,000,000",M-Pesa,3,0.07,0.56,0.34,0.5,Huawei,China,Premium,New,1232845,9.4,Physical Store,Card,0,2,0.425,0.32,1.0,0.996,1.0,1.0,0.531,0.72,1
CUST_00227,32,Male,Mwanza,Christian,Others,Secondary,"200,000-500,000",Airtel Money,4,0.03,0.8,0.43,0.0,Apple,USA,Premium,New,2070953,8.2,Physical Store,Cash,0,2,0.0,0.353,1.0,0.756,1.0,1.0,0.443,0.48,1
CUST_02516,29,Male,Mwanza,Muslim,Others,Primary,"500,001-1,000,000",Tigo Pesa,4,0.14,0.42,0.46,0.3,Tecno,China,Mid-Range,New,253156,6.1,Physical Store,Mobile Money,0,1,0.734,0.281,0.9,0.564,1.0,1.0,0.619,0.72,1
CUST_01102,34,Male,Dar es Salaam,Christian,Nyamwezi,Diploma,"500,001-1,000,000",Halopesa,1,0.23,0.66,0.5,0.5,Xiaomi,China,Mid-Range,New,283626,6.3,Online,Mobile Money,0,1,0.532,0.315,1.0,0.804,1.0,1.0,0.635,0.72,1
CUST_02697,31,Female,Dodoma,Muslim,Chagga,Bachelor,"500,001-1,000,000",Halopesa,4,0.33,0.63,0.78,0.5,Samsung,South Korea,Premium,New,686471,9.4,Physical Store,Mobile Money,0,2,0.64,0.733,0.9,0.937,1.0,1.0,0.799,0.83,1
CUST_04730,15,Female,Zanzibar,Christian,Others,Secondary,">2,000,000",Halopesa,2,0.08,0.35,0.81,1.0,Xiaomi,China,Mid-Range,Used,371896,5.3,Online,Mobile Money,0,2,0.675,0.429,1.0,0.961,0.6,0.8,0.677,0.64,1
CUST_04219,62,Female,Dodoma,Christian,Others,Diploma,"500,001-1,000,000",Halopesa,2,0.43,0.72,0.47,1.0,Infinix,China,Mid-Range,New,400202,7.8,Physical Store,Mobile Money,0,2,0.28,0.367,1.0,0.969,1.0,0.8,0.703,0.79,1
CUST_01158,29,Female,Mwanza,Muslim,Others,No formal,"1,000,001-2,000,000",Tigo Pesa,5,0.55,0.24,0.51,0.0,Apple,USA,Premium,New,727342,8.8,Physical Store,Cash,0,2,0.855,0.449,0.9,0.976,1.0,1.0,0.623,0.78,1
CUST_02792,35,Male,Dar es Salaam,Christian,Others,Diploma,"<200,000",M-Pesa,4,0.37,0.71,0.58,0.3,Samsung,South Korea,Premium,New,1459138,8.8,Online,Card,0,2,0.137,0.51,1.0,0.601,1.0,1.0,0.394,0.64,1
CUST_02693,26,Male,Mbeya,Christian,Others,Bachelor,"<200,000",M-Pesa,4,0.21,0.84,0.67,0.3,Tecno,China,Mid-Range,New,472218,8.0,Physical Store,Card,0,2,0.008,0.536,1.0,0.95,1.0,1.0,0.546,0.79,1
CUST_01254,29,Male,Dodoma,Christian,Others,Primary,"<200,000",Airtel Money,1,0.2,0.7,0.48,0.7,Apple,USA,Premium,New,2129075,9.7,Online,Cash,0,2,0.0,0.466,1.0,1.145,1.0,1.0,0.62,0.56,0
CUST_04919,41,Female,Morogoro,Christian,Others,Secondary,">2,000,000",Tigo Pesa,4,0.28,0.24,0.55,0.5,Tecno,China,Mid-Range,New,532386,6.9,Online,Mobile Money,1,12,0.681,0.38,1.0,0.943,1.0,1.0,0.628,0.71,0
CUST_03553,15,Female,Dar es Salaam,Muslim,Others,No formal,"500,001-1,000,000",Airtel Money,3,0.05,0.46,0.52,0.3,Apple,USA,Premium,New,1944030,10.0,Physical Store,Cash,0,12,0.255,0.52,0.9,0.824,1.0,1.0,0.578,0.61,1
CUST_03298,26,Female,Morogoro,Christian,Others,Diploma,"200,000-500,000",M-Pesa,2,0.16,0.82,0.49,0.7,Infinix,China,Mid-Range,Used,347633,5.4,Physical Store,Cash,0,1,0.287,0.265,1.0,0.846,0.6,1.0,0.375,0.65,1
CUST_03863,47,Male,Tanga,Christian,Others,Master+,"500,001-1,000,000",None,4,0.28,0.57,0.47,0.5,Huawei,China,Premium,New,1459362,9.2,Physical Store,Card,1,1,0.307,0.432,1.0,0.966,1.0,1.0,0.584,0.66,1
CUST_04740,28,Male,Dar es Salaam,Christian,Others,Primary,"500,001-1,000,000",Airtel Money,2,0.8,0.57,0.89,0.3,Oppo,China,Mid-Range,New,313554,7.4,Physical Store,Mobile Money,0,1,0.553,0.659,1.0,0.524,1.0,1.0,0.686,0.78,1
CUST_03501,26,Male,Dar es Salaam,Muslim,Nyamwezi,Primary,"200,000-500,000",M-Pesa,4,0.47,0.96,0.35,0.5,Vivo,China,Mid-Range,New,275334,7.6,Online,Cash,0,11,0.339,0.266,0.9,0.557,1.0,1.0,0.534,0.8,1
CUST_00814,24,Female,Dodoma,Christian,Others,Primary,"<200,000",Airtel Money,4,0.22,0.72,0.47,0.3,Vivo,China,Mid-Range,New,537836,7.6,Physical Store,Cash,1,1,0.032,0.357,1.0,0.816,1.0,1.0,0.5,0.75,1
CUST_00782,15,Female,Tanga,Christian,Others,Primary,"200,000-500,000",Tigo Pesa,1,0.42,0.98,0.87,1.0,Infinix,China,Mid-Range,New,333264,6.6,Physical Store,Mobile Money,1,2,0.184,0.574,1.0,0.818,1.0,0.8,0.433,0.73,1
CUST_00987,25,Female,Mwanza,Christian,Others,Secondary,"200,000-500,000",Airtel Money,3,0.26,0.71,0.31,0.3,Huawei,China,Premium,New,896682,9.8,Online,Cash,1,2,0.469,0.304,1.0,0.666,1.0,1.0,0.478,0.81,1
CUST_01461,22,Male,Dar es Salaam,Other,Gogo,No formal,"200,000-500,000",None,3,0.2,0.91,0.52,0.7,Infinix,China,Mid-Range,New,457942,6.1,Physical Store,Cash,1,2,0.0,0.317,1.0,0.755,1.0,1.0,0.467,0.67,1
CUST_02741,36,Male,Dodoma,Muslim,Others,Primary,"<200,000",M-Pesa,3,0.21,0.71,0.52,0.5,Infinix,China,Mid-Range,New,415410,6.7,Online,Cash,1,2,0.263,0.348,0.9,0.766,1.0,1.0,0.591,0.72,1
CUST_02026,29,Male,Mbeya,Christian,Nyamwezi,Secondary,"500,001-1,000,000",Tigo Pesa,2,0.11,0.59,0.72,0.3,Nokia,Finland,Mid-Range,New,435393,7.0,Mobile,Cash,1,2,0.358,0.504,1.0,0.768,1.0,1.0,0.797,0.73,1
CUST_04182,31,Male,Dar es Salaam,Christian,Others,Secondary,"500,001-1,000,000",Halopesa,4,0.18,0.46,0.39,0.0,Samsung,South Korea,Premium,New,2497436,8.3,Physical Store,Cash,1,2,0.043,0.324,1.0,0.616,1.0,1.0,0.441,0.4,1
CUST_00428,29,Male,Dodoma,Muslim,Nyamwezi,Secondary,"500,001-1,000,000",Tigo Pesa,3,0.33,0.45,0.76,0.7,Samsung,South Korea,Premium,New,1457426,8.7,Physical Store,Cash,1,2,0.453,0.661,0.9,1.191,1.0,1.0,0.637,0.63,1
CUST_04740,28,Male,Dar es Salaam,Christian,Others,Primary,"500,001-1,000,000",Airtel Money,2,0.8,0.57,0.89,0.3,Xiaomi,China,Mid-Range,New,375604,7.0,Physical Store,Card,0,2,0.465,0.623,1.0,0.512,1.0,1.0,0.647,0.74,1
CUST_02033,39,Male,Zanzibar,Christian,Chagga,Secondary,"<200,000",M-Pesa,4,0.22,0.8,0.83,0.5,Oppo,China,Mid-Range,New,467266,7.1,Physical Store,Cash,0,2,0.065,0.589,1.0,0.704,1.0,1.0,0.498,0.73,1
CUST_00239,33,Female,Zanzibar,Christian,Others,Primary,"<200,000",Tigo Pesa,2,0.18,0.82,0.39,0.5,Samsung,South Korea,Premium,New,2178008,9.9,Physical Store,Cash,0,2,0.0,0.386,1.0,1.175,1.0,1.0,0.617,0.56,0
CUST_01761,24,Female,Tanga,Christian,Others,Secondary,">2,000,000",M-Pesa,4,0.3,0.45,0.34,0.0,Xiaomi,China,Mid-Range,New,523589,6.7,Online,Card,0,1,0.411,0.228,1.0,0.804,1.0,1.0,0.596,0.7,1
CUST_00467,15,Female,Tanga,Christian,Makonde,Secondary,"200,000-500,000",Halopesa,3,0.17,0.88,0.8,0.3,Tecno,China,Mid-Range,New,462503,6.5,Physical Store,Mobile Money,0,1,0.0,0.52,1.0,0.835,1.0,1.0,0.505,0.7,1
CUST_04628,32,Male,Tanga,Christian,Nyamwezi,Primary,"200,000-500,000",M-Pesa,2,0.2,0.84,0.38,0.7,Oppo,China,Mid-Range,New,272031,7.3,Online,Mobile Money,0,11,0.429,0.277,1.0,0.997,1.0,1.0,0.507,0.78,1
CUST_00179,17,Female,Zanzibar,Christian,Others,No formal,"500,001-1,000,000",M-Pesa,3,0.2,0.53,0.74,0.3,Infinix,China,Mid-Range,New,401097,6.6,Physical Store,Cash,0,1,0.469,0.488,1.0,0.849,1.0,1.0,0.644,0.72,1
CUST_01203,37,Male,Dar es Salaam,Muslim,Others,Master+,"500,001-1,000,000",Tigo Pesa,3,0.2,0.7,0.66,0.5,Samsung,South Korea,Premium,New,1323138,9.0,Physical Store,Mobile Money,1,2,0.228,0.594,0.9,1.127,1.0,1.0,0.537,0.68,1
CUST_03307,27,Male,Mwanza,Christian,Others,Primary,"<200,000",Airtel Money,3,0.25,0.92,0.6,0.7,Infinix,China,Mid-Range,New,498217,6.4,Physical Store,Mobile Money,1,2,0.0,0.384,1.0,0.528,1.0,1.0,0.488,0.68,1
CUST_00608,30,Female,Zanzibar,Christian,Others,Bachelor,"200,000-500,000",M-Pesa,3,0.22,0.85,0.5,0.7,Infinix,China,Mid-Range,New,586057,6.5,Online,Cash,0,2,0.0,0.325,1.0,0.627,1.0,1.0,0.513,0.67,1
CUST_04401,34,Female,Tanga,Christian,Haya,Bachelor,"500,001-1,000,000",Airtel Money,3,0.15,0.71,0.52,0.0,Nokia,Finland,Mid-Range,Used,131986,5.7,Physical Store,Mobile Money,0,1,0.766,0.296,1.0,0.62,0.6,1.0,0.612,0.72,1
CUST_00210,31,Male,Dar es Salaam,Christian,Makonde,No formal,"<200,000",M-Pesa,5,0.07,0.79,0.44,0.0,Vivo,China,Mid-Range,Used,466330,6.0,Mobile,Cash,0,2,0.079,0.264,1.0,0.881,0.6,1.0,0.551,0.67,1
CUST_03319,24,Male,Tanga,Christian,Others,Primary,"200,000-500,000",Halopesa,3,0.21,0.93,0.51,0.0,Huawei,China,Premium,New,1349057,9.3,Physical Store,Mobile Money,0,2,0.0,0.474,1.0,0.682,1.0,1.0,0.487,0.69,1
CUST_03768,30,Female,Dar es Salaam,Muslim,Sukuma,No formal,"1,000,001-2,000,000",M-Pesa,4,0.27,0.5,0.79,0.7,Tecno,China,Mid-Range,New,329153,6.8,Physical Store,Mobile Money,0,2,0.589,0.537,0.9,0.896,1.0,1.0,0.787,0.74,1
CUST_03359,20,Male,Zanzibar,Christian,Makonde,Primary,">2,000,000",Halopesa,4,0.27,0.19,0.71,0.0,Itel,China,Budget,New,227081,6.0,Online,Cash,0,1,0.712,0.426,1.0,0.681,1.0,1.0,0.562,0.71,1
CUST_00820,22,Female,Morogoro,Muslim,Makonde,Primary,"<200,000",Tigo Pesa,2,0.19,0.74,0.65,1.0,Itel,China,Budget,New,157402,6.8,Mobile,Card,0,2,0.223,0.442,0.9,0.751,1.0,0.8,0.451,0.78,1
CUST_03854,40,Male,Mbeya,Christian,Others,No formal,"<200,000",M-Pesa,2,0.15,0.92,0.44,0.3,Tecno,China,Mid-Range,New,274531,6.8,Physical Store,Cash,0,2,0.369,0.299,1.0,0.979,1.0,1.0,0.646,0.75,1
CUST_02555,33,Female,Tanga,Christian,Sukuma,Primary,"200,000-500,000",Tigo Pesa,5,0.38,0.71,0.52,0.7,Samsung,South Korea,Premium,New,1529812,8.7,Physical Store,Cash,1,2,0.095,0.452,1.0,0.86,1.0,1.0,0.476,0.62,1
CUST_03312,16,Male,Dar es Salaam,Christian,Others,Primary,">2,000,000",Airtel Money,2,0.29,0.24,0.59,0.3,Tecno,China,Mid-Range,New,435867,6.8,Physical Store,Card,1,2,0.738,0.401,1.0,0.737,1.0,1.0,0.762,0.72,1
CUST_01675,33,Male,Arusha,Christian,Others,Secondary,"200,000-500,000",M-Pesa,4,0.14,0.73,0.87,0.5,Itel,China,Budget,Used,56548,4.2,Physical Store,Cash,0,2,0.725,0.365,1.0,0.993,0.6,1.0,0.755,0.64,1
CUST_00363,24,Female,Dar es Salaam,Muslim,Nyamwezi,Primary,"1,000,001-2,000,000",M-Pesa,2,0.33,0.21,0.72,0.5,Nokia,Finland,Mid-Range,New,276461,6.3,Physical Store,Cash,0,2,0.855,0.454,0.9,0.947,1.0,1.0,0.636,0.72,1
CUST_02264,22,Female,Dodoma,Christian,Others,No formal,"<200,000",Tigo Pesa,1,0.19,0.96,0.86,0.0,Vivo,China,Mid-Range,New,430865,7.1,Physical Store,Mobile Money,1,12,0.0,0.611,1.0,0.751,1.0,1.0,0.316,0.74,1
CUST_01870,28,Female,Arusha,Christian,Nyamwezi,Primary,"200,000-500,000",Tigo Pesa,2,0.41,0.96,0.41,0.7,Huawei,China,Premium,Used,987151,7.3,Physical Store,Cash,0,2,0.21,0.299,1.0,0.568,0.6,1.0,0.566,0.64,1
CUST_00258,25,Male,Mbeya,Muslim,Gogo,Diploma,"500,001-1,000,000",Tigo Pesa,3,0.05,0.71,0.66,0.3,Huawei,China,Premium,New,1702545,8.2,Physical Store,Cash,0,2,0.0,0.541,0.9,0.995,1.0,1.0,0.591,0.55,1
CUST_02716,24,Female,Dodoma,Christian,Others,Diploma,"1,000,001-2,000,000",Halopesa,5,0.38,0.23,0.71,0.0,Apple,USA,Premium,New,1611661,9.4,Physical Store,Mobile Money,0,2,0.691,0.667,1.0,0.662,1.0,1.0,0.829,0.64,1
CUST_03912,20,Female,Mbeya,Christian,Others,Secondary,"500,001-1,000,000",Tigo Pesa,3,0.48,0.79,0.43,0.5,Nokia,Finland,Mid-Range,New,346222,6.1,Physical Store,Cash,0,2,0.316,0.262,1.0,0.977,1.0,1.0,0.619,0.7,1
CUST_03338,20,Male,Dodoma,Christian,Others,Secondary,"<200,000",M-Pesa,3,0.35,0.76,0.55,0.0,Nokia,Finland,Mid-Range,New,577449,6.7,Online,Cash,0,1,0.0,0.369,1.0,0.953,1.0,1.0,0.659,0.69,1
CUST_01054,42,Female,Dar es Salaam,Other,Others,No formal,"200,000-500,000",Airtel Money,1,0.02,0.79,0.37,0.5,Infinix,China,Mid-Range,New,327085,6.0,Physical Store,Mobile Money,0,2,0.354,0.222,1.0,0.731,1.0,1.0,0.798,0.69,1
CUST_03194,19,Male,Zanzibar,Christian,Others,Bachelor,"200,000-500,000",M-Pesa,4,0.36,0.76,0.38,0.3,Tecno,China,Mid-Range,New,392463,6.3,Physical Store,Mobile Money,0,2,0.254,0.239,1.0,0.518,1.0,1.0,0.44,0.7,1
CUST_03826,25,Female,Mwanza,Christian,Others,Bachelor,"200,000-500,000",M-Pesa,3,0.37,0.95,0.86,0.7,Nokia,Finland,Mid-Range,Used,291572,6.3,Physical Store,Cash,0,2,0.308,0.542,1.0,0.883,0.6,1.0,0.702,0.72,1
CUST_00698,17,Female,Mwanza,Muslim,Others,Secondary,"500,001-1,000,000",M-Pesa,3,0.37,0.42,0.31,0.0,Huawei,China,Premium,New,1749230,8.3,Physical Store,Mobile Money,0,2,0.388,0.257,0.9,0.576,1.0,1.0,0.642,0.55,1
CUST_00050,15,Male,Arusha,Christian,Others,No formal,"<200,000",Tigo Pesa,3,0.15,0.7,0.7,0.0,Huawei,China,Premium,New,1005162,9.6,Physical Store,Card,1,2,0.414,0.672,1.0,0.944,1.0,1.0,0.709,0.77,1
CUST_01915,20,Male,Arusha,Muslim,Others,Secondary,"200,000-500,000",Airtel Money,2,0.24,0.88,0.35,0.7,Infinix,China,Mid-Range,New,365962,7.4,Physical Store,Cash,0,11,0.195,0.259,0.9,0.975,1.0,1.0,0.494,0.77,1
CUST_00181,33,Male,Arusha,Christian,Others,Secondary,"<200,000",None,2,0.56,0.8,0.54,0.3,Itel,China,Budget,New,103198,4.6,Physical Store,Cash,1,2,0.45,0.248,1.0,0.777,1.0,1.0,0.466,0.66,0
CUST_02380,20,Male,Mwanza,Other,Others,Primary,"1,000,001-2,000,000",Airtel Money,5,0.21,0.43,0.66,1.0,Vivo,China,Mid-Range,New,443618,6.5,Online,Mobile Money,1,2,0.523,0.429,1.0,0.798,1.0,0.8,0.635,0.7,1
CUST_00430,30,Female,Dar es Salaam,Muslim,Others,Bachelor,"<200,000",M-Pesa,3,0.3,0.71,0.63,0.3,Infinix,China,Mid-Range,New,311359,7.8,Physical Store,Mobile Money,0,2,0.447,0.491,0.9,0.951,1.0,1.0,0.657,0.81,1
CUST_04165,20,Male,Arusha,Christian,Others,Diploma,"<200,000",Tigo Pesa,2,0.12,0.83,0.59,0.7,Itel,China,Budget,New,170058,6.6,Online,Cash,0,12,0.059,0.389,1.0,0.785,1.0,1.0,0.545,0.76,1
CUST_04711,15,Female,Tanga,Muslim,Others,Secondary,"<200,000",Airtel Money,4,0.34,0.86,0.51,0.3,Apple,USA,Premium,New,899523,8.4,Physical Store,Cash,0,2,0.355,0.428,0.9,1.132,1.0,1.0,0.569,0.72,1
CUST_00083,31,Female,Arusha,Muslim,Sukuma,Secondary,"<200,000",M-Pesa,2,0.25,0.75,0.4,0.0,Tecno,China,Mid-Range,New,589818,6.2,Physical Store,Mobile Money,0,2,0.0,0.248,0.9,0.903,1.0,1.0,0.512,0.65,1
CUST_00276,26,Female,Dodoma,Muslim,Sukuma,Diploma,"500,001-1,000,000",Halopesa,3,0.28,0.67,0.45,0.7,Huawei,China,Premium,New,1464791,9.3,Mobile,Cash,0,2,0.182,0.419,0.9,0.533,1.0,1.0,0.56,0.67,1
CUST_03528,22,Female,Mwanza,Christian,Sukuma,Diploma,"200,000-500,000",M-Pesa,3,0.2,0.94,0.75,0.0,Huawei,China,Premium,New,690048,10.0,Online,Mobile Money,0,2,0.459,0.75,1.0,0.924,1.0,1.0,0.67,0.86,1
CUST_04614,35,Female,Mbeya,Christian,Others,Secondary,"500,001-1,000,000",Tigo Pesa,4,0.52,0.55,0.6,0.3,Apple,USA,Premium,New,618865,9.7,Physical Store,Mobile Money,1,2,0.716,0.582,1.0,0.811,1.0,1.0,0.837,0.86,1
CUST_01833,28,Female,Zanzibar,Other,Makonde,Diploma,"200,000-500,000",Tigo Pesa,5,0.27,0.97,0.47,0.3,Infinix,China,Mid-Range,Used,439205,5.0,Physical Store,Card,0,1,0.0,0.235,1.0,0.505,0.6,1.0,0.515,0.61,1
CUST_03688,29,Female,Mwanza,Christian,Others,Primary,"200,000-500,000",Tigo Pesa,1,0.23,0.78,0.46,0.7,Apple,USA,Premium,New,2457577,9.9,Physical Store,Mobile Money,0,2,0.0,0.455,1.0,0.676,1.0,1.0,0.427,0.5,1
CUST_02914,36,Male,Dar es Salaam,Christian,Others,Secondary,"1,000,001-2,000,000",Tigo Pesa,2,0.29,0.32,0.54,0.3,Infinix,China,Mid-Range,New,263170,7.1,Online,Cash,1,1,0.789,0.383,1.0,0.949,1.0,1.0,0.729,0.77,1
CUST_03834,33,Female,Arusha,Muslim,Others,Secondary,"1,000,001-2,000,000",Tigo Pesa,5,0.4,0.2,0.72,0.5,Apple,USA,Premium,New,697344,9.9,Physical Store,Cash,1,2,0.884,0.713,0.9,0.62,1.0,1.0,0.722,0.85,1
CUST_01776,20,Male,Dar es Salaam,Christian,Others,Primary,"500,001-1,000,000",Airtel Money,4,0.26,0.42,0.35,0.0,Oppo,China,Mid-Range,New,382866,7.1,Physical Store,Cash,0,2,0.598,0.248,1.0,0.758,1.0,1.0,0.426,0.75,1
CUST_02144,21,Female,Mwanza,Christian,Others,Primary,">2,000,000",Halopesa,5,0.12,0.12,0.6,0.3,Vivo,China,Mid-Range,New,280039,6.3,Online,Cash,1,2,0.916,0.378,1.0,0.742,1.0,1.0,0.735,0.72,0
CUST_04565,28,Male,Mwanza,Muslim,Others,Secondary,"200,000-500,000",M-Pesa,5,0.41,0.75,0.42,0.0,Tecno,China,Mid-Range,New,385535,7.3,Physical Store,Card,0,1,0.277,0.307,0.9,0.841,1.0,1.0,0.711,0.76,1
CUST_04009,48,Male,Dodoma,Christian,Haya,No formal,"<200,000",Tigo Pesa,3,0.75,0.89,0.69,0.3,Apple,USA,Premium,New,982494,8.3,Physical Store,Cash,0,12,0.271,0.573,1.0,0.927,1.0,1.0,0.606,0.7,1
CUST_03225,39,Female,Mwanza,Muslim,Others,Primary,"200,000-500,000",Airtel Money,3,0.74,0.72,0.67,0.3,Apple,USA,Premium,New,2004724,9.0,Physical Store,Cash,0,2,0.0,0.603,0.9,0.933,1.0,1.0,0.593,0.54,1
CUST_00581,20,Male,Arusha,Christian,Others,Primary,">2,000,000",M-Pesa,3,0.31,0.49,0.41,0.5,Nokia,Finland,Mid-Range,New,487514,6.3,Physical Store,Mobile Money,0,2,0.403,0.258,1.0,0.74,1.0,1.0,0.422,0.68,0
CUST_03325,20,Female,Dar es Salaam,Christian,Others,Diploma,"500,001-1,000,000",Airtel Money,2,0.25,0.78,0.68,0.3,Oppo,China,Mid-Range,New,574851,7.8,Physical Store,Card,0,1,0.0,0.53,1.0,0.932,1.0,1.0,0.439,0.75,1
CUST_00047,23,Male,Zanzibar,Muslim,Others,Primary,"<200,000",Halopesa,3,0.38,0.88,0.6,0.5,Huawei,China,Premium,New,1984933,8.3,Physical Store,Cash,0,1,0.0,0.498,0.9,0.72,1.0,1.0,0.558,0.5,1
CUST_03751,15,Female,Dar es Salaam,Muslim,Others,Primary,"200,000-500,000",Tigo Pesa,5,0.06,0.7,0.85,0.5,Oppo,China,Mid-Range,New,488059,6.7,Physical Store,Cash,0,1,0.146,0.57,0.9,0.769,1.0,1.0,0.627,0.7,1
CUST_04778,37,Female,Arusha,Christian,Sukuma,Diploma,"200,000-500,000",M-Pesa,3,0.06,0.8,0.34,0.7,Infinix,China,Mid-Range,New,578635,7.4,Physical Store,Mobile Money,0,1,0.0,0.252,1.0,0.512,1.0,1.0,0.452,0.73,1
CUST_01785,20,Female,Morogoro,Muslim,Sukuma,Secondary,"200,000-500,000",M-Pesa,2,0.52,0.76,0.71,0.0,Huawei,China,Premium,New,941372,9.1,Physical Store,Mobile Money,0,2,0.404,0.646,0.9,0.534,1.0,1.0,0.784,0.76,0
CUST_00155,35,Male,Mbeya,Christian,Others,Secondary,"200,000-500,000",M-Pesa,4,0.17,0.72,0.8,0.0,Infinix,China,Mid-Range,Used,409830,5.3,Physical Store,Mobile Money,0,2,0.262,0.424,1.0,0.508,0.6,1.0,0.516,0.64,1
CUST_00008,39,Male,Mbeya,Muslim,Others,No formal,"<200,000",Tigo Pesa,4,0.01,0.8,0.87,0.3,Vivo,China,Mid-Range,New,478235,7.8,Online,Cash,0,2,0.044,0.679,0.9,0.501,1.0,1.0,0.44,0.77,1
CUST_00375,38,Male,Arusha,Christian,Others,Secondary,"500,001-1,000,000",M-Pesa,3,0.14,0.54,0.61,0.5,Apple,USA,Premium,New,2146766,9.1,Online,Card,1,2,0.034,0.555,1.0,0.858,1.0,1.0,0.363,0.52,1
CUST_04281,15,Female,Dodoma,Christian,Chagga,Bachelor,"<200,000",Airtel Money,2,0.29,0.73,0.75,0.3,Huawei,China,Premium,New,800150,8.5,Physical Store,Mobile Money,0,2,0.513,0.638,1.0,0.593,1.0,1.0,0.747,0.75,1
CUST_00942,30,Male,Morogoro,Muslim,Haya,No formal,"500,001-1,000,000",Tigo Pesa,3,0.04,0.48,0.71,0.3,Huawei,China,Premium,New,1095105,8.4,Physical Store,Mobile Money,0,1,0.562,0.596,0.9,0.617,1.0,1.0,0.689,0.68,1
CUST_01478,29,Female,Dodoma,Muslim,Nyamwezi,Primary,">2,000,000",M-Pesa,5,0.11,0.37,0.88,0.5,Apple,USA,Premium,New,1817077,9.3,Physical Store,Cash,0,1,0.44,0.818,0.9,1.025,1.0,1.0,0.776,0.59,1
CUST_02568,19,Female,Mwanza,Christian,Others,No formal,"500,001-1,000,000",Tigo Pesa,3,0.35,0.44,0.62,0.5,Nokia,Finland,Mid-Range,New,513579,7.5,Physical Store,Mobile Money,0,2,0.435,0.465,1.0,0.732,1.0,1.0,0.561,0.75,1
CUST_00192,45,Male,Tanga,Christian,Haya,Primary,"200,000-500,000",Tigo Pesa,2,0.3,0.99,0.67,0.5,Infinix,China,Mid-Range,New,255711,7.1,Physical Store,Cash,0,2,0.367,0.476,1.0,0.96,1.0,1.0,0.88,0.77,1
CUST_00180,46,Male,Dar es Salaam,Muslim,Chagga,No formal,"200,000-500,000",Halopesa,4,0.27,0.93,0.36,0.3,Oppo,China,Mid-Range,New,351548,7.1,Physical Store,Mobile Money,0,12,0.183,0.256,0.9,0.731,1.0,1.0,0.481,0.76,0
CUST_01230,19,Male,Tanga,Muslim,Sukuma,No formal,"500,001-1,000,000",M-Pesa,4,0.57,0.42,0.4,0.5,Vivo,China,Mid-Range,New,494995,7.2,Physical Store,Cash,0,2,0.48,0.288,0.9,0.65,1.0,1.0,0.585,0.73,1
CUST_04391,39,Male,Arusha,Christian,Others,Bachelor,"200,000-500,000",Halopesa,5,0.24,0.87,0.34,0.0,Samsung,South Korea,Premium,New,2216247,8.5,Physical Store,Mobile Money,0,2,0.0,0.289,1.0,0.818,1.0,1.0,0.405,0.47,0
CUST_03971,29,Male,Dar es Salaam,Muslim,Gogo,Primary,"<200,000",Halopesa,3,0.03,0.74,0.35,0.0,Tecno,China,Mid-Range,New,454869,6.5,Physical Store,Mobile Money,0,1,0.158,0.227,0.9,0.697,1.0,1.0,0.417,0.7,1
CUST_02865,24,Female,Mwanza,Muslim,Others,Primary,"500,001-1,000,000",Airtel Money,2,0.5,0.55,0.4,0.3,Samsung,South Korea,Premium,New,1599916,9.2,Mobile,Mobile Money,1,2,0.267,0.368,0.9,0.665,1.0,1.0,0.689,0.63,1
CUST_04285,15,Female,Mbeya,Christian,Makonde,Bachelor,"500,001-1,000,000",Tigo Pesa,1,0.22,0.71,0.81,0.3,Vivo,China,Mid-Range,New,293338,6.8,Physical Store,Card,0,2,0.479,0.551,1.0,0.734,1.0,1.0,0.576,0.75,1
CUST_03532,49,Male,Tanga,Muslim,Others,Primary,"500,001-1,000,000",Airtel Money,1,0.08,0.6,0.55,0.3,Tecno,China,Mid-Range,New,360709,6.5,Physical Store,Mobile Money,0,2,0.459,0.358,0.9,0.52,1.0,1.0,0.579,0.72,1
CUST_04431,33,Female,Mwanza,Christian,Sukuma,Secondary,"200,000-500,000",M-Pesa,5,0.15,0.8,0.49,0.7,Tecno,China,Mid-Range,Used,199752,5.7,Physical Store,Cash,0,2,0.6,0.279,1.0,0.615,0.6,1.0,0.697,0.7,1
CUST_00607,31,Male,Dar es Salaam,Christian,Haya,Primary,"500,001-1,000,000",M-Pesa,1,0.29,0.63,0.84,0.5,Nokia,Finland,Mid-Range,New,390089,6.5,Online,Mobile Money,1,2,0.386,0.546,1.0,0.983,1.0,1.0,0.893,0.71,1
CUST_02657,31,Male,Mbeya,Christian,Others,Primary,"500,001-1,000,000",Tigo Pesa,4,0.41,0.65,0.52,0.5,Huawei,China,Premium,New,949999,9.6,Physical Store,Mobile Money,1,2,0.485,0.499,1.0,0.706,1.0,1.0,0.525,0.79,1
CUST_00648,15,Female,Arusha,Christian,Others,Secondary,"500,001-1,000,000",Tigo Pesa,3,0.47,0.66,0.42,0.7,Tecno,China,Mid-Range,New,382061,7.6,Physical Store,Card,1,1,0.37,0.319,1.0,0.882,1.0,1.0,0.61,0.78,1
CUST_04812,39,Male,Mwanza,Christian,Sukuma,No formal,"<200,000",Tigo Pesa,2,0.19,0.75,0.77,0.3,Apple,USA,Premium,New,2324741,8.9,Physical Store,Cash,0,11,0.0,0.685,1.0,0.864,1.0,1.0,0.597,0.47,1
CUST_00149,31,Female,Dar es Salaam,Muslim,Gogo,Secondary,"200,000-500,000",Halopesa,5,0.48,0.99,0.42,0.0,Samsung,South Korea,Premium,New,1805199,8.2,Physical Store,Mobile Money,1,1,0.0,0.344,0.9,1.156,1.0,1.0,0.546,0.53,1
CUST_02167,35,Male,Mwanza,Muslim,Sukuma,No formal,"500,001-1,000,000",Halopesa,4,0.25,0.61,0.49,0.3,Nokia,Finland,Mid-Range,New,348997,7.7,Physical Store,Mobile Money,1,2,0.468,0.377,0.9,0.677,1.0,1.0,0.786,0.79,1
CUST_02924,30,Male,Mwanza,Christian,Others,Secondary,"1,000,001-2,000,000",Tigo Pesa,1,0.06,0.4,0.85,0.3,Infinix,China,Mid-Range,New,490404,7.4,Online,Cash,0,12,0.51,0.629,1.0,0.946,1.0,1.0,0.732,0.75,1
CUST_00896,38,Female,Mwanza,Christian,Nyamwezi,No formal,"200,000-500,000",Tigo Pesa,2,0.25,0.77,0.8,0.5,Vivo,China,Mid-Range,New,451749,6.9,Online,Mobile Money,1,2,0.13,0.552,1.0,0.636,1.0,1.0,0.661,0.72,1
CUST_02632,27,Male,Dar es Salaam,Muslim,Nyamwezi,Secondary,"200,000-500,000",Airtel Money,5,0.43,0.81,0.37,0.5,Itel,China,Budget,Used,164799,3.4,Online,Mobile Money,0,1,0.11,0.126,0.9,0.957,0.6,1.0,0.392,0.57,1
CUST_00310,40,Male,Zanzibar,Muslim,Others,Diploma,"<200,000",Halopesa,2,0.24,0.83,0.75,0.3,Infinix,China,Mid-Range,New,565061,7.7,Physical Store,Mobile Money,0,2,0.0,0.578,0.9,0.627,1.0,1.0,0.352,0.75,1
CUST_01993,23,Male,Dar es Salaam,Christian,Others,Secondary,"200,000-500,000",Tigo Pesa,2,0.17,0.85,0.45,0.3,Nokia,Finland,Mid-Range,New,426042,6.5,Physical Store,Mobile Money,1,1,0.095,0.293,1.0,0.549,1.0,1.0,0.443,0.7,1
CUST_04379,20,Female,Dar es Salaam,Christian,Others,Bachelor,"200,000-500,000",M-Pesa,5,0.66,0.79,0.62,0.5,Nokia,Finland,Mid-Range,New,426750,6.5,Physical Store,Mobile Money,1,2,0.157,0.403,1.0,0.982,1.0,1.0,0.773,0.7,1
CUST_04140,32,Female,Tanga,Christian,Others,No formal,"200,000-500,000",M-Pesa,1,0.26,0.72,0.85,0.5,Samsung,South Korea,Premium,Used,1712432,7.6,Physical Store,Cash,0,2,0.0,0.646,1.0,1.084,0.6,1.0,0.685,0.51,1
CUST_04651,42,Female,Dar es Salaam,Muslim,Nyamwezi,Secondary,"200,000-500,000",Tigo Pesa,3,0.41,0.92,0.5,0.5,Tecno,China,Mid-Range,Used,190528,7.0,Online,Cash,0,2,0.562,0.35,0.9,0.774,0.6,1.0,0.682,0.78,1
CUST_01693,45,Male,Mbeya,Other,Others,Primary,"500,001-1,000,000",Tigo Pesa,3,0.12,0.64,0.52,0.0,Infinix,China,Mid-Range,Used,475479,5.5,Online,Mobile Money,0,2,0.239,0.286,1.0,0.627,0.6,1.0,0.543,0.63,0
CUST_01209,34,Female,Mwanza,Muslim,Nyamwezi,Bachelor,"1,000,001-2,000,000",M-Pesa,3,0.22,0.31,0.61,0.0,Tecno,China,Mid-Range,New,413153,6.9,Online,Mobile Money,0,2,0.68,0.421,0.9,0.561,1.0,1.0,0.618,0.73,1
CUST_03439,23,Male,Mwanza,Christian,Others,Secondary,">2,000,000",Halopesa,4,0.05,0.13,0.86,0.3,Samsung,South Korea,Premium,New,1477681,9.8,Physical Store,Cash,0,1,0.84,0.843,1.0,1.048,1.0,1.0,0.939,0.69,1
CUST_00938,31,Female,Dar es Salaam,Christian,Chagga,Secondary,"200,000-500,000",M-Pesa,2,0.23,0.91,0.52,0.5,Tecno,China,Mid-Range,New,359807,6.8,Physical Store,Mobile Money,0,2,0.181,0.354,1.0,0.573,1.0,1.0,0.615,0.74,1
CUST_03818,17,Female,Arusha,Christian,Makonde,Secondary,"200,000-500,000",Tigo Pesa,5,0.3,0.91,0.57,0.0,Infinix,China,Mid-Range,New,498486,6.4,Online,Cash,1,12,0.0,0.365,1.0,0.892,1.0,1.0,0.483,0.68,1
CUST_03966,32,Male,Mwanza,Christian,Others,Primary,"<200,000",Airtel Money,3,0.3,0.74,0.37,1.0,Oppo,China,Mid-Range,New,308747,6.1,Physical Store,Cash,0,1,0.429,0.226,1.0,0.535,1.0,0.8,0.436,0.7,1
CUST_04832,43,Female,Mwanza,Christian,Others,Diploma,"500,001-1,000,000",M-Pesa,2,0.27,0.5,0.6,0.0,Apple,USA,Premium,New,1648190,9.3,Physical Store,Mobile Money,0,12,0.313,0.558,1.0,1.024,1.0,1.0,0.873,0.63,1
CUST_02041,23,Male,Zanzibar,Christian,Sukuma,Primary,"200,000-500,000",Tigo Pesa,3,0.43,0.8,0.56,0.3,Infinix,China,Mid-Range,New,279152,6.1,Physical Store,Card,1,2,0.442,0.342,1.0,0.746,1.0,1.0,0.66,0.71,1
CUST_00037,36,Female,Zanzibar,Christian,Others,Primary,"<200,000",M-Pesa,3,0.22,0.71,0.45,0.5,Nokia,Finland,Mid-Range,New,328651,6.2,Physical Store,Mobile Money,0,2,0.417,0.279,1.0,0.524,1.0,1.0,0.684,0.71,1
CUST_00122,34,Female,Dar es Salaam,Christian,Nyamwezi,Secondary,"<200,000",Halopesa,4,0.17,0.84,0.59,0.0,Oppo,China,Mid-Range,New,293562,6.4,Physical Store,Cash,0,12,0.384,0.378,1.0,0.897,1.0,1.0,0.739,0.73,1
CUST_03128,26,Male,Mbeya,Christian,Others,Secondary,"1,000,001-2,000,000",M-Pesa,4,0.22,0.38,0.61,0.3,Huawei,China,Premium,New,935257,9.5,Physical Store,Mobile Money,0,2,0.704,0.58,1.0,0.834,1.0,1.0,0.736,0.78,1
CUST_00705,22,Male,Zanzibar,Muslim,Others,Secondary,"<200,000",M-Pesa,2,0.11,0.74,0.6,0.3,Huawei,China,Premium,New,1845680,9.9,Mobile,Card,0,1,0.0,0.594,0.9,0.588,1.0,1.0,0.517,0.62,1
CUST_04331,23,Female,Dar es Salaam,Christian,Others,Secondary,"500,001-1,000,000",M-Pesa,2,0.21,0.52,0.66,0.0,Huawei,China,Premium,New,1439689,8.6,Online,Mobile Money,1,2,0.376,0.568,1.0,0.946,1.0,1.0,0.773,0.63,1
CUST_03458,31,Male,Mwanza,Christian,Others,Secondary,"500,001-1,000,000",Airtel Money,3,0.48,0.49,0.5,0.3,Itel,China,Budget,New,121526,6.8,Physical Store,Mobile Money,0,1,0.603,0.34,1.0,0.975,1.0,1.0,0.709,0.78,0
CUST_00771,27,Male,Dar es Salaam,Muslim,Haya,Bachelor,"200,000-500,000",M-Pesa,2,0.22,0.81,0.33,1.0,Xiaomi,China,Mid-Range,New,255056,6.6,Online,Cash,0,1,0.484,0.218,0.9,0.742,1.0,0.8,0.615,0.74,1
CUST_02230,33,Female,Dodoma,Muslim,Haya,Secondary,"200,000-500,000",None,5,0.52,0.9,0.35,0.7,Huawei,China,Premium,New,775975,9.2,Physical Store,Mobile Money,1,2,0.418,0.322,0.9,0.9,1.0,1.0,0.495,0.8,1
CUST_03002,15,Female,Zanzibar,Christian,Others,Primary,"200,000-500,000",M-Pesa,5,0.49,0.77,0.76,0.0,Huawei,China,Premium,New,1600137,9.2,Physical Store,Mobile Money,0,2,0.0,0.699,1.0,0.706,1.0,1.0,0.452,0.63,1
CUST_00420,38,Female,Morogoro,Christian,Others,Bachelor,"200,000-500,000",Tigo Pesa,2,0.23,0.98,0.61,0.5,Huawei,China,Premium,New,1462924,8.3,Physical Store,Card,0,2,0.0,0.506,1.0,0.538,1.0,1.0,0.479,0.61,1
CUST_04175,25,Female,Arusha,Christian,Others,Primary,"200,000-500,000",Tigo Pesa,5,0.47,0.88,0.71,0.7,Samsung,South Korea,Premium,New,2190950,9.9,Physical Store,Cash,0,2,0.0,0.703,1.0,0.952,1.0,1.0,0.58,0.56,1
CUST_03023,30,Female,Dar es Salaam,Christian,Others,Secondary,"200,000-500,000",M-Pesa,4,0.1,0.8,0.63,0.5,Huawei,China,Premium,New,1691961,9.9,Mobile,Mobile Money,0,1,0.0,0.624,1.0,0.715,1.0,1.0,0.53,0.66,1
CUST_04306,38,Male,Mbeya,Christian,Makonde,Secondary,">2,000,000",Airtel Money,3,0.31,0.22,0.6,0.5,Huawei,China,Premium,New,726431,9.8,Online,Mobile Money,0,2,0.867,0.588,1.0,0.702,1.0,1.0,0.721,0.84,1
CUST_02084,42,Male,Arusha,Christian,Others,Diploma,"<200,000",Airtel Money,3,0.29,0.79,0.74,0.7,Apple,USA,Premium,New,2141792,8.2,Physical Store,Cash,1,2,0.0,0.607,1.0,0.829,1.0,1.0,0.528,0.46,1
CUST_04436,16,Female,Morogoro,Muslim,Others,No formal,"200,000-500,000",Tigo Pesa,4,0.38,0.96,0.59,0.3,Itel,China,Budget,New,170562,4.6,Physical Store,Cash,0,12,0.0,0.271,0.9,0.773,1.0,1.0,0.528,0.64,1
CUST_04031,38,Female,Tanga,Muslim,Sukuma,Diploma,"200,000-500,000",M-Pesa,2,0.37,0.99,0.31,0.7,Apple,USA,Premium,New,1601817,8.5,Physical Store,Cash,0,2,0.0,0.264,0.9,0.821,1.0,1.0,0.519,0.59,1
CUST_04243,37,Female,Dodoma,Christian,Gogo,Primary,"500,001-1,000,000",Halopesa,2,0.37,0.74,0.49,0.0,Samsung,South Korea,Premium,New,2402321,9.8,Mobile,Mobile Money,0,2,0.0,0.48,1.0,0.648,1.0,1.0,0.464,0.51,1
CUST_02011,32,Male,Zanzibar,Muslim,Haya,Bachelor,"<200,000",Airtel Money,5,0.46,0.72,0.69,0.5,Nokia,Finland,Mid-Range,New,564042,7.9,Physical Store,Mobile Money,0,1,0.0,0.545,0.9,0.635,1.0,1.0,0.641,0.76,1
CUST_00652,36,Female,Dar es Salaam,Christian,Others,Primary,"200,000-500,000",Halopesa,2,0.36,0.92,0.57,0.5,Samsung,South Korea,Premium,New,1846530,9.3,Physical Store,Mobile Money,1,1,0.0,0.53,1.0,1.037,1.0,1.0,0.507,0.59,1
CUST_04531,32,Male,Morogoro,Christian,Sukuma,Primary,"1,000,001-2,000,000",M-Pesa,1,0.29,0.19,0.56,0.5,Tecno,China,Mid-Range,New,288874,7.9,Physical Store,Card,0,1,0.863,0.442,1.0,0.731,1.0,1.0,0.88,0.82,1
CUST_04078,27,Female,Dar es Salaam,Christian,Others,Secondary,"200,000-500,000",M-Pesa,4,0.11,0.86,0.75,0.5,Samsung,South Korea,Premium,New,2307373,8.7,Online,Cash,0,1,0.0,0.652,1.0,1.055,1.0,1.0,0.449,0.46,1
CUST_00708,23,Female,Dar es Salaam,Christian,Nyamwezi,Primary,"<200,000",Tigo Pesa,1,0.25,0.95,0.5,0.3,Samsung,South Korea,Premium,New,868460,9.0,Physical Store,Cash,0,2,0.312,0.45,1.0,0.788,1.0,1.0,0.676,0.77,1
CUST_01792,35,Male,Tanga,Christian,Gogo,No formal,"<200,000",M-Pesa,2,0.48,0.85,0.49,0.7,Tecno,China,Mid-Range,Used,217660,6.8,Physical Store,Cash,0,2,0.537,0.333,1.0,0.663,0.6,1.0,0.78,0.76,1
CUST_00121,16,Female,Zanzibar,Other,Others,No formal,"200,000-500,000",M-Pesa,4,0.09,0.99,0.67,0.3,Infinix,China,Mid-Range,New,503385,6.7,Online,Card,0,12,0.0,0.449,1.0,0.632,1.0,1.0,0.418,0.7,1
CUST_00385,36,Male,Arusha,Muslim,Others,Secondary,"<200,000",Halopesa,4,0.15,0.91,0.85,0.5,Nokia,Finland,Mid-Range,New,324633,7.5,Online,Card,0,2,0.261,0.638,0.9,0.863,1.0,1.0,0.586,0.79,1
CUST_03651,25,Male,Zanzibar,Muslim,Sukuma,Primary,"200,000-500,000",Airtel Money,1,0.17,0.73,0.58,0.5,Xiaomi,China,Mid-Range,New,590977,6.0,Physical Store,Cash,0,2,0.0,0.348,0.9,0.935,1.0,1.0,0.552,0.64,1
CUST_02150,40,Male,Dodoma,Christian,Others,Secondary,"200,000-500,000",Airtel Money,4,0.22,0.87,0.75,0.7,Nokia,Finland,Mid-Range,New,335645,7.4,Physical Store,Mobile Money,0,1,0.27,0.555,1.0,0.871,1.0,1.0,0.589,0.78,0
CUST_00274,41,Female,Dar es Salaam,Muslim,Others,Diploma,"<200,000",None,3,0.17,0.77,0.49,0.7,Apple,USA,Premium,New,2158469,9.3,Online,Mobile Money,0,2,0.0,0.456,0.9,0.919,1.0,1.0,0.53,0.53,1
CUST_03096,22,Male,Dodoma,Christian,Others,Secondary,"200,000-500,000",Airtel Money,4,0.46,0.84,0.56,0.3,Oppo,China,Mid-Range,New,297976,7.1,Physical Store,Cash,0,2,0.374,0.398,1.0,0.763,1.0,1.0,0.62,0.77,1
CUST_00736,19,Female,Dar es Salaam,Christian,Nyamwezi,Bachelor,"500,001-1,000,000",Halopesa,2,0.44,0.57,0.39,0.3,Nokia,Finland,Mid-Range,New,290932,6.8,Physical Store,Cash,0,12,0.585,0.265,1.0,0.636,1.0,1.0,0.533,0.75,1
CUST_02992,49,Female,Mwanza,Muslim,Others,No formal,"500,001-1,000,000",M-Pesa,1,0.18,0.72,0.67,0.3,Huawei,China,Premium,New,1013710,9.0,Physical Store,Card,1,1,0.392,0.603,0.9,0.841,1.0,1.0,0.725,0.74,1
CUST_02240,23,Male,Arusha,Christian,Makonde,Primary,"500,001-1,000,000",M-Pesa,4,0.34,0.6,0.3,0.3,Nokia,Finland,Mid-Range,Used,321678,5.7,Online,Mobile Money,0,12,0.517,0.171,1.0,0.812,0.6,1.0,0.413,0.68,1
CUST_01295,52,Female,Dar es Salaam,Christian,Nyamwezi,Secondary,"200,000-500,000",M-Pesa,3,0.36,0.74,0.62,0.5,Tecno,China,Mid-Range,New,371569,6.6,Physical Store,Card,0,2,0.313,0.409,1.0,0.684,1.0,1.0,0.608,0.72,1
CUST_00452,28,Female,Morogoro,Muslim,Others,Primary,"500,001-1,000,000",Tigo Pesa,1,0.1,0.45,0.89,0.3,Samsung,South Korea,Premium,New,1054357,9.1,Online,Cash,1,2,0.605,0.81,0.9,0.619,1.0,1.0,0.594,0.74,1
CUST_01745,33,Female,Mwanza,Christian,Others,Primary,"1,000,001-2,000,000",Halopesa,1,0.28,0.2,0.71,0.5,Vivo,China,Mid-Range,New,308327,6.1,Physical Store,Card,0,2,0.846,0.433,1.0,0.634,1.0,1.0,0.732,0.7,1
CUST_02197,40,Female,Dar es Salaam,Christian,Others,Secondary,"500,001-1,000,000",M-Pesa,5,0.19,0.53,0.37,0.5,Nokia,Finland,Mid-Range,New,454158,7.1,Physical Store,Mobile Money,1,1,0.398,0.263,1.0,0.799,1.0,1.0,0.343,0.74,0
CUST_01948,16,Female,Mwanza,Christian,Others,Secondary,"200,000-500,000",M-Pesa,3,0.12,0.99,0.3,0.7,Tecno,China,Mid-Range,New,296707,7.9,Physical Store,Card,1,2,0.266,0.237,1.0,0.599,1.0,1.0,0.439,0.81,1
CUST_02182,32,Female,Dar es Salaam,Christian,Others,Secondary,"<200,000",M-Pesa,2,0.59,0.86,0.3,0.0,Apple,USA,Premium,New,1110917,8.8,Physical Store,Cash,0,2,0.204,0.264,1.0,0.962,1.0,1.0,0.334,0.71,1
CUST_00470,15,Male,Dar es Salaam,Muslim,Nyamwezi,Primary,"200,000-500,000",Airtel Money,3,0.11,0.78,0.83,0.5,Nokia,Finland,Mid-Range,Used,479987,5.5,Physical Store,Mobile Money,0,1,0.064,0.456,0.9,0.559,0.6,1.0,0.522,0.63,1
CUST_02171,29,Female,Dodoma,Muslim,Others,No formal,"<200,000",Airtel Money,3,0.14,0.9,0.46,0.3,Apple,USA,Premium,New,881357,9.6,Mobile,Mobile Money,1,1,0.339,0.442,0.9,0.898,1.0,1.0,0.339,0.8,1
CUST_00647,26,Female,Dar es Salaam,Muslim,Haya,Secondary,"500,001-1,000,000",M-Pesa,2,0.1,0.43,0.43,0.0,Tecno,China,Mid-Range,Used,183857,6.5,Physical Store,Cash,0,2,0.802,0.28,0.9,0.851,0.6,1.0,0.684,0.75,1
CUST_01781,15,Female,Dodoma,Christian,Nyamwezi,No formal,">2,000,000",Tigo Pesa,5,0.29,0.11,0.58,0.0,Oppo,China,Mid-Range,Used,272751,6.3,Physical Store,Card,1,2,0.925,0.365,1.0,0.899,0.6,1.0,0.703,0.72,1
CUST_02940,25,Male,Arusha,Christian,Makonde,Diploma,"200,000-500,000",M-Pesa,5,0.33,0.77,0.37,0.5,Oppo,China,Mid-Range,New,358077,7.5,Physical Store,Card,0,2,0.311,0.277,1.0,0.511,1.0,1.0,0.485,0.78,1
CUST_01034,26,Male,Mwanza,Christian,Others,Bachelor,"200,000-500,000",Airtel Money,5,0.25,0.85,0.49,0.3,Apple,USA,Premium,New,780894,8.0,Physical Store,Cash,0,2,0.447,0.392,1.0,0.64,1.0,1.0,0.743,0.72,0
CUST_00709,36,Female,Mbeya,Muslim,Others,Secondary,">2,000,000",Tigo Pesa,5,0.39,0.32,0.57,0.7,Tecno,China,Mid-Range,Used,128399,6.0,Physical Store,Card,0,2,0.897,0.342,0.9,0.591,0.6,1.0,0.72,0.73,0
CUST_02404,40,Male,Morogoro,Muslim,Haya,Primary,"200,000-500,000",M-Pesa,2,0.67,0.71,0.46,0.0,Apple,USA,Premium,New,2305283,9.6,Online,Mobile Money,0,1,0.0,0.442,0.9,0.743,1.0,1.0,0.359,0.51,1
CUST_02384,32,Female,Dar es Salaam,Muslim,Others,Diploma,"<200,000",M-Pesa,3,0.35,0.88,0.61,0.0,Tecno,China,Mid-Range,New,374097,6.7,Mobile,Mobile Money,0,1,0.177,0.409,0.9,0.67,1.0,1.0,0.513,0.73,1
CUST_01236,29,Female,Arusha,Muslim,Chagga,Primary,"200,000-500,000",Tigo Pesa,4,0.42,0.76,0.83,0.3,Vivo,China,Mid-Range,New,288309,7.8,Physical Store,Cash,0,2,0.452,0.647,0.9,0.641,1.0,1.0,0.556,0.81,1
CUST_00031,30,Male,Mwanza,Muslim,Others,Bachelor,"500,001-1,000,000",Airtel Money,3,0.12,0.73,0.9,1.0,Huawei,China,Premium,New,2292525,8.1,Physical Store,Card,0,12,0.0,0.729,0.9,0.541,1.0,0.8,0.377,0.43,1
CUST_04055,15,Male,Tanga,Muslim,Others,Secondary,"1,000,001-2,000,000",Tigo Pesa,5,0.3,0.12,0.34,0.3,Huawei,China,Premium,New,2302297,9.4,Online,Cash,0,2,0.77,0.32,0.9,0.857,1.0,1.0,0.675,0.5,1
CUST_00082,31,Female,Dodoma,Christian,Others,Primary,"1,000,001-2,000,000",Tigo Pesa,3,0.34,0.49,0.45,0.5,Tecno,China,Mid-Range,New,287598,8.0,Online,Mobile Money,0,12,0.648,0.36,1.0,0.808,1.0,1.0,0.595,0.82,0
CUST_00162,37,Female,Arusha,Christian,Sukuma,Diploma,"<200,000",Halopesa,4,0.26,0.72,0.44,0.3,Oppo,China,Mid-Range,New,291123,7.4,Online,Mobile Money,0,1,0.476,0.326,1.0,0.586,1.0,1.0,0.87,0.79,1
CUST_04187,34,Female,Zanzibar,Christian,Others,No formal,"200,000-500,000",M-Pesa,2,0.43,0.76,0.45,0.3,Vivo,China,Mid-Range,New,580097,6.6,Online,Mobile Money,0,2,0.0,0.297,1.0,0.59,1.0,1.0,0.356,0.68,1
CUST_04577,27,Male,Dodoma,Christian,Others,Secondary,"<200,000",Halopesa,5,0.42,0.79,0.41,0.3,Samsung,South Korea,Premium,New,1386218,9.7,Online,Cash,0,12,0.087,0.398,1.0,1.01,1.0,1.0,0.579,0.7,1
CUST_04020,26,Female,Dodoma,Christian,Others,Primary,"500,001-1,000,000",None,4,0.27,0.67,0.69,0.7,Infinix,China,Mid-Range,Used,352934,6.0,Online,Mobile Money,0,2,0.409,0.414,1.0,0.96,0.6,1.0,0.657,0.69,1
CUST_01895,17,Female,Tanga,Muslim,Sukuma,Diploma,"500,001-1,000,000",Tigo Pesa,4,0.54,0.58,0.82,0.0,Nokia,Finland,Mid-Range,New,537846,6.3,Mobile,Card,0,1,0.22,0.517,0.9,0.611,1.0,1.0,0.59,0.67,0
CUST_03592,15,Male,Morogoro,Muslim,Others,Secondary,"1,000,001-2,000,000",M-Pesa,3,0.36,0.13,0.84,0.0,Itel,China,Budget,New,197570,5.2,Physical Store,Cash,1,2,0.829,0.437,0.9,0.785,1.0,1.0,0.899,0.67,1
CUST_02550,19,Male,Tanga,Muslim,Others,Primary,"500,001-1,000,000",Tigo Pesa,3,0.37,0.78,0.87,0.3,Tecno,China,Mid-Range,New,284435,7.4,Physical Store,Mobile Money,0,2,0.445,0.644,0.9,0.959,1.0,1.0,0.658,0.79,1
CUST_02738,23,Male,Morogoro,Muslim,Others,Bachelor,"1,000,001-2,000,000",Tigo Pesa,2,0.6,0.24,0.46,0.7,Samsung,South Korea,Premium,New,1832026,8.2,Physical Store,Cash,0,2,0.634,0.377,0.9,0.754,1.0,1.0,0.716,0.53,1
CUST_02270,28,Female,Dodoma,Muslim,Others,Secondary,"200,000-500,000",Halopesa,4,0.58,0.78,0.87,1.0,Samsung,South Korea,Premium,New,1578810,9.2,Physical Store,Cash,0,2,0.0,0.8,0.9,1.051,1.0,0.8,0.801,0.64,1
CUST_02359,18,Male,Dar es Salaam,Muslim,Sukuma,Secondary,"<200,000",M-Pesa,3,0.35,0.84,0.48,0.5,Apple,USA,Premium,New,1882372,9.8,Physical Store,Mobile Money,0,1,0.0,0.47,0.9,1.109,1.0,1.0,0.427,0.61,1
CUST_04435,31,Female,Mwanza,Muslim,Sukuma,Bachelor,"200,000-500,000",Halopesa,1,0.34,0.79,0.59,0.3,Tecno,China,Mid-Range,New,262119,7.6,Physical Store,Mobile Money,1,2,0.482,0.448,0.9,0.627,1.0,1.0,0.447,0.8,1
CUST_03982,23,Male,Mwanza,Muslim,Others,Secondary,"200,000-500,000",Halopesa,3,0.3,0.74,0.61,0.0,Samsung,South Korea,Premium,New,1424136,8.7,Physical Store,Mobile Money,0,2,0.122,0.531,0.9,0.954,1.0,1.0,0.536,0.64,1
CUST_00577,29,Female,Dar es Salaam,Christian,Others,Secondary,"200,000-500,000",M-Pesa,3,0.21,0.86,0.79,0.5,Huawei,China,Premium,New,1077342,9.3,Physical Store,Mobile Money,0,2,0.228,0.735,1.0,0.738,1.0,1.0,0.813,0.74,1
CUST_02634,28,Male,Arusha,Christian,Haya,No formal,"<200,000",Halopesa,1,0.3,0.96,0.59,0.0,Samsung,South Korea,Premium,New,1230279,9.6,Online,Card,0,1,0.016,0.566,1.0,0.631,1.0,1.0,0.308,0.73,1
CUST_03262,24,Female,Zanzibar,Christian,Others,Diploma,"500,001-1,000,000",Tigo Pesa,4,0.5,0.52,0.83,0.5,Tecno,China,Mid-Range,Used,434043,6.0,Online,Cash,0,2,0.436,0.498,1.0,0.923,0.6,1.0,0.468,0.67,1
CUST_04402,20,Male,Morogoro,Christian,Others,Secondary,"500,001-1,000,000",M-Pesa,2,0.4,0.75,0.53,0.0,Vivo,China,Mid-Range,New,270932,6.0,Physical Store,Cash,1,2,0.492,0.318,1.0,0.969,1.0,1.0,0.643,0.71,1
CUST_02469,19,Male,Morogoro,Christian,Chagga,Primary,"200,000-500,000",Tigo Pesa,3,0.17,0.84,0.39,0.0,Huawei,China,Premium,New,733562,8.6,Online,Mobile Money,0,2,0.487,0.335,1.0,0.581,1.0,1.0,0.721,0.77,1
CUST_02501,30,Male,Morogoro,Christian,Sukuma,Diploma,"200,000-500,000",M-Pesa,4,0.39,0.71,0.83,0.5,Apple,USA,Premium,Used,847185,8.1,Physical Store,Mobile Money,0,2,0.499,0.672,1.0,0.989,0.6,1.0,0.842,0.72,1
CUST_03064,33,Female,Zanzibar,Christian,Makonde,Primary,">2,000,000",M-Pesa,1,0.35,0.47,0.66,0.5,Apple,USA,Premium,New,853429,9.6,Physical Store,Cash,0,2,0.666,0.634,1.0,1.001,1.0,1.0,0.795,0.81,1
CUST_00308,24,Male,Dar es Salaam,Muslim,Gogo,Primary,"500,001-1,000,000",Halopesa,1,0.29,0.45,0.86,0.5,Xiaomi,China,Mid-Range,New,370826,6.2,Physical Store,Cash,0,2,0.583,0.533,0.9,0.867,1.0,1.0,0.737,0.7,1
CUST_02901,28,Male,Mwanza,Christian,Haya,Bachelor,"<200,000",M-Pesa,3,0.48,0.82,0.7,0.5,Apple,USA,Premium,New,2282354,8.1,Physical Store,Cash,1,2,0.0,0.567,1.0,0.708,1.0,1.0,0.5,0.43,1
CUST_02461,37,Female,Mbeya,Christian,Others,Secondary,"<200,000",M-Pesa,4,0.44,0.88,0.57,0.3,Vivo,China,Mid-Range,Used,259627,6.1,Online,Mobile Money,0,2,0.429,0.348,1.0,0.612,0.6,1.0,0.712,0.71,1
CUST_04531,32,Male,Morogoro,Christian,Sukuma,Primary,"1,000,001-2,000,000",M-Pesa,1,0.29,0.19,0.56,0.5,Vivo,China,Mid-Range,Used,235164,6.5,Physical Store,Cash,0,2,0.888,0.364,1.0,0.535,0.6,1.0,0.707,0.74,1
CUST_00184,26,Female,Mbeya,Christian,Makonde,Primary,"500,001-1,000,000",None,2,0.44,0.77,0.56,0.3,Samsung,South Korea,Premium,New,2156330,9.3,Online,Cash,1,2,0.0,0.521,1.0,1.119,1.0,1.0,0.467,0.53,1
CUST_01692,26,Male,Dodoma,Muslim,Others,No formal,"200,000-500,000",M-Pesa,3,0.62,0.92,0.42,0.5,Infinix,China,Mid-Range,New,262378,6.6,Mobile,Cash,0,9,0.397,0.277,0.9,0.669,1.0,1.0,0.551,0.74,1
CUST_02791,17,Male,Dodoma,Muslim,Gogo,Bachelor,"200,000-500,000",M-Pesa,2,0.08,0.85,0.64,0.0,Apple,USA,Premium,New,2490593,8.1,Physical Store,Cash,0,2,0.0,0.518,0.9,0.809,1.0,1.0,0.535,0.39,1
CUST_03980,15,Female,Tanga,Christian,Others,Primary,"200,000-500,000",Tigo Pesa,3,0.15,0.9,0.35,0.0,Huawei,China,Premium,New,1103540,9.9,Mobile,Mobile Money,0,2,0.172,0.346,1.0,0.687,1.0,1.0,0.301,0.77,0
CUST_01743,28,Male,Mwanza,Christian,Others,Secondary,"<200,000",M-Pesa,1,0.2,0.94,0.3,0.3,Xiaomi,China,Mid-Range,New,424502,7.6,Online,Cash,0,12,0.002,0.228,1.0,0.691,1.0,1.0,0.408,0.77,1
CUST_01445,35,Female,Dodoma,Muslim,Others,Bachelor,"500,001-1,000,000",Airtel Money,4,0.26,0.58,0.39,0.7,Apple,USA,Premium,New,1191599,8.9,Physical Store,Cash,1,2,0.424,0.347,0.9,1.095,1.0,1.0,0.711,0.7,1
CUST_01480,29,Female,Tanga,Christian,Sukuma,Secondary,"200,000-500,000",Airtel Money,3,0.6,0.95,0.85,0.5,Itel,China,Budget,New,195206,6.4,Physical Store,Cash,1,1,0.0,0.544,1.0,0.661,1.0,1.0,0.699,0.74,1
CUST_02662,50,Male,Zanzibar,Muslim,Others,Primary,"200,000-500,000",Halopesa,5,0.06,0.75,0.54,0.3,Huawei,China,Premium,New,803527,9.2,Physical Store,Mobile Money,0,10,0.498,0.497,0.9,0.649,1.0,1.0,0.545,0.79,1
CUST_03674,23,Male,Tanga,Christian,Nyamwezi,Diploma,">2,000,000",Tigo Pesa,2,0.55,0.21,0.57,0.7,Nokia,Finland,Mid-Range,New,578139,7.2,Physical Store,Mobile Money,1,1,0.696,0.41,1.0,0.872,1.0,1.0,0.961,0.72,1
CUST_02002,23,Female,Arusha,Muslim,Chagga,No formal,"200,000-500,000",M-Pesa,2,0.06,0.77,0.46,0.0,Infinix,China,Mid-Range,New,380142,7.8,Physical Store,Cash,1,2,0.268,0.359,0.9,0.832,1.0,1.0,0.429,0.79,1
CUST_03567,28,Female,Dar es Salaam,Christian,Others,Secondary,"200,000-500,000",M-Pesa,3,0.33,0.84,0.57,0.7,Oppo,China,Mid-Range,New,476588,7.7,Online,Cash,0,2,0.0,0.439,1.0,0.659,1.0,1.0,0.402,0.77,0
CUST_02256,22,Male,Dar es Salaam,Muslim,Others,Primary,"<200,000",Tigo Pesa,2,0.03,0.84,0.67,0.3,Nokia,Finland,Mid-Range,New,469930,7.1,Physical Store,Mobile Money,0,2,0.013,0.476,0.9,0.657,1.0,1.0,0.209,0.73,0
CUST_04785,20,Female,Dodoma,Muslim,Sukuma,Secondary,"200,000-500,000",Airtel Money,4,0.23,0.86,0.66,0.5,Vivo,China,Mid-Range,New,327970,8.0,Mobile,Mobile Money,1,2,0.295,0.528,0.9,0.595,1.0,1.0,0.563,0.81,1
CUST_03002,15,Female,Zanzibar,Christian,Others,Primary,"200,000-500,000",M-Pesa,5,0.49,0.77,0.76,0.0,Nokia,Finland,Mid-Range,New,273549,7.2,Physical Store,Mobile Money,1,2,0.473,0.547,1.0,0.889,1.0,1.0,0.78,0.78,1
CUST_00109,20,Female,Morogoro,Christian,Others,Primary,"<200,000",M-Pesa,4,0.25,0.99,0.78,0.3,Huawei,China,Premium,New,2100437,9.5,Physical Store,Card,0,1,0.0,0.741,1.0,0.73,1.0,1.0,0.254,0.55,1
CUST_01303,23,Female,Dar es Salaam,Christian,Others,Secondary,"500,001-1,000,000",Halopesa,3,0.22,0.63,0.78,0.3,Tecno,China,Mid-Range,New,361615,7.5,Physical Store,Mobile Money,0,2,0.43,0.585,1.0,0.723,1.0,1.0,0.61,0.78,0
CUST_04196,29,Female,Dodoma,Christian,Gogo,Primary,"200,000-500,000",Tigo Pesa,3,0.21,0.82,0.86,0.7,Infinix,China,Mid-Range,New,271768,7.1,Physical Store,Mobile Money,0,2,0.443,0.611,1.0,0.713,1.0,1.0,0.639,0.77,1
CUST_00510,27,Female,Dar es Salaam,Muslim,Others,Bachelor,"1,000,001-2,000,000",Tigo Pesa,2,0.62,0.44,0.34,0.5,Vivo,China,Mid-Range,Used,360018,6.5,Mobile,Cash,1,2,0.604,0.221,0.9,0.632,0.6,1.0,0.634,0.72,0
CUST_02465,15,Female,Mbeya,Muslim,Others,Secondary,"<200,000",Halopesa,3,0.35,0.91,0.85,0.7,Apple,USA,Premium,Used,1340329,8.6,Physical Store,Mobile Money,0,1,0.0,0.731,0.9,1.035,0.6,1.0,0.701,0.65,0
CUST_02203,26,Female,Mwanza,Muslim,Others,Diploma,"200,000-500,000",M-Pesa,3,0.58,0.92,0.31,0.0,Nokia,Finland,Mid-Range,New,269190,7.4,Physical Store,Card,1,1,0.381,0.229,0.9,0.664,1.0,1.0,0.473,0.79,0
CUST_03012,38,Male,Arusha,Christian,Others,Bachelor,"200,000-500,000",Tigo Pesa,3,0.41,0.76,0.63,0.5,Itel,China,Budget,Used,178634,4.8,Physical Store,Card,0,2,0.095,0.302,1.0,0.852,0.6,1.0,0.333,0.65,1
CUST_03854,40,Male,Mbeya,Christian,Others,No formal,"<200,000",M-Pesa,2,0.15,0.92,0.44,0.3,Samsung,South Korea,Premium,New,1752201,9.4,Physical Store,Card,1,2,0.0,0.414,1.0,1.024,1.0,1.0,0.614,0.61,1
CUST_04503,29,Male,Zanzibar,Christian,Haya,Primary,"200,000-500,000",None,3,0.17,0.93,0.82,0.0,Samsung,South Korea,Premium,New,1282195,9.9,Physical Store,Cash,0,2,0.006,0.812,1.0,0.709,1.0,1.0,0.533,0.74,0
CUST_03525,21,Male,Tanga,Christian,Haya,Primary,"200,000-500,000",None,1,0.16,0.98,0.31,0.3,Oppo,China,Mid-Range,New,396841,7.3,Physical Store,Cash,1,2,0.028,0.226,1.0,0.551,1.0,1.0,0.08,0.76,1
CUST_04815,30,Female,Dodoma,Christian,Others,No formal,"200,000-500,000",M-Pesa,2,0.14,0.98,0.49,0.5,Infinix,China,Mid-Range,New,270456,6.8,Physical Store,Cash,0,12,0.337,0.333,1.0,0.545,1.0,1.0,0.632,0.75,1
CUST_00917,15,Female,Mwanza,Muslim,Sukuma,Secondary,"<200,000",Airtel Money,3,0.46,0.89,0.74,0.7,Apple,USA,Premium,New,1849686,8.7,Physical Store,Mobile Money,1,2,0.0,0.644,0.9,1.032,1.0,1.0,0.542,0.55,1
CUST_00834,24,Female,Dar es Salaam,Muslim,Others,Primary,"500,001-1,000,000",None,2,0.09,0.41,0.62,1.0,Samsung,South Korea,Premium,New,2360227,8.2,Physical Store,Mobile Money,0,2,0.194,0.508,0.9,0.771,1.0,0.8,0.464,0.42,1
CUST_01778,38,Female,Dar es Salaam,Muslim,Nyamwezi,Primary,"500,001-1,000,000",Tigo Pesa,1,0.23,0.46,0.37,0.3,Vivo,China,Mid-Range,Used,408717,5.5,Online,Card,1,2,0.53,0.204,0.9,0.753,0.6,1.0,0.578,0.65,1
CUST_03401,55,Male,Dar es Salaam,Christian,Others,Secondary,"200,000-500,000",Airtel Money,4,0.37,0.91,0.44,0.7,Oppo,China,Mid-Range,New,414791,7.1,Online,Cash,0,2,0.056,0.312,1.0,0.784,1.0,1.0,0.517,0.74,1
CUST_02612,24,Female,Mwanza,Christian,Gogo,No formal,"500,001-1,000,000",Airtel Money,5,0.31,0.52,0.81,0.7,Tecno,China,Mid-Range,Used,170920,6.0,Online,Card,0,12,0.778,0.486,1.0,0.857,0.6,1.0,0.84,0.73,1
CUST_02328,17,Female,Dodoma,Christian,Nyamwezi,Secondary,"<200,000",Airtel Money,3,0.13,0.84,0.53,0.5,Tecno,China,Mid-Range,New,539289,6.4,Online,Cash,1,2,0.0,0.339,1.0,0.637,1.0,1.0,0.567,0.68,0
CUST_00385,36,Male,Arusha,Muslim,Others,Secondary,"<200,000",Halopesa,4,0.15,0.91,0.85,0.5,Huawei,China,Premium,New,2173406,9.7,Physical Store,Card,1,1,0.0,0.824,0.9,0.506,1.0,1.0,0.464,0.55,1
CUST_03593,27,Female,Arusha,Christian,Sukuma,Diploma,"200,000-500,000",M-Pesa,1,0.07,0.71,0.55,0.5,Xiaomi,China,Mid-Range,New,568365,7.5,Online,Mobile Money,1,12,0.0,0.413,1.0,0.781,1.0,1.0,0.488,0.74,0
CUST_02225,36,Male,Arusha,Christian,Nyamwezi,No formal,"200,000-500,000",Tigo Pesa,4,0.18,0.74,0.68,0.5,Infinix,China,Mid-Range,New,356769,7.1,Online,Cash,0,2,0.34,0.483,1.0,0.895,1.0,1.0,0.511,0.75,0
CUST_04012,34,Male,Morogoro,Christian,Others,Primary,"200,000-500,000",Airtel Money,2,0.19,0.87,0.52,0.3,Apple,USA,Premium,New,2298675,9.5,Online,Cash,0,2,0.0,0.494,1.0,1.006,1.0,1.0,0.533,0.51,1
CUST_01954,22,Male,Dodoma,Muslim,Others,Secondary,"500,001-1,000,000",Airtel Money,4,0.28,0.77,0.84,0.7,Huawei,China,Premium,New,1115544,8.4,Physical Store,Mobile Money,1,2,0.284,0.706,0.9,0.75,1.0,1.0,0.648,0.68,1
CUST_03560,16,Male,Mwanza,Christian,Nyamwezi,Primary,"<200,000",Airtel Money,2,0.2,0.96,0.65,0.3,Tecno,China,Mid-Range,New,312290,6.5,Physical Store,Cash,0,1,0.251,0.423,1.0,0.829,1.0,1.0,0.316,0.73,1
CUST_04363,42,Male,Mwanza,Christian,Sukuma,Diploma,"500,001-1,000,000",M-Pesa,5,0.14,0.66,0.72,0.3,Apple,USA,Premium,New,1829556,9.6,Online,Cash,0,1,0.0,0.691,1.0,1.107,1.0,1.0,0.559,0.61,1
CUST_00623,15,Female,Tanga,Muslim,Sukuma,Primary,"200,000-500,000",M-Pesa,3,0.13,0.77,0.33,0.7,Xiaomi,China,Mid-Range,New,361517,6.8,Physical Store,Mobile Money,0,2,0.304,0.224,0.9,0.796,1.0,1.0,0.423,0.74,1
CUST_00772,31,Male,Dar es Salaam,Muslim,Haya,Secondary,">2,000,000",None,2,0.46,0.17,0.88,0.5,Infinix,China,Mid-Range,New,399182,7.3,Physical Store,Cash,0,2,0.83,0.642,0.9,0.928,1.0,1.0,0.685,0.76,1
CUST_01926,26,Female,Mwanza,Christian,Sukuma,No formal,"1,000,001-2,000,000",M-Pesa,1,0.17,0.11,0.7,0.3,Huawei,China,Premium,New,731084,8.7,Online,Mobile Money,0,2,0.933,0.609,1.0,0.723,1.0,1.0,0.808,0.78,1
CUST_03097,23,Male,Arusha,Christian,Others,Secondary,"500,001-1,000,000",M-Pesa,3,0.26,0.42,0.6,0.5,Huawei,China,Premium,New,698198,9.5,Online,Mobile Money,0,2,0.756,0.57,1.0,0.612,1.0,1.0,0.647,0.83,1
CUST_01544,46,Male,Dar es Salaam,Christian,Sukuma,Primary,"<200,000",M-Pesa,3,0.42,0.98,0.81,0.5,Samsung,South Korea,Premium,New,2088897,9.0,Physical Store,Cash,0,2,0.0,0.729,1.0,1.004,1.0,1.0,0.68,0.52,1
CUST_03382,35,Female,Dodoma,Christian,Makonde,Master+,"<200,000",M-Pesa,5,0.56,0.76,0.47,0.5,Oppo,China,Mid-Range,Used,183434,5.9,Physical Store,Cash,1,2,0.651,0.277,1.0,0.888,0.6,1.0,0.444,0.72,1
CUST_01439,21,Male,Dar es Salaam,Christian,Gogo,Secondary,"200,000-500,000",Tigo Pesa,4,0.45,0.92,0.63,0.3,Samsung,South Korea,Premium,New,1737825,8.0,Online,Card,0,12,0.0,0.504,1.0,0.749,1.0,1.0,0.419,0.53,1
CUST_00627,22,Female,Mwanza,Christian,Others,Diploma,"1,000,001-2,000,000",Tigo Pesa,5,0.16,0.26,0.65,0.5,Nokia,Finland,Mid-Range,New,477582,6.9,Online,Cash,0,2,0.69,0.449,1.0,0.644,1.0,1.0,0.625,0.72,1
CUST_01389,26,Female,Tanga,Muslim,Others,Primary,"500,001-1,000,000",M-Pesa,1,0.58,0.71,0.78,0.3,Itel,China,Budget,New,199537,6.4,Physical Store,Cash,0,2,0.056,0.499,0.9,0.651,1.0,1.0,0.343,0.74,1
CUST_01773,29,Female,Tanga,Christian,Others,Primary,"500,001-1,000,000",Tigo Pesa,2,0.14,0.47,0.7,0.5,Apple,USA,Premium,New,1739818,8.2,Physical Store,Card,0,2,0.319,0.574,1.0,1.198,1.0,1.0,0.531,0.54,1
CUST_04951,20,Female,Mwanza,Muslim,Others,Secondary,"200,000-500,000",M-Pesa,1,0.4,0.87,0.43,0.3,Tecno,China,Mid-Range,Used,291619,6.7,Physical Store,Cash,0,2,0.366,0.288,0.9,0.532,0.6,1.0,0.535,0.74,1
CUST_04038,15,Male,Arusha,Muslim,Others,Primary,">2,000,000",M-Pesa,1,0.01,0.27,0.79,0.5,Oppo,China,Mid-Range,New,283452,6.4,Online,Cash,0,2,0.809,0.506,0.9,0.569,1.0,1.0,0.729,0.73,0
CUST_01107,24,Female,Arusha,Other,Makonde,Bachelor,"1,000,001-2,000,000",Airtel Money,4,0.27,0.15,0.37,0.5,Tecno,China,Mid-Range,New,391885,6.2,Mobile,Mobile Money,0,12,0.853,0.229,1.0,0.957,1.0,1.0,0.763,0.69,1
CUST_04456,31,Male,Mbeya,Christian,Others,Primary,"500,001-1,000,000",Tigo Pesa,1,0.16,0.67,0.61,0.3,Apple,USA,Premium,New,1620131,9.5,Physical Store,Cash,0,2,0.095,0.58,1.0,0.963,1.0,1.0,0.635,0.65,1
CUST_02560,26,Female,Tanga,Christian,Gogo,Primary,"1,000,001-2,000,000",Tigo Pesa,4,0.11,0.45,0.71,0.3,Tecno,China,Mid-Range,New,423873,6.4,Physical Store,Cash,0,1,0.523,0.454,1.0,0.523,1.0,1.0,0.57,0.7,1
CUST_03189,37,Female,Zanzibar,Christian,Nyamwezi,Bachelor,"200,000-500,000",Halopesa,1,0.07,0.96,0.66,0.3,Tecno,China,Mid-Range,New,378033,6.4,Online,Card,0,2,0.093,0.422,1.0,0.513,1.0,1.0,0.266,0.71,1
CUST_02858,15,Male,Zanzibar,Christian,Chagga,No formal,">2,000,000",M-Pesa,5,0.38,0.49,0.41,0.0,Huawei,China,Premium,New,2332502,9.9,Mobile,Cash,0,2,0.048,0.406,1.0,0.908,1.0,1.0,0.355,0.53,0
CUST_01237,26,Male,Tanga,Muslim,Nyamwezi,Diploma,"<200,000",M-Pesa,3,0.29,0.96,0.86,0.5,Apple,USA,Premium,New,2426961,8.1,Physical Store,Mobile Money,0,12,0.0,0.697,0.9,0.645,1.0,1.0,0.719,0.4,1
CUST_02078,20,Female,Mwanza,Christian,Others,Secondary,"200,000-500,000",Halopesa,2,0.46,0.82,0.87,0.7,Nokia,Finland,Mid-Range,New,315328,6.6,Physical Store,Mobile Money,0,2,0.354,0.574,1.0,0.788,1.0,1.0,0.681,0.73,1
CUST_01322,38,Female,Zanzibar,Christian,Makonde,Secondary,"200,000-500,000",M-Pesa,5,0.58,0.99,0.87,0.7,Tecno,China,Mid-Range,New,260855,6.5,Physical Store,Mobile Money,0,1,0.354,0.566,1.0,0.977,1.0,1.0,0.713,0.74,1
CUST_00343,30,Female,Arusha,Christian,Chagga,Primary,"500,001-1,000,000",M-Pesa,3,0.34,0.66,0.54,0.5,Infinix,China,Mid-Range,New,397472,6.2,Physical Store,Mobile Money,0,2,0.344,0.335,1.0,0.652,1.0,1.0,0.548,0.69,1
CUST_03723,20,Female,Dar es Salaam,Christian,Others,Secondary,"<200,000",Tigo Pesa,4,0.23,0.98,0.73,0.3,Apple,USA,Premium,New,1828183,9.0,Mobile,Cash,1,1,0.0,0.657,1.0,0.947,1.0,1.0,0.202,0.57,1
CUST_00762,19,Male,Zanzibar,Muslim,Gogo,Primary,"1,000,001-2,000,000",Tigo Pesa,3,0.36,0.45,0.35,0.5,Oppo,China,Mid-Range,New,441971,6.3,Physical Store,Cash,0,2,0.503,0.22,0.9,0.884,1.0,1.0,0.707,0.69,0
CUST_03846,22,Female,Dar es Salaam,Muslim,Gogo,Primary,"200,000-500,000",Tigo Pesa,3,0.25,0.92,0.58,0.0,Itel,China,Budget,New,88339,6.6,Physical Store,Cash,1,2,0.458,0.383,0.9,0.72,1.0,1.0,0.547,0.78,1
CUST_02513,30,Male,Mbeya,Christian,Others,Bachelor,"500,001-1,000,000",M-Pesa,3,0.15,0.57,0.68,0.0,Tecno,China,Mid-Range,New,385095,7.6,Physical Store,Card,0,1,0.451,0.517,1.0,0.815,1.0,1.0,0.665,0.78,0
CUST_00670,35,Male,Dar es Salaam,Christian,Sukuma,Primary,"200,000-500,000",Tigo Pesa,4,0.11,0.7,0.83,0.0,Huawei,China,Premium,New,2215018,8.9,Physical Store,Cash,0,12,0.0,0.739,1.0,0.689,1.0,1.0,0.369,0.49,1
CUST_03608,15,Female,Zanzibar,Other,Others,Primary,"1,000,001-2,000,000",M-Pesa,4,0.24,0.25,0.61,0.7,Tecno,China,Mid-Range,New,377996,6.4,Mobile,Mobile Money,1,2,0.764,0.39,1.0,0.969,1.0,1.0,0.663,0.71,1
CUST_02805,28,Female,Dar es Salaam,Muslim,Others,Secondary,"200,000-500,000",Tigo Pesa,3,0.31,0.95,0.37,0.5,Nokia,Finland,Mid-Range,New,343732,7.4,Online,Mobile Money,0,2,0.184,0.274,0.9,0.959,1.0,1.0,0.647,0.78,1
CUST_01927,33,Male,Dodoma,Muslim,Others,Primary,"<200,000",Airtel Money,4,0.42,0.71,0.53,0.5,Huawei,China,Premium,New,1360260,8.2,Physical Store,Cash,0,1,0.195,0.435,0.9,0.628,1.0,1.0,0.55,0.62,1
CUST_03336,28,Female,Dar es Salaam,Christian,Others,Primary,"500,001-1,000,000",Tigo Pesa,4,0.49,0.54,0.35,0.7,Huawei,China,Premium,New,766787,9.8,Physical Store,Mobile Money,1,2,0.655,0.343,1.0,0.599,1.0,1.0,0.693,0.83,1
CUST_01125,41,Male,Dar es Salaam,Muslim,Others,Primary,"500,001-1,000,000",Airtel Money,5,0.34,0.41,0.84,0.5,Huawei,China,Premium,New,2387947,8.5,Physical Store,Cash,0,2,0.184,0.714,0.9,0.632,1.0,1.0,0.736,0.43,1
CUST_03413,43,Female,Dodoma,Muslim,Others,Primary,"1,000,001-2,000,000",Airtel Money,3,0.39,0.48,0.59,0.3,Apple,USA,Premium,New,975088,9.7,Online,Card,1,1,0.61,0.572,0.9,0.608,1.0,1.0,0.853,0.79,1
CUST_00717,36,Female,Dar es Salaam,Christian,Sukuma,Secondary,"200,000-500,000",M-Pesa,2,0.07,0.75,0.82,0.5,Oppo,China,Mid-Range,New,472530,7.4,Mobile,Mobile Money,0,2,0.114,0.607,1.0,0.57,1.0,1.0,0.375,0.75,1
CUST_04549,25,Male,Dodoma,Christian,Others,Secondary,"500,001-1,000,000",M-Pesa,2,0.45,0.75,0.37,0.3,Apple,USA,Premium,New,2165618,8.3,Online,Cash,1,1,0.0,0.307,1.0,0.784,1.0,1.0,0.463,0.46,1
CUST_01367,28,Female,Mwanza,Muslim,Others,Diploma,"500,001-1,000,000",Tigo Pesa,4,0.4,0.54,0.55,0.7,Huawei,China,Premium,New,1192474,8.6,Physical Store,Cash,0,12,0.463,0.473,0.9,0.665,1.0,1.0,0.601,0.68,1
CUST_00967,15,Male,Mwanza,Muslim,Gogo,Secondary,"200,000-500,000",M-Pesa,2,0.32,0.71,0.45,0.0,Oppo,China,Mid-Range,Used,411817,6.2,Physical Store,Mobile Money,0,2,0.269,0.279,0.9,0.544,0.6,1.0,0.524,0.69,0
CUST_01302,15,Female,Mbeya,Christian,Chagga,Secondary,"200,000-500,000",Tigo Pesa,3,0.02,0.93,0.52,0.5,Infinix,China,Mid-Range,New,280975,7.0,Physical Store,Mobile Money,0,2,0.347,0.364,1.0,0.821,1.0,1.0,0.645,0.76,1
CUST_02293,32,Female,Dodoma,Christian,Sukuma,Secondary,"500,001-1,000,000",Airtel Money,4,0.16,0.78,0.56,1.0,Tecno,China,Mid-Range,New,561128,7.0,Physical Store,Mobile Money,0,2,0.0,0.392,1.0,0.861,1.0,0.8,0.42,0.71,1
CUST_00065,15,Female,Dar es Salaam,Christian,Others,Secondary,"500,001-1,000,000",M-Pesa,5,0.29,0.47,0.43,0.0,Itel,China,Budget,New,188601,5.1,Physical Store,Card,0,1,0.409,0.219,1.0,0.635,1.0,1.0,0.57,0.67,1
CUST_04140,32,Female,Tanga,Christian,Others,No formal,"200,000-500,000",M-Pesa,1,0.26,0.72,0.85,0.5,Vivo,China,Mid-Range,New,379674,6.6,Online,Cash,0,1,0.317,0.561,1.0,0.522,1.0,1.0,0.711,0.72,1
CUST_00135,39,Female,Tanga,Muslim,Others,Primary,"200,000-500,000",Tigo Pesa,4,0.37,0.89,0.66,0.5,Itel,China,Budget,New,162681,5.4,Physical Store,Cash,1,11,0.035,0.356,0.9,0.935,1.0,1.0,0.537,0.69,1
CUST_02999,30,Male,Mbeya,Muslim,Others,Primary,"<200,000",M-Pesa,3,0.15,0.88,0.79,0.3,Infinix,China,Mid-Range,New,437824,7.8,Physical Store,Cash,0,2,0.037,0.616,0.9,0.692,1.0,1.0,0.374,0.78,1
CUST_00030,35,Female,Dar es Salaam,Other,Others,Secondary,"200,000-500,000",Airtel Money,4,0.25,0.96,0.33,0.0,Nokia,Finland,Mid-Range,New,488014,7.7,Physical Store,Cash,0,2,0.0,0.254,1.0,0.518,1.0,1.0,0.503,0.76,0
CUST_02801,21,Female,Tanga,Christian,Others,Primary,"<200,000",Airtel Money,4,0.4,0.79,0.84,0.0,Tecno,China,Mid-Range,New,318082,7.5,Physical Store,Cash,1,2,0.372,0.63,1.0,0.741,1.0,1.0,0.773,0.79,1
CUST_01503,34,Female,Dodoma,Muslim,Others,Primary,"500,001-1,000,000",Halopesa,3,0.13,0.79,0.78,0.7,Samsung,South Korea,Premium,New,1076253,9.5,Physical Store,Cash,0,2,0.291,0.741,0.9,0.777,1.0,1.0,0.684,0.75,1
CUST_00621,37,Female,Dar es Salaam,Muslim,Makonde,Primary,"200,000-500,000",Tigo Pesa,3,0.59,0.99,0.46,0.5,Huawei,China,Premium,New,1388495,8.2,Online,Card,0,2,0.0,0.377,0.9,0.736,1.0,1.0,0.564,0.61,1
CUST_00543,32,Female,Dodoma,Muslim,Others,Secondary,"200,000-500,000",Tigo Pesa,4,0.61,0.99,0.55,0.5,Samsung,South Korea,Premium,New,2162468,9.6,Mobile,Mobile Money,1,2,0.0,0.528,0.9,0.772,1.0,1.0,0.535,0.54,1
CUST_01684,37,Male,Mbeya,Muslim,Haya,Secondary,"500,001-1,000,000",Airtel Money,3,0.03,0.5,0.56,0.7,Xiaomi,China,Mid-Range,Used,342199,5.6,Online,Mobile Money,1,2,0.572,0.314,0.9,0.714,0.6,1.0,0.333,0.67,1
CUST_02022,28,Female,Dar es Salaam,Muslim,Others,Primary,"200,000-500,000",Tigo Pesa,4,0.09,0.95,0.79,0.0,Oppo,China,Mid-Range,New,346040,6.4,Physical Store,Mobile Money,0,11,0.178,0.506,0.9,0.706,1.0,1.0,0.52,0.71,1
CUST_02267,42,Female,Dar es Salaam,Christian,Haya,Bachelor,"<200,000",Tigo Pesa,3,0.08,0.96,0.64,0.5,Infinix,China,Mid-Range,Used,156503,6.6,Online,Mobile Money,0,2,0.624,0.422,1.0,0.614,0.6,1.0,0.53,0.76,1
CUST_01932,16,Male,Tanga,Other,Others,Secondary,"500,001-1,000,000",Tigo Pesa,2,0.31,0.55,0.62,1.0,Apple,USA,Premium,New,936686,8.9,Online,Cash,0,1,0.571,0.552,1.0,0.653,1.0,0.8,0.691,0.75,1
CUST_03718,15,Female,Mbeya,Christian,Others,Secondary,"200,000-500,000",M-Pesa,5,0.63,0.72,0.68,0.3,Apple,USA,Premium,New,1016331,9.6,Physical Store,Mobile Money,1,1,0.39,0.653,1.0,1.133,1.0,1.0,0.919,0.77,1
CUST_03431,20,Female,Tanga,Christian,Others,Primary,"200,000-500,000",M-Pesa,1,0.48,0.73,0.84,0.5,Vivo,China,Mid-Range,Used,238055,5.5,Online,Cash,1,1,0.566,0.462,1.0,0.762,0.6,1.0,0.569,0.68,1
CUST_00807,24,Male,Dar es Salaam,Christian,Others,Secondary,"500,001-1,000,000",M-Pesa,3,0.38,0.74,0.66,0.3,Oppo,China,Mid-Range,New,552797,6.1,Online,Cash,0,2,0.0,0.403,1.0,0.863,1.0,1.0,0.439,0.66,1
CUST_04415,27,Female,Mwanza,Christian,Others,Bachelor,"500,001-1,000,000",Airtel Money,1,0.37,0.73,0.54,0.3,Tecno,China,Mid-Range,New,516905,6.2,Physical Store,Cash,0,1,0.057,0.335,1.0,0.986,1.0,1.0,0.483,0.67,1
CUST_04899,26,Female,Morogoro,Christian,Nyamwezi,Secondary,"200,000-500,000",Airtel Money,3,0.11,0.8,0.66,0.5,Infinix,China,Mid-Range,New,491747,6.7,Physical Store,Cash,1,2,0.017,0.442,1.0,0.605,1.0,1.0,0.373,0.7,0
CUST_03934,35,Male,Dar es Salaam,Christian,Haya,Diploma,"500,001-1,000,000",M-Pesa,3,0.11,0.53,0.37,0.3,Tecno,China,Mid-Range,New,380069,6.8,Online,Cash,0,2,0.496,0.252,1.0,0.775,1.0,1.0,0.395,0.73,1
CUST_00730,30,Female,Zanzibar,Muslim,Chagga,Bachelor,"<200,000",Airtel Money,4,0.07,0.76,0.55,0.0,Nokia,Finland,Mid-Range,New,471014,7.5,Physical Store,Cash,0,2,0.105,0.413,0.9,0.874,1.0,1.0,0.666,0.76,0
CUST_00078,46,Female,Dar es Salaam,Christian,Others,Secondary,"500,001-1,000,000",M-Pesa,4,0.31,0.58,0.69,0.5,Huawei,China,Premium,New,1307585,9.0,Physical Store,Mobile Money,1,1,0.368,0.621,1.0,0.72,1.0,1.0,0.614,0.68,1
CUST_02894,28,Male,Dar es Salaam,Christian,Haya,Secondary,">2,000,000",Airtel Money,4,0.53,0.24,0.75,0.3,Nokia,Finland,Mid-Range,Used,370089,6.5,Physical Store,Cash,0,2,0.778,0.488,1.0,0.59,0.6,1.0,0.626,0.72,1
CUST_01686,24,Male,Dar es Salaam,Christian,Nyamwezi,Diploma,"<200,000",M-Pesa,4,0.3,0.7,0.84,0.3,Huawei,China,Premium,New,1283927,9.6,Online,Cash,1,12,0.251,0.806,1.0,0.601,1.0,1.0,0.584,0.72,1
CUST_04446,31,Male,Dar es Salaam,Muslim,Others,Secondary,"500,001-1,000,000",M-Pesa,3,0.35,0.78,0.6,0.5,Oppo,China,Mid-Range,New,583637,6.3,Physical Store,Cash,0,2,0.0,0.378,0.9,0.896,1.0,1.0,0.549,0.66,1
CUST_03875,43,Female,Zanzibar,Muslim,Others,Secondary,"200,000-500,000",M-Pesa,2,0.14,0.75,0.61,0.5,Huawei,China,Premium,New,1022234,9.1,Physical Store,Mobile Money,1,2,0.361,0.555,0.9,0.559,1.0,1.0,0.599,0.74,1
CUST_01690,42,Male,Arusha,Christian,Others,Secondary,"500,001-1,000,000",Airtel Money,4,0.24,0.43,0.62,0.3,Oppo,China,Mid-Range,New,372102,6.6,Physical Store,Cash,1,1,0.6,0.409,1.0,0.635,1.0,1.0,0.619,0.72,1
CUST_02947,19,Male,Zanzibar,Christian,Others,Secondary,"500,001-1,000,000",Halopesa,1,0.37,0.4,0.32,0.3,Infinix,China,Mid-Range,New,571334,6.6,Physical Store,Card,1,2,0.429,0.211,1.0,0.78,1.0,1.0,0.562,0.68,1
CUST_02141,23,Female,Dodoma,Christian,Nyamwezi,Secondary,"200,000-500,000",M-Pesa,4,0.66,0.8,0.39,1.0,Tecno,China,Mid-Range,New,454158,6.4,Physical Store,Cash,1,2,0.092,0.25,1.0,0.774,1.0,0.8,0.528,0.69,1
CUST_00034,36,Female,Mbeya,Christian,Gogo,Primary,"200,000-500,000",Airtel Money,3,0.38,0.98,0.6,0.3,Apple,USA,Premium,New,1577636,9.0,Physical Store,Cash,0,2,0.0,0.54,1.0,0.8,1.0,1.0,0.694,0.62,1
CUST_03191,18,Male,Dodoma,Other,Makonde,Secondary,"500,001-1,000,000",Airtel Money,1,0.17,0.58,0.42,0.3,Infinix,China,Mid-Range,New,287804,7.5,Online,Mobile Money,0,1,0.583,0.315,1.0,0.684,1.0,1.0,0.66,0.79,1
CUST_01607,20,Male,Mwanza,Christian,Haya,Secondary,"500,001-1,000,000",Halopesa,4,0.27,0.48,0.86,0.5,Nokia,Finland,Mid-Range,New,355460,8.0,Physical Store,Cash,0,12,0.573,0.688,1.0,0.643,1.0,1.0,0.616,0.81,0
CUST_04697,30,Male,Tanga,Muslim,Nyamwezi,Primary,"500,001-1,000,000",M-Pesa,2,0.13,0.56,0.37,0.0,Vivo,China,Mid-Range,New,474062,7.3,Online,Cash,0,1,0.336,0.27,0.9,0.522,1.0,1.0,0.628,0.74,0
CUST_04132,24,Male,Dar es Salaam,Christian,Others,Primary,">2,000,000",M-Pesa,1,0.14,0.18,0.9,0.3,Samsung,South Korea,Premium,New,1449613,9.2,Physical Store,Cash,0,1,0.783,0.828,1.0,0.912,1.0,1.0,0.917,0.66,1
CUST_02738,23,Male,Morogoro,Muslim,Others,Bachelor,"1,000,001-2,000,000",Tigo Pesa,2,0.6,0.24,0.46,0.7,Samsung,South Korea,Premium,New,670342,10.0,Physical Store,Cash,0,2,0.866,0.46,0.9,0.676,1.0,1.0,0.831,0.87,1
CUST_02070,26,Male,Morogoro,Christian,Others,Secondary,"200,000-500,000",Tigo Pesa,4,0.07,0.85,0.89,0.3,Huawei,China,Premium,New,717627,8.2,Physical Store,Cash,0,2,0.492,0.73,1.0,0.671,1.0,1.0,0.631,0.75,1
CUST_01102,34,Male,Dar es Salaam,Christian,Nyamwezi,Diploma,"500,001-1,000,000",Halopesa,1,0.23,0.66,0.5,0.5,Tecno,China,Mid-Range,New,456364,6.1,Online,Mobile Money,0,1,0.247,0.305,1.0,0.843,1.0,1.0,0.541,0.67,1
CUST_00168,34,Male,Mbeya,Muslim,Others,Secondary,"<200,000",M-Pesa,4,0.25,0.84,0.7,0.0,Oppo,China,Mid-Range,New,334493,7.8,Mobile,Mobile Money,0,1,0.298,0.546,0.9,0.841,1.0,1.0,0.653,0.8,1
CUST_03111,62,Female,Tanga,Christian,Sukuma,Secondary,"<200,000",Airtel Money,2,0.29,0.84,0.65,0.5,Xiaomi,China,Mid-Range,New,520746,7.7,Online,Card,1,2,0.0,0.501,1.0,0.836,1.0,1.0,0.371,0.76,0
CUST_03046,26,Female,Zanzibar,Christian,Haya,No formal,"200,000-500,000",M-Pesa,5,0.08,0.86,0.53,0.5,Xiaomi,China,Mid-Range,New,481654,7.1,Physical Store,Cash,1,11,0.0,0.376,1.0,0.947,1.0,1.0,0.532,0.73,1
CUST_01534,36,Male,Mbeya,Christian,Others,Secondary,"500,001-1,000,000",M-Pesa,3,0.43,0.61,0.75,0.0,Huawei,China,Premium,New,2324148,9.3,Physical Store,Mobile Money,0,1,0.0,0.698,1.0,0.568,1.0,1.0,0.36,0.49,1
CUST_02303,15,Female,Mbeya,Muslim,Others,No formal,"200,000-500,000",Tigo Pesa,3,0.53,0.9,0.81,0.3,Samsung,South Korea,Premium,New,703925,9.2,Online,Mobile Money,0,2,0.472,0.745,0.9,0.615,1.0,1.0,0.63,0.81,1
CUST_03701,18,Female,Mwanza,Muslim,Gogo,Secondary,"<200,000",Airtel Money,1,0.24,0.88,0.88,0.7,Oppo,China,Mid-Range,New,418041,7.9,Physical Store,Cash,0,2,0.08,0.695,0.9,0.554,1.0,1.0,0.415,0.79,1
CUST_04634,15,Male,Dodoma,Christian,Others,Diploma,"<200,000",Airtel Money,2,0.18,0.92,0.68,0.3,Infinix,China,Mid-Range,New,458615,7.0,Mobile,Mobile Money,1,2,0.0,0.476,1.0,0.982,1.0,1.0,0.581,0.73,1
CUST_00970,36,Male,Dar es Salaam,Christian,Sukuma,Diploma,"<200,000",None,3,0.03,0.78,0.81,0.3,Tecno,China,Mid-Range,New,304351,6.2,Online,Cash,1,2,0.407,0.502,1.0,0.53,1.0,1.0,0.648,0.71,1
CUST_04338,37,Female,Zanzibar,Muslim,Nyamwezi,Diploma,">2,000,000",Halopesa,3,0.36,0.19,0.74,0.5,Samsung,South Korea,Premium,New,1651961,9.6,Mobile,Mobile Money,0,2,0.738,0.71,0.9,0.765,1.0,1.0,0.81,0.65,1
CUST_00052,41,Male,Mbeya,Christian,Others,Primary,"200,000-500,000",M-Pesa,2,0.2,0.82,0.32,0.0,Tecno,China,Mid-Range,New,271248,7.6,Physical Store,Mobile Money,0,2,0.444,0.243,1.0,0.787,1.0,1.0,0.663,0.8,1
CUST_03509,26,Female,Zanzibar,Christian,Makonde,Secondary,"<200,000",M-Pesa,5,0.42,0.93,0.84,0.0,Apple,USA,Premium,New,1351735,9.5,Mobile,Cash,0,1,0.0,0.798,1.0,0.774,1.0,1.0,0.607,0.7,0
CUST_03455,25,Female,Mbeya,Christian,Nyamwezi,Secondary,"<200,000",Airtel Money,4,0.23,0.91,0.64,0.5,Huawei,China,Premium,New,1378599,9.3,Mobile,Cash,0,12,0.0,0.595,1.0,0.811,1.0,1.0,0.584,0.68,1
CUST_02126,15,Female,Tanga,Other,Haya,Diploma,"<200,000",M-Pesa,2,0.24,0.74,0.79,0.5,Samsung,South Korea,Premium,New,1088206,8.7,Online,Mobile Money,0,2,0.329,0.687,1.0,0.685,1.0,1.0,0.628,0.7,1
CUST_02784,15,Female,Morogoro,Muslim,Sukuma,Secondary,"200,000-500,000",M-Pesa,3,0.41,0.85,0.39,0.7,Nokia,Finland,Mid-Range,New,593150,7.7,Physical Store,Mobile Money,1,1,0.0,0.3,0.9,0.705,1.0,1.0,0.492,0.74,1
CUST_04336,22,Male,Morogoro,Muslim,Haya,Secondary,"500,001-1,000,000",M-Pesa,2,0.05,0.68,0.52,0.7,Huawei,China,Premium,New,737469,8.5,Physical Store,Mobile Money,1,12,0.582,0.442,0.9,0.719,1.0,1.0,0.74,0.76,1
CUST_00613,48,Male,Tanga,Muslim,Others,Master+,"200,000-500,000",Airtel Money,5,0.32,0.78,0.87,0.0,Vivo,China,Mid-Range,New,291242,6.4,Online,Mobile Money,0,1,0.432,0.557,0.9,0.564,1.0,1.0,0.521,0.73,1
CUST_04643,34,Male,Mwanza,Christian,Others,Primary,"1,000,001-2,000,000",Airtel Money,2,0.34,0.37,0.62,1.0,Apple,USA,Premium,New,1361306,9.4,Online,Cash,1,12,0.58,0.583,1.0,0.707,1.0,0.8,0.825,0.69,1
CUST_00942,30,Male,Morogoro,Muslim,Haya,No formal,"500,001-1,000,000",Tigo Pesa,3,0.04,0.48,0.71,0.3,Vivo,China,Mid-Range,New,325317,7.9,Physical Store,Mobile Money,1,12,0.61,0.561,0.9,0.883,1.0,1.0,0.517,0.81,1
CUST_04633,18,Male,Tanga,Muslim,Others,Diploma,"200,000-500,000",M-Pesa,4,0.22,0.79,0.83,0.0,Tecno,China,Mid-Range,New,482904,7.6,Physical Store,Mobile Money,0,1,0.046,0.631,0.9,0.687,1.0,1.0,0.364,0.76,1
CUST_02777,42,Male,Arusha,Christian,Others,No formal,"200,000-500,000",M-Pesa,4,0.25,0.91,0.83,0.0,Apple,USA,Premium,New,1623501,9.5,Physical Store,Cash,1,2,0.0,0.788,1.0,0.708,1.0,1.0,0.628,0.65,1
CUST_00037,36,Female,Zanzibar,Christian,Others,Primary,"<200,000",M-Pesa,3,0.22,0.71,0.45,0.5,Samsung,South Korea,Premium,New,1738281,9.8,Physical Store,Mobile Money,0,2,0.0,0.441,1.0,0.822,1.0,1.0,0.551,0.64,1
CUST_00722,20,Female,Dar es Salaam,Christian,Others,Diploma,"200,000-500,000",M-Pesa,3,0.23,0.73,0.47,0.7,Nokia,Finland,Mid-Range,New,505559,6.4,Physical Store,Cash,0,2,0.077,0.301,1.0,0.826,1.0,1.0,0.475,0.68,1
CUST_02985,24,Female,Mwanza,Muslim,Nyamwezi,Primary,"1,000,001-2,000,000",Halopesa,2,0.41,0.34,0.79,0.0,Tecno,China,Mid-Range,New,350288,7.6,Online,Cash,0,11,0.702,0.6,0.9,0.802,1.0,1.0,0.829,0.79,1
CUST_01199,18,Female,Dar es Salaam,Christian,Nyamwezi,Primary,"500,001-1,000,000",M-Pesa,4,0.36,0.78,0.64,0.5,Tecno,China,Mid-Range,New,395449,7.7,Physical Store,Cash,0,2,0.229,0.493,1.0,0.5,1.0,1.0,0.64,0.78,1
CUST_00284,22,Female,Dar es Salaam,Christian,Nyamwezi,No formal,"200,000-500,000",M-Pesa,2,0.39,0.83,0.53,0.7,Tecno,China,Mid-Range,Used,434962,6.6,Physical Store,Cash,0,2,0.097,0.35,1.0,0.734,0.6,1.0,0.513,0.71,1
CUST_01344,31,Female,Dodoma,Other,Others,No formal,"1,000,001-2,000,000",M-Pesa,5,0.26,0.41,0.53,0.5,Apple,USA,Premium,New,1332324,9.0,Physical Store,Cash,1,1,0.545,0.477,1.0,1.091,1.0,1.0,0.674,0.67,1
CUST_02547,16,Female,Dodoma,Muslim,Chagga,Bachelor,"500,001-1,000,000",Airtel Money,1,0.19,0.63,0.69,0.0,Samsung,South Korea,Premium,New,1246041,8.3,Physical Store,Card,1,12,0.346,0.573,0.9,0.953,1.0,1.0,0.716,0.65,1
CUST_04116,15,Male,Zanzibar,Muslim,Others,Diploma,"500,001-1,000,000",M-Pesa,4,0.6,0.44,0.8,0.7,Samsung,South Korea,Premium,New,1048778,8.2,Online,Mobile Money,0,2,0.615,0.656,0.9,0.827,1.0,1.0,0.799,0.68,1
CUST_01625,32,Male,Zanzibar,Muslim,Sukuma,Secondary,"<200,000",Airtel Money,1,0.46,0.96,0.73,0.5,Nokia,Finland,Mid-Range,Used,306857,5.7,Physical Store,Mobile Money,1,2,0.264,0.416,0.9,0.969,0.6,1.0,0.357,0.68,1
CUST_04340,33,Female,Dodoma,Christian,Others,Primary,"500,001-1,000,000",Halopesa,2,0.31,0.74,0.43,0.3,Tecno,China,Mid-Range,Used,344604,6.2,Physical Store,Cash,1,1,0.362,0.267,1.0,0.638,0.6,1.0,0.733,0.7,1
CUST_03053,27,Female,Dodoma,Muslim,Others,Primary,">2,000,000",Airtel Money,4,0.29,0.47,0.45,0.5,Nokia,Finland,Mid-Range,New,354440,7.0,Physical Store,Cash,1,2,0.584,0.315,0.9,0.635,1.0,1.0,0.747,0.75,1
CUST_02063,28,Female,Mbeya,Muslim,Sukuma,No formal,"200,000-500,000",Tigo Pesa,5,0.26,0.89,0.9,1.0,Itel,China,Budget,New,139701,6.2,Physical Store,Card,1,2,0.171,0.558,0.9,0.887,1.0,0.8,0.652,0.74,0
CUST_01979,45,Female,Dar es Salaam,Christian,Others,Primary,"500,001-1,000,000",M-Pesa,2,0.21,0.72,0.36,0.5,Tecno,China,Mid-Range,New,256996,7.7,Physical Store,Cash,0,10,0.537,0.277,1.0,0.7,1.0,1.0,0.786,0.81,1
CUST_02344,53,Female,Dar es Salaam,Christian,Sukuma,Secondary,"500,001-1,000,000",M-Pesa,3,0.32,0.41,0.85,0.5,Vivo,China,Mid-Range,New,335178,7.0,Physical Store,Card,1,1,0.656,0.595,1.0,0.998,1.0,1.0,0.732,0.75,1
CUST_03542,15,Male,Dodoma,Christian,Others,Primary,"<200,000",Halopesa,2,0.19,0.78,0.63,0.5,Nokia,Finland,Mid-Range,New,361115,6.6,Physical Store,Cash,0,2,0.296,0.416,1.0,0.575,1.0,1.0,0.672,0.72,1
CUST_02473,15,Male,Tanga,Christian,Sukuma,Diploma,"1,000,001-2,000,000",None,3,0.4,0.2,0.87,0.5,Oppo,China,Mid-Range,New,430121,7.3,Physical Store,Card,1,2,0.785,0.635,1.0,0.842,1.0,1.0,0.835,0.75,1
CUST_04937,40,Female,Mbeya,Christian,Others,Secondary,"<200,000",M-Pesa,3,0.38,0.93,0.7,0.5,Tecno,China,Mid-Range,New,516798,6.4,Online,Card,1,12,0.0,0.448,1.0,0.84,1.0,1.0,0.438,0.68,1
CUST_01491,45,Female,Tanga,Muslim,Nyamwezi,No formal,"200,000-500,000",M-Pesa,1,0.68,0.94,0.58,0.5,Huawei,China,Premium,New,1255081,8.9,Physical Store,Cash,0,2,0.017,0.516,0.9,0.897,1.0,1.0,0.504,0.68,1
CUST_00244,27,Male,Mwanza,Christian,Nyamwezi,Secondary,">2,000,000",M-Pesa,5,0.32,0.14,0.66,0.3,Infinix,China,Mid-Range,New,549079,6.2,Physical Store,Cash,0,1,0.808,0.409,1.0,0.869,1.0,1.0,0.684,0.66,1
CUST_02367,35,Female,Dar es Salaam,Christian,Others,Secondary,"<200,000",Airtel Money,2,0.65,0.89,0.67,0.3,Nokia,Finland,Mid-Range,New,321424,7.2,Physical Store,Mobile Money,0,2,0.285,0.482,1.0,0.937,1.0,1.0,0.416,0.77,1
CUST_03154,36,Female,Tanga,Christian,Others,Diploma,"500,001-1,000,000",None,3,0.41,0.49,0.78,0.5,Apple,USA,Premium,New,804457,9.2,Physical Store,Mobile Money,1,2,0.672,0.718,1.0,0.892,1.0,1.0,0.766,0.79,0
CUST_01670,22,Female,Dar es Salaam,Christian,Gogo,Secondary,"200,000-500,000",Tigo Pesa,1,0.3,0.79,0.62,0.5,Tecno,China,Mid-Range,Used,429338,5.7,Online,Cash,0,2,0.152,0.353,1.0,0.736,0.6,1.0,0.517,0.66,1
CUST_03835,24,Female,Arusha,Christian,Sukuma,Secondary,"200,000-500,000",None,4,0.34,0.99,0.84,0.0,Xiaomi,China,Mid-Range,New,342194,6.2,Physical Store,Card,0,2,0.153,0.521,1.0,0.706,1.0,1.0,0.571,0.7,1
CUST_03049,15,Female,Dar es Salaam,Christian,Others,Secondary,"200,000-500,000",Airtel Money,4,0.49,0.75,0.7,0.7,Samsung,South Korea,Premium,New,1576582,10.0,Physical Store,Mobile Money,1,1,0.015,0.7,1.0,0.927,1.0,1.0,0.628,0.68,1
CUST_02585,25,Male,Dar es Salaam,Muslim,Others,Secondary,"<200,000",M-Pesa,2,0.39,0.71,0.58,0.5,Nokia,Finland,Mid-Range,Used,189634,6.9,Physical Store,Cash,1,2,0.663,0.4,0.9,0.629,0.6,1.0,0.759,0.78,1
CUST_02902,15,Male,Dar es Salaam,Christian,Others,Diploma,"500,001-1,000,000",Halopesa,3,0.4,0.48,0.49,0.7,Samsung,South Korea,Premium,New,2367209,9.0,Mobile,Cash,0,2,0.053,0.441,1.0,0.871,1.0,1.0,0.615,0.47,1
CUST_02001,31,Male,Dar es Salaam,Other,Nyamwezi,Secondary,"200,000-500,000",M-Pesa,2,0.39,0.83,0.89,0.3,Xiaomi,China,Mid-Range,New,307044,7.4,Physical Store,Mobile Money,0,2,0.363,0.659,1.0,0.96,1.0,1.0,0.64,0.78,0
CUST_00488,39,Male,Arusha,Christian,Haya,Secondary,"<200,000",M-Pesa,3,0.06,0.74,0.34,0.3,Vivo,China,Mid-Range,New,363775,6.0,Physical Store,Card,0,2,0.327,0.204,1.0,0.647,1.0,1.0,0.517,0.69,1
CUST_02418,22,Female,Arusha,Muslim,Others,Primary,"1,000,001-2,000,000",Tigo Pesa,3,0.09,0.43,0.69,0.3,Huawei,China,Premium,Used,530650,7.3,Physical Store,Cash,1,1,0.81,0.504,0.9,0.592,0.6,1.0,0.703,0.73,1
CUST_01131,39,Female,Zanzibar,Christian,Others,Diploma,"<200,000",Airtel Money,2,0.5,0.88,0.36,0.5,Infinix,China,Mid-Range,New,332549,7.2,Physical Store,Cash,0,2,0.268,0.259,1.0,0.596,1.0,1.0,0.331,0.77,1
CUST_03543,24,Male,Dodoma,Muslim,Others,No formal,">2,000,000",M-Pesa,2,0.22,0.13,0.72,0.0,Samsung,South Korea,Premium,New,716322,8.7,Online,Cash,0,2,0.922,0.626,0.9,1.065,1.0,1.0,0.807,0.78,1
CUST_00224,30,Male,Mwanza,Muslim,Sukuma,Secondary,"200,000-500,000",Tigo Pesa,3,0.5,0.8,0.74,0.5,Tecno,China,Mid-Range,Used,200374,5.8,Physical Store,Cash,0,1,0.599,0.429,0.9,0.686,0.6,1.0,0.558,0.71,1
CUST_00460,26,Female,Dar es Salaam,Christian,Sukuma,Secondary,"1,000,001-2,000,000",M-Pesa,4,0.31,0.31,0.38,0.0,Nokia,Finland,Mid-Range,New,430649,6.8,Online,Cash,0,1,0.666,0.258,1.0,0.702,1.0,1.0,0.532,0.72,1
CUST_00796,27,Female,Dar es Salaam,Muslim,Others,Diploma,"200,000-500,000",Airtel Money,2,0.18,0.86,0.53,1.0,Vivo,China,Mid-Range,Used,274241,6.4,Physical Store,Mobile Money,0,2,0.41,0.339,0.9,0.538,0.6,0.8,0.713,0.73,1
CUST_03473,15,Female,Dodoma,Christian,Others,Primary,"200,000-500,000",M-Pesa,3,0.04,0.75,0.87,0.3,Samsung,South Korea,Premium,New,811718,8.5,Physical Store,Cash,0,1,0.493,0.739,1.0,0.798,1.0,1.0,0.774,0.75,1
CUST_02523,31,Female,Arusha,Christian,Chagga,Bachelor,"200,000-500,000",Airtel Money,3,0.31,0.91,0.88,0.3,Xiaomi,China,Mid-Range,New,594712,7.1,Physical Store,Mobile Money,0,2,0.0,0.625,1.0,0.551,1.0,1.0,0.361,0.71,1
CUST_04092,30,Female,Arusha,Christian,Nyamwezi,No formal,"<200,000",M-Pesa,4,0.48,0.82,0.72,0.5,Huawei,China,Premium,New,2332440,9.6,Physical Store,Card,0,1,0.0,0.691,1.0,0.76,1.0,1.0,0.564,0.51,1
CUST_02222,25,Female,Tanga,Christian,Haya,Bachelor,"200,000-500,000",M-Pesa,5,0.17,0.81,0.78,0.3,Vivo,China,Mid-Range,New,265985,6.2,Physical Store,Mobile Money,0,2,0.461,0.484,1.0,0.553,1.0,1.0,0.725,0.72,1
CUST_01635,18,Male,Tanga,Other,Gogo,No formal,"<200,000",Airtel Money,5,0.38,0.87,0.73,0.7,Infinix,China,Mid-Range,New,366461,7.0,Online,Cash,0,2,0.203,0.511,1.0,0.957,1.0,1.0,0.639,0.75,1
CUST_00557,29,Male,Tanga,Muslim,Others,Primary,"1,000,001-2,000,000",M-Pesa,1,0.3,0.37,0.61,0.7,Samsung,South Korea,Premium,New,1197838,9.2,Mobile,Cash,0,2,0.631,0.561,0.9,1.048,1.0,1.0,0.654,0.71,1
CUST_04028,30,Male,Mwanza,Christian,Others,Bachelor,"<200,000",M-Pesa,4,0.25,0.95,0.72,0.0,Infinix,China,Mid-Range,New,277895,7.4,Online,Cash,0,2,0.34,0.533,1.0,0.595,1.0,1.0,0.72,0.79,1
CUST_03588,33,Male,Dar es Salaam,Christian,Others,Primary,"500,001-1,000,000",Halopesa,3,0.31,0.72,0.84,0.5,Apple,USA,Premium,Used,1427899,7.9,Physical Store,Mobile Money,0,11,0.143,0.664,1.0,1.189,0.6,1.0,0.478,0.59,1
CUST_00157,35,Male,Mwanza,Muslim,Others,Primary,"500,001-1,000,000",Airtel Money,5,0.08,0.66,0.33,0.3,Oppo,China,Mid-Range,New,462423,6.8,Online,Mobile Money,0,1,0.237,0.224,0.9,0.719,1.0,1.0,0.478,0.72,1
CUST_02568,19,Female,Mwanza,Christian,Others,No formal,"500,001-1,000,000",Tigo Pesa,3,0.35,0.44,0.62,0.5,Itel,China,Budget,New,239662,6.8,Physical Store,Mobile Money,0,2,0.297,0.422,1.0,0.853,1.0,1.0,0.614,0.76,1
CUST_01758,21,Female,Mwanza,Christian,Others,No formal,"500,001-1,000,000",Airtel Money,4,0.45,0.77,0.52,0.5,Apple,USA,Premium,New,2408482,9.7,Physical Store,Cash,0,2,0.0,0.504,1.0,0.867,1.0,1.0,0.477,0.5,1
CUST_04360,36,Male,Tanga,Christian,Chagga,Secondary,"200,000-500,000",Airtel Money,5,0.23,0.92,0.69,0.7,Nokia,Finland,Mid-Range,Used,261013,5.1,Physical Store,Cash,0,12,0.4,0.352,1.0,0.91,0.6,1.0,0.577,0.65,0
CUST_03004,30,Female,Dodoma,Christian,Nyamwezi,No formal,"500,001-1,000,000",Halopesa,5,0.68,0.41,0.53,0.7,Samsung,South Korea,Premium,New,1887525,8.2,Physical Store,Cash,0,2,0.355,0.435,1.0,0.872,1.0,1.0,0.622,0.51,1
CUST_02280,40,Male,Mwanza,Christian,Sukuma,Primary,"1,000,001-2,000,000",None,4,0.16,0.27,0.71,0.5,Apple,USA,Premium,New,2001393,9.1,Mobile,Card,0,1,0.55,0.646,1.0,1.007,1.0,1.0,0.622,0.55,1
CUST_01107,24,Female,Arusha,Other,Makonde,Bachelor,"1,000,001-2,000,000",Airtel Money,4,0.27,0.15,0.37,0.5,Vivo,China,Mid-Range,New,274714,7.3,Online,Cash,0,2,0.897,0.27,1.0,0.638,1.0,1.0,0.657,0.78,1
CUST_02599,42,Male,Mbeya,Christian,Gogo,Bachelor,"<200,000",Tigo Pesa,1,0.51,0.83,0.55,0.3,Huawei,China,Premium,New,1676429,9.0,Physical Store,Cash,0,2,0.0,0.495,1.0,0.686,1.0,1.0,0.403,0.6,0
CUST_01654,32,Female,Dar es Salaam,Christian,Others,Primary,">2,000,000",M-Pesa,3,0.38,0.17,0.61,0.7,Nokia,Finland,Mid-Range,New,582064,6.8,Physical Store,Card,1,2,0.753,0.415,1.0,0.982,1.0,1.0,0.691,0.69,0
CUST_00108,19,Male,Dodoma,Christian,Sukuma,Primary,"500,001-1,000,000",Airtel Money,2,0.43,0.51,0.31,0.0,Tecno,China,Mid-Range,New,571176,7.9,Physical Store,Cash,0,1,0.272,0.245,1.0,0.729,1.0,1.0,0.427,0.76,1
CUST_02454,15,Male,Dar es Salaam,Christian,Gogo,Primary,"500,001-1,000,000",Tigo Pesa,2,0.32,0.8,0.32,0.0,Huawei,China,Premium,New,1166615,8.4,Online,Cash,0,11,0.222,0.269,1.0,0.785,1.0,1.0,0.571,0.67,1
CUST_00790,29,Female,Dar es Salaam,Christian,Makonde,Secondary,"500,001-1,000,000",M-Pesa,3,0.63,0.52,0.5,1.0,Vivo,China,Mid-Range,Used,148220,5.6,Physical Store,Cash,0,2,0.807,0.28,1.0,0.706,0.6,0.8,0.626,0.71,1
CUST_00228,22,Female,Mwanza,Christian,Others,Diploma,"200,000-500,000",Tigo Pesa,3,0.08,0.84,0.54,0.0,Apple,USA,Premium,New,1354798,10.0,Physical Store,Cash,1,2,0.052,0.54,1.0,0.909,1.0,1.0,0.514,0.73,1
CUST_01038,25,Male,Zanzibar,Christian,Others,Primary,"<200,000",Tigo Pesa,4,0.37,0.88,0.55,0.7,Apple,USA,Premium,New,1373277,8.8,Mobile,Mobile Money,0,2,0.0,0.484,1.0,1.065,1.0,1.0,0.525,0.65,1
CUST_04425,27,Male,Mwanza,Christian,Others,Diploma,"200,000-500,000",Tigo Pesa,2,0.19,0.73,0.68,1.0,Vivo,China,Mid-Range,New,263390,6.6,Physical Store,Cash,0,1,0.519,0.449,1.0,0.521,1.0,0.8,0.495,0.74,1
CUST_02965,38,Female,Arusha,Muslim,Others,Primary,"<200,000",Tigo Pesa,3,0.61,0.93,0.6,0.5,Vivo,China,Mid-Range,New,578993,6.1,Mobile,Card,0,2,0.0,0.366,0.9,0.944,1.0,1.0,0.507,0.65,1
CUST_00339,36,Male,Morogoro,Christian,Chagga,Bachelor,"200,000-500,000",Halopesa,2,0.04,0.9,0.48,0.0,Itel,China,Budget,New,100812,4.7,Physical Store,Cash,0,2,0.395,0.226,1.0,0.51,1.0,1.0,0.667,0.66,1
CUST_01306,15,Female,Mwanza,Christian,Makonde,Secondary,"200,000-500,000",Airtel Money,5,0.22,0.76,0.3,0.7,Apple,USA,Premium,New,1602012,9.9,Physical Store,Card,1,2,0.0,0.297,1.0,0.608,1.0,1.0,0.473,0.67,0
CUST_00486,15,Female,Dodoma,Christian,Others,Bachelor,"<200,000",Tigo Pesa,3,0.08,0.83,0.42,0.7,Huawei,China,Premium,New,2419332,8.7,Online,Cash,0,1,0.0,0.365,1.0,0.764,1.0,1.0,0.416,0.44,1
CUST_03276,23,Male,Zanzibar,Muslim,Sukuma,Secondary,"200,000-500,000",M-Pesa,5,0.21,0.99,0.9,0.5,Tecno,China,Mid-Range,New,346033,6.0,Physical Store,Cash,0,2,0.144,0.54,0.9,0.968,1.0,1.0,0.559,0.69,1
CUST_00881,29,Female,Dar es Salaam,Christian,Others,Secondary,"200,000-500,000",Airtel Money,2,0.12,0.71,0.71,0.3,Itel,China,Budget,New,163342,6.7,Physical Store,Cash,0,1,0.227,0.476,1.0,0.875,1.0,1.0,0.549,0.77,1
CUST_01793,32,Female,Dodoma,Muslim,Sukuma,Secondary,"500,001-1,000,000",Tigo Pesa,3,0.32,0.43,0.87,0.3,Vivo,China,Mid-Range,New,438508,7.6,Online,Cash,0,2,0.529,0.661,0.9,0.843,1.0,1.0,0.851,0.77,0
CUST_02240,23,Male,Arusha,Christian,Makonde,Primary,"500,001-1,000,000",M-Pesa,4,0.34,0.6,0.3,0.3,Infinix,China,Mid-Range,New,489176,6.4,Physical Store,Cash,0,2,0.266,0.192,1.0,0.526,1.0,1.0,0.564,0.69,1
CUST_00161,28,Female,Arusha,Muslim,Others,Bachelor,"<200,000",M-Pesa,4,0.21,0.79,0.76,0.5,Xiaomi,China,Mid-Range,New,365878,6.0,Physical Store,Cash,1,12,0.277,0.456,0.9,0.805,1.0,1.0,0.589,0.69,1
CUST_03724,30,Male,Arusha,Muslim,Others,Secondary,"1,000,001-2,000,000",M-Pesa,3,0.11,0.47,0.84,0.3,Itel,China,Budget,Used,98975,5.9,Mobile,Mobile Money,0,2,0.69,0.496,0.9,0.748,0.6,1.0,0.777,0.73,0
CUST_01940,52,Male,Mwanza,Christian,Others,No formal,"<200,000",Airtel Money,3,0.3,0.8,0.8,0.3,Xiaomi,China,Mid-Range,New,548330,7.5,Physical Store,Cash,0,1,0.0,0.6,1.0,0.951,1.0,1.0,0.527,0.74,1
CUST_00305,49,Female,Morogoro,Christian,Makonde,Secondary,"200,000-500,000",M-Pesa,3,0.2,0.7,0.88,0.3,Vivo,China,Mid-Range,New,443914,7.0,Online,Cash,1,1,0.223,0.616,1.0,0.807,1.0,1.0,0.45,0.73,1
CUST_04369,39,Female,Dodoma,Christian,Others,No formal,"1,000,001-2,000,000",M-Pesa,4,0.15,0.44,0.77,0.3,Itel,China,Budget,New,189438,5.6,Mobile,Mobile Money,0,2,0.444,0.431,1.0,0.995,1.0,1.0,0.479,0.7,1
CUST_04823,39,Female,Zanzibar,Christian,Others,Diploma,"500,001-1,000,000",Tigo Pesa,1,0.17,0.66,0.37,0.0,Huawei,China,Premium,New,1816042,8.8,Physical Store,Mobile Money,1,2,0.001,0.326,1.0,0.646,1.0,1.0,0.51,0.56,1
CUST_01530,32,Female,Tanga,Christian,Others,Primary,"200,000-500,000",Airtel Money,1,0.32,0.79,0.47,0.3,Xiaomi,China,Mid-Range,New,409226,7.3,Physical Store,Cash,0,2,0.192,0.343,1.0,0.944,1.0,1.0,0.612,0.76,1
CUST_04233,20,Male,Dar es Salaam,Muslim,Others,Master+,"500,001-1,000,000",M-Pesa,4,0.21,0.78,0.33,0.5,Apple,USA,Premium,New,996678,8.9,Online,Cash,0,2,0.352,0.294,0.9,0.887,1.0,1.0,0.461,0.73,1
CUST_04906,22,Female,Dar es Salaam,Christian,Others,Secondary,"<200,000",Tigo Pesa,2,0.4,0.9,0.9,0.0,Huawei,China,Premium,New,2287250,8.7,Online,Cash,0,2,0.0,0.783,1.0,0.807,1.0,1.0,0.62,0.46,1
CUST_01213,21,Female,Arusha,Muslim,Sukuma,Secondary,"500,001-1,000,000",M-Pesa,3,0.31,0.43,0.34,0.5,Infinix,China,Mid-Range,New,431802,6.4,Physical Store,Mobile Money,0,2,0.536,0.218,0.9,0.985,1.0,1.0,0.462,0.7,1
CUST_04280,27,Female,Dar es Salaam,Muslim,Others,Primary,"500,001-1,000,000",Tigo Pesa,4,0.54,0.7,0.46,0.3,Infinix,China,Mid-Range,New,381991,8.0,Physical Store,Cash,0,2,0.332,0.368,0.9,0.755,1.0,1.0,0.622,0.8,1
CUST_00946,24,Male,Arusha,Christian,Sukuma,Secondary,"<200,000",Airtel Money,3,0.29,0.94,0.76,0.3,Huawei,China,Premium,New,2323910,9.7,Physical Store,Card,1,12,0.0,0.737,1.0,0.892,1.0,1.0,0.473,0.52,1
CUST_01400,15,Male,Morogoro,Christian,Others,No formal,"200,000-500,000",M-Pesa,3,0.21,0.84,0.47,0.7,Apple,USA,Premium,New,1430412,9.7,Physical Store,Mobile Money,1,2,0.0,0.456,1.0,0.883,1.0,1.0,0.464,0.7,1
CUST_00696,20,Female,Dar es Salaam,Muslim,Chagga,Secondary,"200,000-500,000",Tigo Pesa,3,0.26,0.91,0.43,0.3,Oppo,China,Mid-Range,New,521996,6.3,Mobile,Cash,1,2,0.0,0.271,0.9,0.806,1.0,1.0,0.449,0.67,1
CUST_01632,46,Female,Dar es Salaam,Christian,Haya,Secondary,"<200,000",Airtel Money,1,0.51,0.83,0.71,0.0,Nokia,Finland,Mid-Range,New,546208,7.7,Online,Cash,0,1,0.0,0.547,1.0,0.902,1.0,1.0,0.542,0.75,0
CUST_00675,32,Female,Mbeya,Muslim,Gogo,Primary,"<200,000",Airtel Money,3,0.45,0.84,0.75,0.3,Huawei,China,Premium,New,1661560,8.3,Physical Store,Cash,0,12,0.0,0.622,0.9,0.796,1.0,1.0,0.44,0.57,1
CUST_00567,15,Female,Dar es Salaam,Christian,Others,Primary,"200,000-500,000",Tigo Pesa,5,0.17,0.73,0.89,0.7,Infinix,China,Mid-Range,New,380204,7.0,Mobile,Cash,1,2,0.306,0.623,1.0,0.945,1.0,1.0,0.493,0.74,1
CUST_01600,28,Male,Mwanza,Muslim,Chagga,Bachelor,"500,001-1,000,000",Halopesa,4,0.05,0.77,0.53,0.5,Infinix,China,Mid-Range,New,479850,6.7,Online,Cash,1,2,0.076,0.355,0.9,0.916,1.0,1.0,0.491,0.71,1
CUST_00219,25,Female,Dar es Salaam,Muslim,Sukuma,Primary,"<200,000",M-Pesa,4,0.55,0.77,0.71,0.5,Huawei,China,Premium,New,1167365,10.0,Physical Store,Cash,1,1,0.251,0.71,0.9,0.757,1.0,1.0,0.705,0.77,1
CUST_00582,15,Female,Arusha,Christian,Gogo,Secondary,"200,000-500,000",None,3,0.04,0.98,0.63,0.5,Vivo,China,Mid-Range,New,414099,6.1,Physical Store,Mobile Money,0,2,0.0,0.384,1.0,0.925,1.0,1.0,0.292,0.68,1
CUST_01684,37,Male,Mbeya,Muslim,Haya,Secondary,"500,001-1,000,000",Airtel Money,3,0.03,0.5,0.56,0.7,Nokia,Finland,Mid-Range,New,352793,7.2,Online,Cash,0,2,0.559,0.403,0.9,0.852,1.0,1.0,0.624,0.76,1
CUST_01176,37,Female,Dar es Salaam,Muslim,Others,Primary,">2,000,000",Airtel Money,4,0.23,0.38,0.35,0.3,Itel,China,Budget,New,107574,4.9,Physical Store,Card,0,2,0.727,0.172,0.9,0.509,1.0,1.0,0.771,0.67,1
CUST_01172,18,Female,Mbeya,Christian,Gogo,Secondary,"<200,000",Tigo Pesa,4,0.27,0.98,0.34,0.3,Infinix,China,Mid-Range,New,268899,6.1,Online,Cash,0,2,0.341,0.207,1.0,0.777,1.0,1.0,0.496,0.71,1
CUST_02611,15,Female,Arusha,Christian,Chagga,Primary,"<200,000",Tigo Pesa,2,0.21,0.94,0.54,0.5,Itel,China,Budget,New,243351,4.7,Physical Store,Mobile Money,1,2,0.0,0.254,1.0,0.88,1.0,1.0,0.555,0.63,1
CUST_02338,24,Female,Arusha,Muslim,Makonde,No formal,"1,000,001-2,000,000",Tigo Pesa,2,0.28,0.11,0.51,0.0,Tecno,China,Mid-Range,New,478845,6.3,Physical Store,Cash,0,2,0.868,0.321,0.9,0.69,1.0,1.0,0.847,0.68,1
CUST_00894,33,Male,Dar es Salaam,Muslim,Sukuma,Bachelor,"200,000-500,000",M-Pesa,3,0.05,0.82,0.37,0.3,Tecno,China,Mid-Range,New,271120,6.9,Physical Store,Mobile Money,0,2,0.444,0.255,0.9,0.874,1.0,1.0,0.422,0.76,1
CUST_02117,15,Male,Dar es Salaam,Christian,Others,Bachelor,"<200,000",M-Pesa,2,0.21,0.92,0.46,1.0,Vivo,China,Mid-Range,New,402560,7.0,Physical Store,Cash,0,1,0.074,0.322,1.0,0.882,1.0,0.8,0.338,0.74,1
CUST_00353,36,Male,Dar es Salaam,Christian,Nyamwezi,Primary,"200,000-500,000",Tigo Pesa,2,0.6,0.9,0.8,0.0,Vivo,China,Mid-Range,Used,318629,5.2,Physical Store,Cash,1,2,0.283,0.416,1.0,0.777,0.6,1.0,0.688,0.65,1
CUST_03022,33,Female,Zanzibar,Christian,Others,Primary,"200,000-500,000",Tigo Pesa,2,0.53,0.7,0.77,0.5,Apple,USA,Premium,New,636582,8.8,Mobile,Cash,0,2,0.629,0.678,1.0,1.182,1.0,1.0,0.879,0.8,1
CUST_04772,18,Male,Arusha,Christian,Others,Bachelor,"<200,000",Tigo Pesa,3,0.45,0.76,0.32,0.7,Huawei,China,Premium,New,1733073,8.3,Physical Store,Mobile Money,0,12,0.0,0.266,1.0,0.742,1.0,1.0,0.437,0.55,1
CUST_03680,31,Female,Zanzibar,Christian,Others,Primary,"200,000-500,000",Airtel Money,2,0.26,0.98,0.48,0.5,Samsung,South Korea,Premium,New,2394891,8.9,Online,Mobile Money,0,12,0.0,0.427,1.0,0.67,1.0,1.0,0.582,0.46,1
CUST_04240,18,Female,Arusha,Christian,Sukuma,Diploma,"<200,000",M-Pesa,5,0.14,0.77,0.87,0.5,Xiaomi,China,Mid-Range,Used,253991,5.1,Physical Store,Mobile Money,0,2,0.511,0.444,1.0,0.644,0.6,1.0,0.642,0.66,1
CUST_04472,22,Male,Tanga,Muslim,Others,No formal,"200,000-500,000",Airtel Money,1,0.35,0.88,0.31,0.0,Infinix,China,Mid-Range,Used,191370,5.8,Physical Store,Mobile Money,1,2,0.579,0.18,0.9,0.606,0.6,1.0,0.707,0.71,1
CUST_00369,21,Female,Dodoma,Christian,Others,Primary,"200,000-500,000",Tigo Pesa,1,0.33,0.93,0.78,0.0,Huawei,China,Premium,New,654008,8.7,Physical Store,Mobile Money,0,2,0.493,0.679,1.0,0.718,1.0,1.0,0.618,0.79,1
CUST_00336,15,Male,Mbeya,Muslim,Others,Primary,"<200,000",M-Pesa,4,0.09,0.87,0.67,0.5,Apple,USA,Premium,New,1757103,9.8,Physical Store,Cash,0,2,0.0,0.657,0.9,0.787,1.0,1.0,0.558,0.64,1
CUST_00572,25,Female,Mwanza,Christian,Nyamwezi,Primary,"<200,000",Airtel Money,4,0.42,0.91,0.45,0.7,Apple,USA,Premium,New,911232,9.4,Physical Store,Mobile Money,1,1,0.309,0.423,1.0,0.898,1.0,1.0,0.66,0.78,1
CUST_04528,15,Female,Mbeya,Christian,Others,Primary,"200,000-500,000",M-Pesa,4,0.18,0.94,0.67,0.5,Oppo,China,Mid-Range,New,361618,7.4,Online,Mobile Money,0,2,0.15,0.496,1.0,0.588,1.0,1.0,0.529,0.77,1
CUST_04907,34,Female,Zanzibar,Muslim,Others,Bachelor,"<200,000",M-Pesa,2,0.32,0.9,0.55,0.0,Oppo,China,Mid-Range,New,580715,6.4,Physical Store,Cash,0,2,0.0,0.352,0.9,0.805,1.0,1.0,0.479,0.67,1
CUST_01500,23,Female,Mbeya,Christian,Sukuma,No formal,"<200,000",Tigo Pesa,3,0.23,0.72,0.55,0.0,Huawei,China,Premium,New,636802,8.6,Mobile,Mobile Money,1,2,0.618,0.473,1.0,0.605,1.0,1.0,0.4,0.79,1
CUST_00582,15,Female,Arusha,Christian,Gogo,Secondary,"200,000-500,000",None,3,0.04,0.98,0.63,0.5,Tecno,China,Mid-Range,Used,238741,5.6,Online,Cash,1,1,0.415,0.353,1.0,0.656,0.6,1.0,0.561,0.69,1
CUST_02355,20,Male,Dodoma,Muslim,Others,Primary,"200,000-500,000",Halopesa,3,0.2,1.0,0.41,0.5,Vivo,China,Mid-Range,New,522829,7.6,Physical Store,Mobile Money,0,12,0.0,0.312,0.9,0.531,1.0,1.0,0.35,0.75,1
CUST_00043,35,Male,Morogoro,Muslim,Others,Secondary,"1,000,001-2,000,000",M-Pesa,1,0.21,0.42,0.42,0.0,Vivo,China,Mid-Range,New,544330,6.4,Physical Store,Cash,0,1,0.428,0.269,0.9,0.841,1.0,1.0,0.639,0.68,1
CUST_00340,32,Male,Arusha,Christian,Sukuma,Primary,"500,001-1,000,000",M-Pesa,2,0.09,0.77,0.79,0.3,Huawei,China,Premium,New,1276878,9.7,Physical Store,Mobile Money,1,2,0.181,0.766,1.0,0.697,1.0,1.0,0.551,0.73,1
CUST_00915,15,Female,Dodoma,Muslim,Others,No formal,"1,000,001-2,000,000",M-Pesa,4,0.25,0.12,0.78,0.0,Samsung,South Korea,Premium,New,752051,9.2,Physical Store,Cash,0,12,0.925,0.718,0.9,0.884,1.0,1.0,1.108,0.8,1
CUST_00654,31,Female,Zanzibar,Christian,Others,No formal,"200,000-500,000",M-Pesa,1,0.24,0.81,0.61,0.5,Infinix,China,Mid-Range,New,462331,7.5,Physical Store,Cash,0,2,0.064,0.458,1.0,0.501,1.0,1.0,0.685,0.76,1
CUST_03797,29,Male,Dar es Salaam,Christian,Haya,Bachelor,"200,000-500,000",Airtel Money,2,0.17,0.93,0.58,0.3,Samsung,South Korea,Premium,New,655335,8.4,Physical Store,Mobile Money,0,10,0.492,0.487,1.0,0.799,1.0,1.0,0.871,0.77,0
CUST_00975,19,Female,Arusha,Muslim,Others,Secondary,"500,001-1,000,000",Airtel Money,3,0.16,0.44,0.86,0.7,Tecno,China,Mid-Range,New,428672,6.9,Physical Store,Mobile Money,0,1,0.528,0.593,0.9,0.551,1.0,1.0,0.753,0.73,1
CUST_01994,15,Male,Arusha,Christian,Others,Diploma,"<200,000",M-Pesa,5,0.38,0.9,0.6,0.7,Samsung,South Korea,Premium,New,1743704,9.9,Physical Store,Card,0,2,0.0,0.594,1.0,1.054,1.0,1.0,0.729,0.65,1
CUST_03361,25,Male,Dar es Salaam,Muslim,Sukuma,Bachelor,"500,001-1,000,000",Tigo Pesa,2,0.1,0.68,0.42,0.5,Tecno,China,Mid-Range,New,512999,6.6,Online,Mobile Money,0,2,0.128,0.277,0.9,0.772,1.0,1.0,0.503,0.69,1
CUST_02352,15,Female,Mwanza,Muslim,Others,No formal,"200,000-500,000",M-Pesa,3,0.46,0.76,0.7,0.7,Nokia,Finland,Mid-Range,New,579999,6.7,Physical Store,Mobile Money,0,2,0.0,0.469,0.9,0.858,1.0,1.0,0.644,0.69,1
CUST_00405,31,Female,Arusha,Christian,Chagga,Primary,"<200,000",Tigo Pesa,1,0.26,0.94,0.74,0.3,Oppo,China,Mid-Range,New,301316,7.5,Physical Store,Mobile Money,1,2,0.292,0.555,1.0,0.777,1.0,1.0,0.622,0.79,1
CUST_03480,24,Male,Arusha,Christian,Sukuma,Diploma,"200,000-500,000",Tigo Pesa,3,0.46,0.75,0.58,0.7,Vivo,China,Mid-Range,New,467224,7.3,Online,Card,1,2,0.124,0.423,1.0,0.967,1.0,1.0,0.587,0.74,0
CUST_02078,20,Female,Mwanza,Christian,Others,Secondary,"200,000-500,000",Halopesa,2,0.46,0.82,0.87,0.7,Oppo,China,Mid-Range,New,556914,7.6,Physical Store,Cash,1,2,0.0,0.661,1.0,0.903,1.0,1.0,0.69,0.74,1
CUST_03461,36,Female,Arusha,Muslim,Others,Secondary,"200,000-500,000",M-Pesa,3,0.31,0.79,0.65,0.3,Apple,USA,Premium,New,2369173,9.1,Online,Mobile Money,1,10,0.0,0.591,0.9,1.022,1.0,1.0,0.566,0.47,1
CUST_02081,42,Male,Dar es Salaam,Muslim,Others,Secondary,"200,000-500,000",Airtel Money,4,0.6,0.96,0.37,0.3,Itel,China,Budget,Used,162409,5.6,Physical Store,Mobile Money,0,2,0.0,0.207,0.9,0.625,0.6,1.0,0.466,0.7,1
CUST_04900,30,Female,Tanga,Muslim,Haya,Secondary,"<200,000",M-Pesa,3,0.47,0.73,0.46,0.5,Huawei,China,Premium,New,2155510,8.6,Online,Card,0,1,0.0,0.396,0.9,0.675,1.0,1.0,0.351,0.48,1
CUST_00889,36,Female,Mwanza,Muslim,Others,Diploma,"1,000,001-2,000,000",Tigo Pesa,2,0.55,0.12,0.71,0.3,Nokia,Finland,Mid-Range,New,317075,7.8,Physical Store,Card,0,2,0.905,0.554,0.9,0.567,1.0,1.0,0.858,0.8,1
CUST_02373,15,Male,Tanga,Christian,Others,No formal,"500,001-1,000,000",M-Pesa,5,0.08,0.5,0.45,0.7,Samsung,South Korea,Premium,New,1888334,9.1,Online,Cash,0,2,0.213,0.41,1.0,0.933,1.0,1.0,0.614,0.57,1
CUST_01892,15,Male,Mbeya,Muslim,Haya,Diploma,"500,001-1,000,000",Tigo Pesa,1,0.13,0.44,0.87,0.0,Huawei,China,Premium,New,697703,8.1,Physical Store,Mobile Money,0,2,0.744,0.705,0.9,0.613,1.0,1.0,0.51,0.75,1
CUST_01840,42,Male,Mbeya,Christian,Others,Bachelor,"500,001-1,000,000",M-Pesa,4,0.41,0.48,0.51,0.7,Vivo,China,Mid-Range,New,497676,6.0,Physical Store,Cash,0,1,0.403,0.306,1.0,0.551,1.0,1.0,0.659,0.66,1
CUST_01767,27,Male,Dodoma,Muslim,Others,Primary,"200,000-500,000",Halopesa,4,0.34,0.92,0.51,0.5,Nokia,Finland,Mid-Range,Used,150704,5.7,Online,Mobile Money,1,2,0.653,0.291,0.9,0.693,0.6,1.0,0.653,0.71,1
CUST_02419,29,Female,Mwanza,Christian,Others,Primary,"500,001-1,000,000",Airtel Money,1,0.2,0.64,0.39,0.3,Nokia,Finland,Mid-Range,Used,423318,6.3,Physical Store,Cash,0,1,0.323,0.246,1.0,0.502,0.6,1.0,0.557,0.69,1
CUST_00696,20,Female,Dar es Salaam,Muslim,Chagga,Secondary,"200,000-500,000",Tigo Pesa,3,0.26,0.91,0.43,0.3,Vivo,China,Mid-Range,New,302312,7.9,Physical Store,Cash,0,1,0.312,0.34,0.9,0.55,1.0,1.0,0.401,0.81,1
CUST_01947,35,Female,Dar es Salaam,Christian,Others,Secondary,"500,001-1,000,000",M-Pesa,1,0.39,0.72,0.86,1.0,Itel,China,Budget,New,198601,6.3,Mobile,Cash,0,1,0.047,0.542,1.0,0.996,1.0,0.8,0.564,0.74,1
CUST_03263,29,Female,Mbeya,Christian,Others,Diploma,"200,000-500,000",Airtel Money,2,0.34,0.88,0.54,0.7,Nokia,Finland,Mid-Range,New,274095,6.4,Physical Store,Mobile Money,0,1,0.397,0.346,1.0,0.838,1.0,1.0,0.712,0.73,1
CUST_02306,18,Female,Arusha,Muslim,Others,Secondary,"500,001-1,000,000",M-Pesa,2,0.51,0.74,0.88,0.0,Tecno,China,Mid-Range,New,537125,6.8,Physical Store,Cash,0,2,0.006,0.598,0.9,0.943,1.0,1.0,0.63,0.7,1
CUST_00549,27,Female,Dar es Salaam,Christian,Others,Primary,"1,000,001-2,000,000",Halopesa,3,0.17,0.15,0.86,0.3,Apple,USA,Premium,New,1500293,9.4,Mobile,Cash,0,1,0.812,0.808,1.0,0.778,1.0,1.0,0.746,0.66,1
CUST_01083,15,Male,Dodoma,Muslim,Others,Secondary,"<200,000",Tigo Pesa,4,0.27,0.8,0.33,0.5,Samsung,South Korea,Premium,New,1173836,8.8,Physical Store,Cash,0,2,0.217,0.29,0.9,1.161,1.0,1.0,0.454,0.69,1
CUST_00265,38,Female,Dodoma,Muslim,Sukuma,No formal,"200,000-500,000",Tigo Pesa,3,0.29,0.82,0.38,0.0,Tecno,China,Mid-Range,New,360710,7.6,Physical Store,Cash,0,2,0.261,0.289,0.9,0.616,1.0,1.0,0.481,0.78,1
CUST_02423,46,Female,Dar es Salaam,Muslim,Gogo,Secondary,"<200,000",Airtel Money,2,0.03,0.93,0.69,0.0,Xiaomi,China,Mid-Range,New,366346,6.3,Mobile,Cash,0,1,0.148,0.435,0.9,0.784,1.0,1.0,0.56,0.7,1
CUST_02045,19,Male,Zanzibar,Christian,Chagga,Diploma,"500,001-1,000,000",Tigo Pesa,2,0.47,0.56,0.59,0.0,Samsung,South Korea,Premium,New,1217038,9.0,Physical Store,Cash,0,12,0.432,0.531,1.0,1.037,1.0,1.0,0.699,0.7,1
CUST_00288,22,Male,Mbeya,Christian,Haya,Bachelor,">2,000,000",M-Pesa,1,0.21,0.41,0.37,1.0,Samsung,South Korea,Premium,New,2227016,9.6,Physical Store,Mobile Money,0,12,0.239,0.355,1.0,0.626,1.0,0.8,0.427,0.53,1
CUST_00619,28,Male,Mwanza,Christian,Chagga,Primary,">2,000,000",M-Pesa,2,0.37,0.41,0.44,0.3,Huawei,China,Premium,New,2318476,8.2,Physical Store,Mobile Money,1,2,0.208,0.361,1.0,0.648,1.0,1.0,0.718,0.43,1
CUST_01926,26,Female,Mwanza,Christian,Sukuma,No formal,"1,000,001-2,000,000",M-Pesa,1,0.17,0.11,0.7,0.3,Infinix,China,Mid-Range,New,493011,7.1,Online,Mobile Money,0,2,0.864,0.497,1.0,0.643,1.0,1.0,0.888,0.73,1
CUST_01587,18,Female,Arusha,Muslim,Others,Secondary,"1,000,001-2,000,000",M-Pesa,3,0.19,0.33,0.37,0.3,Infinix,China,Mid-Range,New,490260,6.5,Physical Store,Mobile Money,1,1,0.596,0.24,0.9,0.923,1.0,1.0,0.666,0.69,0
CUST_01574,33,Female,Dar es Salaam,Muslim,Haya,Secondary,"<200,000",Airtel Money,2,0.68,0.94,0.77,0.3,Nokia,Finland,Mid-Range,Used,134461,5.3,Physical Store,Cash,0,2,0.684,0.408,0.9,0.658,0.6,1.0,0.596,0.69,1
CUST_00874,18,Male,Tanga,Christian,Others,Secondary,"200,000-500,000",M-Pesa,5,0.23,0.83,0.76,0.5,Tecno,China,Mid-Range,New,276497,7.2,Mobile,Mobile Money,0,8,0.426,0.547,1.0,0.502,1.0,1.0,0.375,0.78,1
CUST_02105,21,Female,Dar es Salaam,Muslim,Nyamwezi,Diploma,"<200,000",M-Pesa,1,0.14,0.85,0.79,0.5,Infinix,China,Mid-Range,New,501657,7.0,Physical Store,Cash,0,12,0.0,0.553,0.9,0.74,1.0,1.0,0.612,0.72,1
CUST_03622,33,Female,Dodoma,Christian,Gogo,No formal,"200,000-500,000",M-Pesa,3,0.42,0.9,0.85,0.3,Itel,China,Budget,New,196914,5.9,Mobile,Mobile Money,0,2,0.0,0.502,1.0,0.623,1.0,1.0,0.429,0.71,0
CUST_00682,16,Male,Mwanza,Christian,Others,Primary,"200,000-500,000",Tigo Pesa,4,0.37,0.94,0.63,0.5,Nokia,Finland,Mid-Range,New,487310,6.3,Physical Store,Mobile Money,0,9,0.0,0.397,1.0,0.65,1.0,1.0,0.551,0.68,0
CUST_00766,30,Male,Dar es Salaam,Muslim,Chagga,Diploma,"1,000,001-2,000,000",Tigo Pesa,3,0.29,0.49,0.9,0.0,Nokia,Finland,Mid-Range,New,320134,7.0,Online,Card,1,1,0.608,0.63,0.9,0.575,1.0,1.0,0.856,0.76,1
CUST_00797,15,Female,Arusha,Muslim,Others,Bachelor,"500,001-1,000,000",M-Pesa,5,0.08,0.71,0.66,0.7,Nokia,Finland,Mid-Range,New,577567,7.0,Physical Store,Cash,1,1,0.0,0.462,0.9,0.566,1.0,1.0,0.307,0.7,1
CUST_04165,20,Male,Arusha,Christian,Others,Diploma,"<200,000",Tigo Pesa,2,0.12,0.83,0.59,0.7,Huawei,China,Premium,New,1402537,9.8,Physical Store,Mobile Money,0,2,0.03,0.578,1.0,0.619,1.0,1.0,0.607,0.71,1
CUST_01801,48,Male,Dar es Salaam,Muslim,Nyamwezi,Primary,"200,000-500,000",M-Pesa,2,0.31,0.83,0.82,0.5,Huawei,China,Premium,New,2435965,10.0,Physical Store,Cash,0,2,0.0,0.82,0.9,0.607,1.0,1.0,0.599,0.51,1
CUST_02986,28,Male,Dar es Salaam,Christian,Sukuma,Bachelor,"<200,000",Tigo Pesa,5,0.21,0.8,0.49,0.3,Oppo,China,Mid-Range,New,392280,6.5,Physical Store,Cash,0,1,0.215,0.318,1.0,0.616,1.0,1.0,0.624,0.71,1
CUST_04151,24,Female,Mwanza,Other,Sukuma,Primary,"500,001-1,000,000",Tigo Pesa,3,0.49,0.46,0.66,0.3,Itel,China,Budget,New,165478,4.1,Online,Mobile Money,1,2,0.493,0.271,1.0,0.667,1.0,1.0,0.71,0.61,1
CUST_01494,20,Female,Dar es Salaam,Christian,Others,Bachelor,"1,000,001-2,000,000",M-Pesa,4,0.44,0.41,0.6,0.5,Huawei,China,Premium,New,2033249,8.5,Mobile,Cash,0,12,0.305,0.51,1.0,0.554,1.0,1.0,0.553,0.5,1
CUST_01561,21,Male,Mbeya,Muslim,Gogo,Primary,"1,000,001-2,000,000",Halopesa,1,0.35,0.48,0.4,0.0,Huawei,China,Premium,New,2439585,9.3,Physical Store,Mobile Money,0,11,0.024,0.372,0.9,0.726,1.0,1.0,0.597,0.47,1
CUST_03558,15,Male,Dodoma,Christian,Haya,Secondary,"<200,000",Tigo Pesa,2,0.7,0.85,0.88,0.5,Tecno,China,Mid-Range,New,487200,6.1,Online,Card,1,11,0.0,0.537,1.0,0.56,1.0,1.0,0.587,0.67,1
CUST_04862,31,Male,Zanzibar,Christian,Sukuma,Primary,"200,000-500,000",Tigo Pesa,3,0.4,0.99,0.87,0.5,Huawei,China,Premium,New,1810590,8.7,Physical Store,Cash,0,2,0.0,0.757,1.0,0.699,1.0,1.0,0.826,0.56,1
CUST_04765,15,Female,Dar es Salaam,Christian,Others,Primary,"200,000-500,000",Airtel Money,3,0.16,0.74,0.51,0.3,Vivo,China,Mid-Range,New,362085,7.0,Physical Store,Mobile Money,0,2,0.33,0.357,1.0,0.844,1.0,1.0,0.436,0.75,1
CUST_01190,26,Male,Morogoro,Christian,Others,Secondary,"<200,000",Halopesa,4,0.17,0.85,0.72,0.5,Samsung,South Korea,Premium,New,1765116,8.6,Online,Mobile Money,0,1,0.0,0.619,1.0,0.964,1.0,1.0,0.631,0.56,0
CUST_02703,36,Female,Dodoma,Muslim,Others,Diploma,"500,001-1,000,000",M-Pesa,3,0.52,0.44,0.46,0.5,Tecno,China,Mid-Range,New,478884,6.3,Physical Store,Mobile Money,0,1,0.473,0.29,0.9,0.551,1.0,1.0,0.722,0.68,1
CUST_01390,29,Male,Dar es Salaam,Christian,Nyamwezi,Diploma,"200,000-500,000",Tigo Pesa,4,0.52,0.79,0.35,0.3,Vivo,China,Mid-Range,Used,168944,6.6,Mobile,Cash,0,2,0.666,0.231,1.0,0.677,0.6,1.0,0.68,0.76,1
CUST_00139,38,Female,Mwanza,Christian,Gogo,Secondary,"500,001-1,000,000",M-Pesa,4,0.35,0.55,0.57,0.3,Samsung,South Korea,Premium,New,2004792,9.8,Physical Store,Mobile Money,0,2,0.081,0.559,1.0,0.612,1.0,1.0,0.68,0.59,1
CUST_02721,38,Female,Mbeya,Christian,Haya,Secondary,"200,000-500,000",Tigo Pesa,2,0.53,0.82,0.76,0.7,Oppo,China,Mid-Range,Used,344708,5.5,Physical Store,Card,0,2,0.293,0.418,1.0,0.836,0.6,1.0,0.589,0.66,1
CUST_00600,31,Female,Mbeya,Muslim,Gogo,Primary,"<200,000",M-Pesa,3,0.28,0.92,0.44,0.0,Infinix,China,Mid-Range,New,465939,6.7,Online,Mobile Money,0,12,0.0,0.295,0.9,0.988,1.0,1.0,0.414,0.71,1
CUST_03222,25,Female,Dar es Salaam,Christian,Nyamwezi,Secondary,"500,001-1,000,000",Airtel Money,5,0.03,0.5,0.73,0.3,Tecno,China,Mid-Range,New,564180,6.9,Physical Store,Mobile Money,0,1,0.295,0.504,1.0,0.957,1.0,1.0,0.54,0.7,1
CUST_03068,17,Male,Dar es Salaam,Christian,Gogo,Bachelor,"1,000,001-2,000,000",Airtel Money,2,0.3,0.36,0.61,0.3,Huawei,China,Premium,New,1076818,8.9,Physical Store,Cash,0,1,0.677,0.543,1.0,0.739,1.0,1.0,0.693,0.72,0
CUST_03502,16,Male,Mwanza,Christian,Sukuma,Secondary,"1,000,001-2,000,000",M-Pesa,4,0.42,0.43,0.47,0.3,Nokia,Finland,Mid-Range,New,557523,6.1,Physical Store,Cash,1,1,0.401,0.287,1.0,0.846,1.0,1.0,0.628,0.65,1
CUST_02543,38,Male,Dar es Salaam,Muslim,Others,Secondary,"500,001-1,000,000",M-Pesa,3,0.29,0.55,0.36,0.0,Tecno,China,Mid-Range,New,357076,7.9,Physical Store,Cash,0,1,0.509,0.284,0.9,0.721,1.0,1.0,0.656,0.8,0
CUST_02218,34,Female,Dodoma,Christian,Chagga,Secondary,"200,000-500,000",Halopesa,1,0.04,0.89,0.32,0.5,Huawei,China,Premium,New,1182733,8.7,Physical Store,Cash,0,1,0.123,0.278,1.0,0.73,1.0,1.0,0.461,0.69,1
CUST_00042,26,Male,Dar es Salaam,Christian,Others,No formal,">2,000,000",M-Pesa,4,0.14,0.29,0.55,0.3,Vivo,China,Mid-Range,Used,417259,6.5,Physical Store,Mobile Money,0,12,0.697,0.358,1.0,0.588,0.6,1.0,0.591,0.71,1
CUST_01932,16,Male,Tanga,Other,Others,Secondary,"500,001-1,000,000",Tigo Pesa,2,0.31,0.55,0.62,1.0,Vivo,China,Mid-Range,New,537660,7.6,Physical Store,Cash,0,10,0.261,0.471,1.0,0.592,1.0,0.8,0.364,0.75,1
CUST_00946,24,Male,Arusha,Christian,Sukuma,Secondary,"<200,000",Airtel Money,3,0.29,0.94,0.76,0.3,Tecno,China,Mid-Range,New,454127,7.9,Physical Store,Mobile Money,0,2,0.0,0.6,1.0,0.841,1.0,1.0,0.595,0.78,1
CUST_03413,43,Female,Dodoma,Muslim,Others,Primary,"1,000,001-2,000,000",Airtel Money,3,0.39,0.48,0.59,0.3,Oppo,China,Mid-Range,New,394304,7.5,Physical Store,Card,0,2,0.527,0.442,0.9,0.712,1.0,1.0,0.723,0.77,1
CUST_04930,31,Female,Morogoro,Christian,Gogo,Secondary,"500,001-1,000,000",Airtel Money,5,0.12,0.67,0.35,0.3,Infinix,China,Mid-Range,New,333845,6.8,Online,Cash,0,2,0.441,0.238,1.0,0.718,1.0,1.0,0.523,0.74,1
CUST_00974,34,Female,Mwanza,Other,Others,Primary,"500,001-1,000,000",M-Pesa,2,0.16,0.64,0.57,0.5,Infinix,China,Mid-Range,New,301111,6.8,Mobile,Cash,0,2,0.518,0.388,1.0,0.765,1.0,1.0,0.496,0.75,1
CUST_01801,48,Male,Dar es Salaam,Muslim,Nyamwezi,Primary,"200,000-500,000",M-Pesa,2,0.31,0.83,0.82,0.5,Apple,USA,Premium,New,909136,8.1,Physical Store,Mobile Money,0,2,0.371,0.664,0.9,0.881,1.0,1.0,0.635,0.7,1
CUST_03270,22,Female,Morogoro,Christian,Others,No formal,"200,000-500,000",M-Pesa,3,0.21,0.99,0.76,0.5,Huawei,China,Premium,New,1904888,8.3,Physical Store,Mobile Money,0,1,0.0,0.631,1.0,0.608,1.0,1.0,0.545,0.52,1
CUST_03297,19,Male,Zanzibar,Christian,Makonde,Bachelor,"500,001-1,000,000",Airtel Money,5,0.14,0.43,0.8,0.3,Samsung,South Korea,Premium,New,679623,8.3,Physical Store,Mobile Money,1,9,0.756,0.664,1.0,0.698,1.0,1.0,0.625,0.76,1
CUST_02926,18,Female,Mbeya,Christian,Others,Primary,"200,000-500,000",M-Pesa,4,0.55,0.79,0.33,0.5,Tecno,China,Mid-Range,Used,444883,6.2,Physical Store,Cash,0,2,0.121,0.205,1.0,0.844,0.6,1.0,0.369,0.68,1
CUST_01561,21,Male,Mbeya,Muslim,Gogo,Primary,"1,000,001-2,000,000",Halopesa,1,0.35,0.48,0.4,0.0,Samsung,South Korea,Premium,New,1501990,9.4,Physical Store,Cash,0,2,0.399,0.376,0.9,0.779,1.0,1.0,0.61,0.66,1
CUST_03896,43,Female,Zanzibar,Muslim,Chagga,Master+,"200,000-500,000",M-Pesa,3,0.32,0.91,0.76,0.7,Samsung,South Korea,Premium,New,826657,8.1,Physical Store,Cash,1,1,0.373,0.616,0.9,0.827,1.0,1.0,0.613,0.72,0
CUST_02492,15,Male,Dar es Salaam,Christian,Others,No formal,"200,000-500,000",M-Pesa,3,0.4,0.74,0.45,0.3,Nokia,Finland,Mid-Range,New,573620,7.1,Physical Store,Mobile Money,0,2,0.0,0.32,1.0,0.818,1.0,1.0,0.339,0.71,1
CUST_00943,39,Female,Mwanza,Muslim,Sukuma,Primary,"200,000-500,000",Airtel Money,5,0.28,0.78,0.43,0.0,Samsung,South Korea,Premium,Used,771937,8.1,Physical Store,Mobile Money,1,12,0.498,0.348,0.9,0.853,0.6,1.0,0.612,0.73,0
CUST_04015,30,Male,Tanga,Christian,Others,Diploma,"200,000-500,000",Halopesa,2,0.39,0.98,0.41,0.0,Nokia,Finland,Mid-Range,New,431795,6.3,Physical Store,Cash,1,1,0.0,0.258,1.0,0.849,1.0,1.0,0.398,0.69,1
CUST_01284,26,Male,Dar es Salaam,Christian,Haya,Bachelor,"500,001-1,000,000",M-Pesa,5,0.1,0.79,0.61,0.7,Tecno,China,Mid-Range,Used,195928,5.3,Mobile,Mobile Money,1,2,0.613,0.323,1.0,0.869,0.6,1.0,0.518,0.68,0
CUST_03842,15,Female,Tanga,Christian,Sukuma,Primary,"200,000-500,000",Halopesa,4,0.34,0.99,0.52,0.7,Itel,China,Budget,Used,138651,5.4,Physical Store,Mobile Money,0,12,0.085,0.281,1.0,0.771,0.6,1.0,0.543,0.7,1
CUST_01311,21,Female,Arusha,Christian,Others,Primary,"200,000-500,000",Tigo Pesa,4,0.66,0.75,0.9,0.3,Nokia,Finland,Mid-Range,Used,308413,5.7,Online,Cash,0,2,0.422,0.513,1.0,0.509,0.6,1.0,0.646,0.68,0
CUST_04280,27,Female,Dar es Salaam,Muslim,Others,Primary,"500,001-1,000,000",Tigo Pesa,4,0.54,0.7,0.46,0.3,Tecno,China,Mid-Range,New,369403,6.6,Physical Store,Mobile Money,0,2,0.354,0.304,0.9,0.817,1.0,1.0,0.608,0.72,1
CUST_03147,24,Male,Dar es Salaam,Muslim,Nyamwezi,Diploma,"<200,000",M-Pesa,5,0.5,0.88,0.37,0.7,Itel,China,Budget,New,198712,5.9,Physical Store,Mobile Money,0,1,0.0,0.218,0.9,0.806,1.0,1.0,0.413,0.71,1
CUST_04925,25,Female,Mbeya,Christian,Sukuma,Primary,"200,000-500,000",Halopesa,1,0.4,0.99,0.39,0.0,Itel,China,Budget,New,127375,6.1,Mobile,Mobile Money,0,2,0.159,0.238,1.0,0.883,1.0,1.0,0.495,0.74,1
CUST_01520,26,Female,Tanga,Christian,Makonde,Secondary,"1,000,001-2,000,000",None,3,0.33,0.43,0.48,1.0,Samsung,South Korea,Premium,New,2107755,9.2,Physical Store,Cash,0,2,0.245,0.442,1.0,0.926,1.0,0.8,0.649,0.53,0
CUST_03475,32,Female,Mbeya,Muslim,Others,Primary,"500,001-1,000,000",M-Pesa,2,0.35,0.73,0.88,0.3,Nokia,Finland,Mid-Range,Used,351592,5.3,Physical Store,Mobile Money,0,2,0.358,0.466,0.9,0.739,0.6,1.0,0.665,0.65,1
CUST_00433,17,Male,Mwanza,Christian,Haya,Bachelor,"500,001-1,000,000",M-Pesa,3,0.16,0.64,0.64,0.0,Tecno,China,Mid-Range,New,433911,6.5,Mobile,Cash,0,2,0.306,0.416,1.0,0.619,1.0,1.0,0.606,0.7,1
CUST_04435,31,Female,Mwanza,Muslim,Sukuma,Bachelor,"200,000-500,000",Halopesa,1,0.34,0.79,0.59,0.3,Nokia,Finland,Mid-Range,New,368044,7.3,Physical Store,Mobile Money,1,2,0.273,0.431,0.9,0.607,1.0,1.0,0.537,0.76,1
CUST_01089,21,Female,Tanga,Muslim,Others,Bachelor,"<200,000",None,4,0.42,0.77,0.88,0.5,Itel,China,Budget,Used,110811,4.3,Mobile,Mobile Money,1,2,0.431,0.378,0.9,0.903,0.6,1.0,0.547,0.64,1
CUST_02070,26,Male,Morogoro,Christian,Others,Secondary,"200,000-500,000",Tigo Pesa,4,0.07,0.85,0.89,0.3,Apple,USA,Premium,New,2043528,8.9,Physical Store,Card,0,2,0.0,0.792,1.0,1.11,1.0,1.0,0.562,0.53,1
CUST_00109,20,Female,Morogoro,Christian,Others,Primary,"<200,000",M-Pesa,4,0.25,0.99,0.78,0.3,Tecno,China,Mid-Range,Used,305223,6.7,Online,Mobile Money,0,2,0.245,0.523,1.0,0.603,0.6,1.0,0.426,0.74,1
CUST_01012,31,Female,Dar es Salaam,Muslim,Others,Bachelor,"500,001-1,000,000",Halopesa,3,0.46,0.49,0.39,0.3,Apple,USA,Premium,Used,1366962,7.5,Online,Cash,0,1,0.442,0.292,0.9,1.135,0.6,1.0,0.78,0.58,1
CUST_00117,26,Female,Morogoro,Muslim,Gogo,Diploma,"<200,000",Tigo Pesa,4,0.7,0.81,0.5,0.0,Infinix,China,Mid-Range,New,527701,7.0,Physical Store,Cash,1,1,0.0,0.35,0.9,0.633,1.0,1.0,0.487,0.71,0
CUST_04465,22,Male,Morogoro,Muslim,Sukuma,No formal,"200,000-500,000",M-Pesa,5,0.3,0.84,0.59,0.5,Huawei,China,Premium,New,982663,9.3,Mobile,Mobile Money,0,2,0.312,0.549,0.9,0.681,1.0,1.0,0.66,0.76,1
CUST_04159,23,Female,Dodoma,Christian,Sukuma,No formal,"1,000,001-2,000,000",M-Pesa,4,0.13,0.16,0.75,0.0,Nokia,Finland,Mid-Range,New,338007,8.0,Physical Store,Mobile Money,1,2,0.865,0.6,1.0,0.511,1.0,1.0,0.592,0.81,1
CUST_04806,19,Female,Dodoma,Christian,Others,Secondary,"<200,000",M-Pesa,3,0.51,0.87,0.53,0.3,Oppo,China,Mid-Range,New,579843,7.7,Physical Store,Cash,0,2,0.0,0.408,1.0,0.852,1.0,1.0,0.467,0.75,1
CUST_01776,20,Male,Dar es Salaam,Christian,Others,Primary,"500,001-1,000,000",Airtel Money,4,0.26,0.42,0.35,0.0,Itel,China,Budget,Used,140815,4.5,Online,Cash,1,12,0.606,0.158,1.0,0.651,0.6,1.0,0.527,0.64,1
CUST_03929,35,Female,Arusha,Muslim,Others,No formal,"<200,000",Airtel Money,3,0.24,0.95,0.73,0.0,Tecno,China,Mid-Range,New,484659,6.7,Physical Store,Mobile Money,0,2,0.0,0.489,0.9,0.775,1.0,1.0,0.399,0.71,1
CUST_02076,36,Male,Mwanza,Muslim,Others,Secondary,"200,000-500,000",M-Pesa,5,0.11,0.74,0.64,0.5,Infinix,China,Mid-Range,New,466157,7.4,Physical Store,Mobile Money,0,2,0.138,0.474,0.9,0.893,1.0,1.0,0.604,0.75,1
CUST_00336,15,Male,Mbeya,Muslim,Others,Primary,"<200,000",M-Pesa,4,0.09,0.87,0.67,0.5,Apple,USA,Premium,Used,1669171,8.5,Physical Store,Cash,0,2,0.0,0.57,0.9,0.812,0.6,1.0,0.631,0.58,1
CUST_02974,15,Male,Mbeya,Muslim,Sukuma,Secondary,"500,001-1,000,000",Tigo Pesa,3,0.19,0.66,0.77,0.0,Apple,USA,Premium,New,1451230,8.0,Physical Store,Card,0,2,0.202,0.616,0.9,1.068,1.0,1.0,0.558,0.59,1
CUST_02906,24,Male,Mwanza,Muslim,Others,Secondary,"<200,000",Airtel Money,4,0.23,0.71,0.42,0.5,Samsung,South Korea,Premium,New,1864398,8.3,Physical Store,Mobile Money,1,2,0.0,0.349,0.9,0.799,1.0,1.0,0.444,0.53,1
CUST_01298,28,Male,Zanzibar,Christian,Others,Primary,"500,001-1,000,000",Tigo Pesa,1,0.3,0.59,0.47,0.5,Apple,USA,Premium,New,2035340,9.1,Physical Store,Mobile Money,1,1,0.0,0.428,1.0,1.168,1.0,1.0,0.453,0.54,1
CUST_01346,23,Male,Mbeya,Christian,Others,Primary,"<200,000",Tigo Pesa,2,0.35,0.87,0.4,0.0,Tecno,China,Mid-Range,New,546429,7.0,Physical Store,Cash,0,11,0.0,0.28,1.0,0.846,1.0,1.0,0.395,0.71,1
CUST_02771,24,Male,Dodoma,Muslim,Others,Secondary,"500,001-1,000,000",M-Pesa,2,0.24,0.73,0.39,0.5,Tecno,China,Mid-Range,New,556647,7.1,Physical Store,Cash,0,1,0.0,0.277,0.9,0.545,1.0,1.0,0.525,0.71,1
CUST_03645,15,Male,Dar es Salaam,Muslim,Nyamwezi,Primary,"<200,000",Airtel Money,3,0.17,0.92,0.45,0.3,Oppo,China,Mid-Range,New,407491,6.7,Physical Store,Cash,1,10,0.063,0.302,0.9,0.923,1.0,1.0,0.442,0.72,1
CUST_04376,26,Female,Arusha,Christian,Others,Secondary,"200,000-500,000",Halopesa,4,0.31,0.73,0.64,0.3,Infinix,China,Mid-Range,New,419321,7.3,Physical Store,Card,0,1,0.235,0.467,1.0,0.578,1.0,1.0,0.663,0.75,1
CUST_03470,23,Female,Dodoma,Christian,Others,Bachelor,"500,001-1,000,000",M-Pesa,2,0.25,0.62,0.76,0.5,Nokia,Finland,Mid-Range,New,528623,6.2,Physical Store,Card,0,1,0.181,0.471,1.0,0.783,1.0,1.0,0.431,0.67,1
CUST_00557,29,Male,Tanga,Muslim,Others,Primary,"1,000,001-2,000,000",M-Pesa,1,0.3,0.37,0.61,0.7,Oppo,China,Mid-Range,New,482701,6.4,Physical Store,Mobile Money,0,1,0.554,0.39,0.9,0.576,1.0,1.0,0.769,0.69,1
CUST_01866,37,Female,Morogoro,Muslim,Makonde,Secondary,"500,001-1,000,000",M-Pesa,3,0.08,0.65,0.87,0.5,Nokia,Finland,Mid-Range,New,380078,6.3,Physical Store,Cash,0,2,0.382,0.548,0.9,0.606,1.0,1.0,0.568,0.7,1
CUST_02497,34,Female,Morogoro,Christian,Others,Secondary,"500,001-1,000,000",Tigo Pesa,3,0.12,0.48,0.45,0.3,Vivo,China,Mid-Range,New,372825,6.2,Online,Cash,0,2,0.553,0.279,1.0,0.695,1.0,1.0,0.677,0.7,1
CUST_01987,30,Male,Tanga,Christian,Others,Primary,"<200,000",Tigo Pesa,4,0.46,0.77,0.84,0.5,Infinix,China,Mid-Range,New,557061,6.3,Physical Store,Card,0,1,0.0,0.529,1.0,0.582,1.0,1.0,0.728,0.67,1
CUST_01188,15,Male,Arusha,Muslim,Gogo,Secondary,"500,001-1,000,000",Airtel Money,3,0.39,0.68,0.6,0.3,Samsung,South Korea,Premium,New,846139,9.6,Physical Store,Cash,1,2,0.521,0.576,0.9,1.041,1.0,1.0,0.579,0.81,1
CUST_04376,26,Female,Arusha,Christian,Others,Secondary,"200,000-500,000",Halopesa,4,0.31,0.73,0.64,0.3,Oppo,China,Mid-Range,New,491850,8.0,Physical Store,Card,0,2,0.102,0.512,1.0,0.845,1.0,1.0,0.5,0.78,1
CUST_03021,31,Male,Dodoma,Muslim,Others,Secondary,"200,000-500,000",Tigo Pesa,3,0.11,0.8,0.78,0.3,Apple,USA,Premium,New,1945526,8.8,Physical Store,Cash,0,2,0.0,0.686,0.9,0.674,1.0,1.0,0.522,0.54,1
CUST_00626,35,Male,Dodoma,Muslim,Others,Primary,"500,001-1,000,000",Tigo Pesa,1,0.31,0.53,0.35,0.5,Xiaomi,China,Mid-Range,New,278065,6.2,Physical Store,Cash,0,1,0.632,0.217,0.9,0.571,1.0,1.0,0.534,0.72,1
CUST_02100,15,Male,Mwanza,Christian,Others,Diploma,"<200,000",Tigo Pesa,4,0.4,0.85,0.85,0.5,Apple,USA,Premium,New,1983544,9.1,Online,Cash,1,12,0.0,0.774,1.0,0.858,1.0,1.0,0.532,0.55,1
CUST_01014,28,Female,Dar es Salaam,Christian,Sukuma,Diploma,"500,001-1,000,000",M-Pesa,1,0.3,0.73,0.75,0.5,Apple,USA,Premium,New,686357,8.2,Mobile,Mobile Money,1,2,0.582,0.615,1.0,0.839,1.0,1.0,0.736,0.75,0
CUST_03282,31,Male,Mwanza,Muslim,Makonde,Secondary,"<200,000",Tigo Pesa,2,0.3,1.0,0.65,0.5,Infinix,China,Mid-Range,New,413835,6.8,Online,Mobile Money,0,2,0.0,0.442,0.9,0.835,1.0,1.0,0.501,0.73,1
CUST_00007,22,Female,Arusha,Christian,Others,Primary,"<200,000",M-Pesa,2,0.06,0.94,0.41,0.7,Tecno,China,Mid-Range,New,251970,7.1,Online,Cash,0,2,0.408,0.291,1.0,0.932,1.0,1.0,0.542,0.78,1
CUST_02433,29,Female,Dodoma,Muslim,Others,Secondary,"200,000-500,000",None,3,0.31,0.73,0.67,0.7,Samsung,South Korea,Premium,New,891271,9.4,Physical Store,Cash,1,1,0.458,0.63,0.9,0.836,1.0,1.0,0.736,0.79,1
CUST_03530,27,Male,Mbeya,Muslim,Others,Bachelor,"200,000-500,000",Airtel Money,4,0.29,0.85,0.71,0.5,Tecno,China,Mid-Range,New,413171,7.4,Online,Cash,0,12,0.122,0.525,0.9,0.54,1.0,1.0,0.606,0.76,0
CUST_04616,15,Male,Mbeya,Muslim,Chagga,Primary,"200,000-500,000",Airtel Money,3,0.09,0.95,0.46,0.3,Huawei,China,Premium,New,1036673,8.6,Mobile,Cash,0,1,0.179,0.396,0.9,0.597,1.0,1.0,0.521,0.71,0
CUST_01956,15,Male,Arusha,Christian,Others,Primary,"<200,000",Airtel Money,3,0.41,0.79,0.86,0.3,Oppo,China,Mid-Range,New,512758,6.9,Physical Store,Mobile Money,0,2,0.0,0.593,1.0,0.815,1.0,1.0,0.49,0.71,1
CUST_01331,30,Male,Mbeya,Muslim,Chagga,Primary,"500,001-1,000,000",M-Pesa,4,0.51,0.66,0.86,0.5,Tecno,China,Mid-Range,New,271643,7.7,Online,Cash,0,2,0.552,0.662,0.9,0.97,1.0,1.0,0.695,0.81,1
CUST_01400,15,Male,Morogoro,Christian,Others,No formal,"200,000-500,000",M-Pesa,3,0.21,0.84,0.47,0.7,Tecno,China,Mid-Range,New,495641,6.8,Physical Store,Mobile Money,1,2,0.0,0.32,1.0,0.963,1.0,1.0,0.482,0.71,1
CUST_00570,27,Female,Mwanza,Christian,Others,Primary,"<200,000",M-Pesa,1,0.29,0.72,0.43,0.3,Huawei,China,Premium,New,2266169,8.1,Physical Store,Cash,0,1,0.0,0.348,1.0,0.843,1.0,1.0,0.448,0.43,1
CUST_04602,25,Male,Dodoma,Christian,Haya,Primary,"200,000-500,000",Tigo Pesa,3,0.44,0.9,0.65,0.3,Vivo,China,Mid-Range,Used,126276,5.3,Online,Mobile Money,0,1,0.716,0.344,1.0,0.996,0.6,1.0,0.662,0.69,1
CUST_00370,18,Female,Arusha,Christian,Sukuma,Secondary,"<200,000",M-Pesa,2,0.12,0.82,0.65,0.7,Infinix,China,Mid-Range,New,370514,6.9,Physical Store,Cash,0,1,0.24,0.449,1.0,0.538,1.0,1.0,0.481,0.74,0
CUST_04998,39,Female,Mwanza,Christian,Sukuma,No formal,"200,000-500,000",M-Pesa,2,0.15,0.93,0.47,0.7,Nokia,Finland,Mid-Range,New,322953,6.7,Physical Store,Cash,0,11,0.249,0.315,1.0,0.662,1.0,1.0,0.535,0.74,1
CUST_04734,32,Male,Dar es Salaam,Christian,Sukuma,Primary,"<200,000",M-Pesa,2,0.19,0.92,0.75,0.3,Apple,USA,Premium,New,2374589,8.6,Online,Mobile Money,1,2,0.0,0.645,1.0,0.762,1.0,1.0,0.478,0.44,1
CUST_03373,30,Male,Dar es Salaam,Muslim,Others,Primary,"<200,000",Tigo Pesa,5,0.22,0.9,0.8,0.3,Xiaomi,China,Mid-Range,New,391998,6.1,Physical Store,Mobile Money,0,2,0.118,0.488,0.9,0.847,1.0,1.0,0.495,0.69,1
CUST_04261,28,Male,Dodoma,Christian,Makonde,Secondary,"200,000-500,000",M-Pesa,3,0.36,0.98,0.41,0.7,Huawei,China,Premium,New,1516188,9.9,Online,Mobile Money,1,2,0.0,0.406,1.0,0.545,1.0,1.0,0.487,0.69,1
CUST_03463,34,Female,Dodoma,Christian,Nyamwezi,Secondary,"1,000,001-2,000,000",Tigo Pesa,3,0.36,0.34,0.82,0.3,Nokia,Finland,Mid-Range,New,440557,6.2,Online,Cash,0,2,0.626,0.508,1.0,0.739,1.0,1.0,0.743,0.68,1
CUST_00260,22,Male,Dar es Salaam,Christian,Nyamwezi,Secondary,"200,000-500,000",M-Pesa,4,0.31,0.87,0.64,0.7,Xiaomi,China,Mid-Range,New,298499,7.4,Physical Store,Mobile Money,0,2,0.351,0.474,1.0,0.605,1.0,1.0,0.558,0.78,1
CUST_02921,23,Male,Zanzibar,Other,Nyamwezi,Primary,"200,000-500,000",Airtel Money,3,0.36,0.74,0.62,0.3,Apple,USA,Premium,New,1345176,9.3,Physical Store,Cash,1,2,0.17,0.577,1.0,0.968,1.0,1.0,0.547,0.69,1
CUST_00095,42,Female,Mbeya,Christian,Nyamwezi,Master+,"<200,000",Airtel Money,3,0.04,0.74,0.36,0.5,Apple,USA,Premium,New,2443800,9.8,Physical Store,Mobile Money,0,2,0.0,0.353,1.0,0.753,1.0,1.0,0.451,0.5,1
CUST_04914,35,Male,Mwanza,Christian,Chagga,No formal,"500,001-1,000,000",Tigo Pesa,2,0.24,0.63,0.43,0.5,Infinix,China,Mid-Range,New,489857,7.9,Physical Store,Card,0,2,0.228,0.34,1.0,0.835,1.0,1.0,0.426,0.78,1
CUST_01309,30,Male,Mbeya,Muslim,Nyamwezi,Bachelor,"200,000-500,000",Airtel Money,5,0.29,0.7,0.87,0.5,Xiaomi,China,Mid-Range,Used,388025,6.9,Physical Store,Card,1,12,0.321,0.6,0.9,0.9,0.6,1.0,0.625,0.74,1
CUST_02426,39,Male,Dodoma,Muslim,Gogo,Bachelor,"200,000-500,000",M-Pesa,4,0.11,0.76,0.3,0.0,Infinix,China,Mid-Range,New,478584,6.3,Physical Store,Mobile Money,1,11,0.091,0.189,0.9,0.559,1.0,1.0,0.326,0.68,1
CUST_02422,23,Female,Mwanza,Christian,Others,Primary,"500,001-1,000,000",M-Pesa,3,0.04,0.52,0.9,0.3,Nokia,Finland,Mid-Range,Used,270262,6.9,Physical Store,Card,1,12,0.649,0.621,1.0,0.719,0.6,1.0,0.759,0.76,1
CUST_02258,21,Male,Tanga,Muslim,Makonde,Secondary,"200,000-500,000",M-Pesa,4,0.39,0.72,0.63,0.0,Nokia,Finland,Mid-Range,New,572529,7.0,Online,Card,0,1,0.0,0.441,0.9,0.565,1.0,1.0,0.413,0.71,0
CUST_04853,16,Male,Morogoro,Christian,Others,Primary,"500,001-1,000,000",M-Pesa,3,0.6,0.66,0.68,0.5,Nokia,Finland,Mid-Range,New,415077,8.0,Physical Store,Cash,0,2,0.315,0.544,1.0,0.97,1.0,1.0,0.73,0.8,1
CUST_01361,37,Female,Dodoma,Other,Others,Secondary,"500,001-1,000,000",Halopesa,1,0.16,0.56,0.79,0.0,Samsung,South Korea,Premium,New,2485600,9.5,Physical Store,Cash,0,11,0.0,0.75,1.0,0.804,1.0,1.0,0.43,0.47,1
CUST_00270,20,Male,Mbeya,Christian,Gogo,Primary,"200,000-500,000",M-Pesa,2,0.19,0.98,0.31,0.0,Apple,USA,Premium,New,1413748,9.0,Physical Store,Mobile Money,1,2,0.0,0.279,1.0,0.67,1.0,1.0,0.441,0.66,1
CUST_04967,15,Female,Mwanza,Christian,Others,Primary,"500,001-1,000,000",Airtel Money,5,0.43,0.7,0.55,0.3,Itel,China,Budget,New,122790,4.5,Physical Store,Cash,0,1,0.427,0.248,1.0,0.511,1.0,1.0,0.486,0.65,1
CUST_04522,24,Female,Zanzibar,Christian,Sukuma,Diploma,"200,000-500,000",Tigo Pesa,3,0.12,1.0,0.83,0.5,Xiaomi,China,Mid-Range,New,342312,7.1,Physical Store,Cash,0,2,0.144,0.589,1.0,0.86,1.0,1.0,0.426,0.76,1
CUST_01627,32,Male,Tanga,Christian,Sukuma,Secondary,"500,001-1,000,000",M-Pesa,2,0.34,0.79,0.42,0.5,Nokia,Finland,Mid-Range,New,372235,6.4,Mobile,Cash,0,2,0.265,0.269,1.0,0.9,1.0,1.0,0.611,0.71,1
CUST_01050,19,Male,Dar es Salaam,Muslim,Sukuma,Secondary,"1,000,001-2,000,000",Tigo Pesa,2,0.16,0.34,0.84,0.3,Infinix,China,Mid-Range,New,477676,6.1,Physical Store,Card,0,12,0.594,0.512,0.9,0.686,1.0,1.0,0.866,0.67,0
CUST_01156,45,Female,Morogoro,Muslim,Others,Diploma,"<200,000",M-Pesa,4,0.49,0.92,0.74,0.5,Xiaomi,China,Mid-Range,New,538404,7.1,Physical Store,Mobile Money,0,2,0.0,0.525,0.9,0.935,1.0,1.0,0.617,0.72,0
CUST_00694,19,Female,Morogoro,Christian,Sukuma,Primary,"200,000-500,000",Airtel Money,5,0.5,0.97,0.35,0.0,Infinix,China,Mid-Range,New,415297,6.5,Online,Cash,0,2,0.0,0.227,1.0,0.973,1.0,1.0,0.432,0.71,1
CUST_03664,37,Female,Zanzibar,Christian,Nyamwezi,Primary,"500,001-1,000,000",M-Pesa,2,0.55,0.6,0.44,0.5,Tecno,China,Mid-Range,Used,307435,6.2,Mobile,Mobile Money,0,1,0.539,0.273,1.0,0.801,0.6,1.0,0.645,0.71,1
CUST_00145,24,Male,Tanga,Christian,Others,Diploma,"500,001-1,000,000",Airtel Money,5,0.15,0.46,0.63,0.5,Oppo,China,Mid-Range,New,296578,6.2,Physical Store,Cash,0,1,0.659,0.391,1.0,0.673,1.0,1.0,0.618,0.71,1
CUST_01199,18,Female,Dar es Salaam,Christian,Nyamwezi,Primary,"500,001-1,000,000",M-Pesa,4,0.36,0.78,0.64,0.5,Apple,USA,Premium,New,1287385,8.5,Online,Cash,1,2,0.163,0.544,1.0,1.123,1.0,1.0,0.622,0.65,1
CUST_04640,15,Female,Arusha,Muslim,Gogo,Secondary,"500,001-1,000,000",M-Pesa,3,0.11,0.69,0.66,0.0,Tecno,China,Mid-Range,New,549004,6.5,Mobile,Cash,0,2,0.053,0.429,0.9,0.725,1.0,1.0,0.51,0.68,1
CUST_02657,31,Male,Mbeya,Christian,Others,Primary,"500,001-1,000,000",Tigo Pesa,4,0.41,0.65,0.52,0.5,Tecno,China,Mid-Range,New,294181,6.3,Physical Store,Mobile Money,0,2,0.522,0.328,1.0,0.966,1.0,1.0,0.665,0.72,1
CUST_00319,50,Female,Mwanza,Christian,Nyamwezi,Secondary,"200,000-500,000",None,4,0.53,0.8,0.56,0.5,Apple,USA,Premium,New,1119699,8.1,Physical Store,Mobile Money,0,2,0.254,0.454,1.0,0.698,1.0,1.0,0.526,0.66,0
CUST_04317,55,Male,Dodoma,Christian,Haya,Secondary,"200,000-500,000",Airtel Money,4,0.08,0.8,0.74,0.0,Vivo,China,Mid-Range,New,428063,7.3,Physical Store,Cash,0,12,0.144,0.54,1.0,0.881,1.0,1.0,0.686,0.75,1
CUST_02534,40,Male,Mwanza,Christian,Nyamwezi,Secondary,"200,000-500,000",M-Pesa,5,0.4,0.99,0.83,0.3,Samsung,South Korea,Premium,New,1536445,9.3,Physical Store,Mobile Money,0,11,0.0,0.772,1.0,1.137,1.0,1.0,0.512,0.65,1
CUST_00338,19,Female,Dar es Salaam,Christian,Others,Bachelor,"<200,000",Tigo Pesa,2,0.44,0.79,0.57,0.3,Nokia,Finland,Mid-Range,New,571510,7.8,Physical Store,Card,1,2,0.0,0.445,1.0,0.757,1.0,1.0,0.535,0.75,1
CUST_03180,26,Male,Dar es Salaam,Muslim,Others,Diploma,"200,000-500,000",Halopesa,3,0.39,0.78,0.5,0.5,Itel,China,Budget,New,165366,6.3,Online,Cash,0,1,0.14,0.315,0.9,0.771,1.0,1.0,0.377,0.74,0
CUST_04424,22,Male,Dodoma,Muslim,Others,Primary,">2,000,000",Tigo Pesa,4,0.06,0.29,0.49,0.0,Huawei,China,Premium,Used,1286488,8.9,Online,Cash,0,1,0.689,0.436,0.9,0.906,0.6,1.0,0.693,0.68,1
CUST_03538,23,Female,Arusha,Christian,Others,Secondary,"500,001-1,000,000",Tigo Pesa,3,0.16,0.5,0.68,0.3,Apple,USA,Premium,New,1536802,8.9,Physical Store,Cash,0,2,0.36,0.605,1.0,1.046,1.0,1.0,0.683,0.63,1
CUST_03212,20,Male,Arusha,Christian,Others,Primary,"<200,000",M-Pesa,1,0.23,0.73,0.31,0.3,Tecno,China,Mid-Range,New,561311,6.1,Physical Store,Cash,0,2,0.0,0.189,1.0,0.856,1.0,1.0,0.417,0.65,1
CUST_03711,25,Male,Morogoro,Muslim,Chagga,No formal,"1,000,001-2,000,000",Halopesa,5,0.11,0.38,0.68,0.5,Tecno,China,Mid-Range,New,398511,6.6,Mobile,Cash,0,2,0.621,0.449,0.9,0.949,1.0,1.0,0.62,0.72,0
CUST_04278,26,Female,Dodoma,Muslim,Sukuma,Secondary,"1,000,001-2,000,000",M-Pesa,4,0.36,0.26,0.58,0.3,Nokia,Finland,Mid-Range,New,257209,7.6,Physical Store,Cash,0,1,0.833,0.441,0.9,0.567,1.0,1.0,0.568,0.8,1
CUST_03141,18,Female,Dar es Salaam,Christian,Others,Secondary,"500,001-1,000,000",Tigo Pesa,3,0.51,0.59,0.47,0.3,Xiaomi,China,Mid-Range,New,579001,7.2,Physical Store,Cash,0,2,0.146,0.338,1.0,0.803,1.0,1.0,0.444,0.72,1
CUST_02356,36,Male,Dodoma,Christian,Others,Primary,"200,000-500,000",None,5,0.23,0.96,0.88,0.5,Vivo,China,Mid-Range,New,397910,7.9,Physical Store,Mobile Money,1,2,0.045,0.695,1.0,0.51,1.0,1.0,0.46,0.79,1
CUST_01586,19,Female,Mwanza,Muslim,Others,Primary,"200,000-500,000",Tigo Pesa,5,0.16,0.81,0.64,0.5,Samsung,South Korea,Premium,New,1943187,9.2,Physical Store,Cash,0,1,0.0,0.589,0.9,0.907,1.0,1.0,0.517,0.56,1
CUST_00441,30,Female,Dar es Salaam,Christian,Others,Primary,"200,000-500,000",M-Pesa,4,0.04,0.95,0.59,0.5,Tecno,China,Mid-Range,New,336692,7.6,Physical Store,Cash,0,1,0.2,0.448,1.0,0.636,1.0,1.0,0.723,0.79,1
CUST_04119,18,Female,Dodoma,Christian,Others,Diploma,"200,000-500,000",Halopesa,1,0.36,0.8,0.38,0.7,Huawei,China,Premium,New,2462915,8.4,Mobile,Cash,0,2,0.0,0.319,1.0,0.57,1.0,1.0,0.406,0.41,1
CUST_03847,20,Female,Dodoma,Muslim,Others,Secondary,"500,001-1,000,000",None,1,0.69,0.66,0.58,0.5,Tecno,China,Mid-Range,New,388323,7.3,Physical Store,Cash,0,2,0.359,0.423,0.9,0.507,1.0,1.0,0.595,0.76,1
CUST_02424,21,Male,Arusha,Christian,Chagga,Diploma,"500,001-1,000,000",M-Pesa,4,0.11,0.78,0.59,0.7,Infinix,China,Mid-Range,New,289222,7.9,Physical Store,Mobile Money,0,12,0.436,0.466,1.0,0.848,1.0,1.0,0.579,0.82,1
CUST_00808,22,Female,Mwanza,Christian,Sukuma,Master+,"<200,000",M-Pesa,2,0.33,0.83,0.67,0.5,Samsung,South Korea,Premium,New,1226183,8.4,Mobile,Mobile Money,1,2,0.152,0.563,1.0,0.863,1.0,1.0,0.812,0.66,1
CUST_04172,21,Female,Mbeya,Christian,Others,Secondary,"500,001-1,000,000",M-Pesa,1,0.26,0.73,0.31,0.7,Itel,China,Budget,New,105358,4.7,Mobile,Mobile Money,0,1,0.487,0.146,1.0,0.796,1.0,1.0,0.48,0.66,1
CUST_04800,32,Female,Tanga,Christian,Haya,Diploma,"200,000-500,000",Tigo Pesa,4,0.17,0.95,0.46,0.3,Nokia,Finland,Mid-Range,New,312041,7.4,Physical Store,Cash,0,2,0.259,0.34,1.0,0.546,1.0,1.0,0.495,0.78,1
CUST_00951,25,Female,Tanga,Christian,Nyamwezi,Primary,"500,001-1,000,000",Tigo Pesa,3,0.21,0.76,0.32,0.7,Oppo,China,Mid-Range,New,453210,7.2,Physical Store,Cash,0,2,0.139,0.23,1.0,0.67,1.0,1.0,0.468,0.74,1
CUST_00686,25,Male,Morogoro,Christian,Others,Secondary,"500,001-1,000,000",Airtel Money,4,0.41,0.74,0.55,0.3,Itel,China,Budget,New,208435,6.2,Physical Store,Cash,1,2,0.0,0.341,1.0,0.974,1.0,1.0,0.405,0.73,1
CUST_00124,15,Female,Dar es Salaam,Christian,Others,Diploma,"1,000,001-2,000,000",M-Pesa,3,0.28,0.32,0.6,0.0,Samsung,South Korea,Premium,New,1279120,8.1,Physical Store,Mobile Money,0,1,0.659,0.486,1.0,0.646,1.0,1.0,0.804,0.63,1
CUST_04249,32,Male,Mwanza,Other,Haya,Secondary,"1,000,001-2,000,000",Tigo Pesa,1,0.15,0.28,0.38,0.7,Xiaomi,China,Mid-Range,New,508764,7.0,Physical Store,Mobile Money,0,2,0.644,0.266,1.0,0.783,1.0,1.0,0.751,0.72,1
CUST_00565,34,Male,Dodoma,Muslim,Others,Primary,"<200,000",M-Pesa,3,0.28,0.84,0.6,0.3,Apple,USA,Premium,New,1673206,9.4,Physical Store,Cash,1,2,0.0,0.564,0.9,0.827,1.0,1.0,0.699,0.63,1
CUST_03574,23,Female,Tanga,Christian,Haya,Primary,"200,000-500,000",Tigo Pesa,3,0.08,0.72,0.82,0.5,Infinix,China,Mid-Range,New,557318,7.0,Online,Cash,0,12,0.0,0.574,1.0,0.557,1.0,1.0,0.584,0.71,1
CUST_00488,39,Male,Arusha,Christian,Haya,Secondary,"<200,000",M-Pesa,3,0.06,0.74,0.34,0.3,Tecno,China,Mid-Range,New,274055,6.2,Online,Mobile Money,0,2,0.493,0.211,1.0,0.842,1.0,1.0,0.542,0.72,1
CUST_01251,23,Female,Mwanza,Muslim,Others,Primary,"500,001-1,000,000",Halopesa,1,0.28,0.79,0.67,0.0,Apple,USA,Premium,New,1116875,8.5,Mobile,Mobile Money,1,2,0.265,0.57,0.9,0.797,1.0,1.0,0.777,0.69,1
CUST_00926,28,Female,Dodoma,Christian,Haya,Primary,"<200,000",Airtel Money,4,0.18,0.78,0.51,0.7,Itel,China,Budget,Used,128079,3.7,Physical Store,Card,1,1,0.334,0.189,1.0,0.695,0.6,1.0,0.642,0.6,1
CUST_04655,37,Male,Mbeya,Christian,Haya,Bachelor,"200,000-500,000",Halopesa,3,0.33,0.88,0.49,0.7,Itel,China,Budget,Used,198976,4.4,Physical Store,Cash,0,1,0.0,0.216,1.0,0.738,0.6,1.0,0.343,0.62,1
CUST_03224,15,Female,Morogoro,Muslim,Others,Diploma,"500,001-1,000,000",Tigo Pesa,4,0.23,0.69,0.83,0.3,Apple,USA,Premium,New,1367906,8.9,Physical Store,Card,0,2,0.213,0.739,0.9,0.842,1.0,1.0,0.822,0.66,1
CUST_04563,17,Female,Arusha,Christian,Others,Primary,"<200,000",Tigo Pesa,4,0.27,0.89,0.43,0.5,Itel,China,Budget,Used,117333,3.6,Physical Store,Mobile Money,0,2,0.304,0.155,1.0,0.549,0.6,1.0,0.549,0.59,0
CUST_00337,34,Male,Dodoma,Muslim,Sukuma,Secondary,"200,000-500,000",None,1,0.28,0.77,0.6,0.7,Tecno,China,Mid-Range,New,450450,6.6,Physical Store,Card,0,1,0.133,0.396,0.9,0.754,1.0,1.0,0.585,0.71,1
CUST_04368,41,Male,Dar es Salaam,Muslim,Sukuma,Primary,"<200,000",M-Pesa,1,0.49,0.97,0.64,0.0,Apple,USA,Premium,New,660556,8.5,Physical Store,Mobile Money,0,2,0.466,0.544,0.9,0.69,1.0,1.0,0.616,0.78,1
CUST_00016,22,Male,Dar es Salaam,Muslim,Others,Secondary,"1,000,001-2,000,000",Airtel Money,4,0.08,0.42,0.82,0.7,Nokia,Finland,Mid-Range,Used,346179,6.0,Physical Store,Mobile Money,0,2,0.637,0.492,0.9,0.662,0.6,1.0,0.654,0.69,1
CUST_02786,48,Male,Dodoma,Christian,Others,Diploma,"<200,000",Airtel Money,4,0.18,0.8,0.3,0.0,Xiaomi,China,Mid-Range,New,391398,6.0,Physical Store,Cash,0,2,0.217,0.18,1.0,0.984,1.0,1.0,0.506,0.68,1
CUST_02176,37,Male,Dar es Salaam,Christian,Others,Secondary,"<200,000",M-Pesa,4,0.07,0.95,0.35,0.0,Apple,USA,Premium,New,778942,8.8,Physical Store,Card,0,2,0.383,0.308,1.0,0.701,1.0,1.0,0.542,0.77,0
CUST_02011,32,Male,Zanzibar,Muslim,Haya,Bachelor,"<200,000",Airtel Money,5,0.46,0.72,0.69,0.5,Nokia,Finland,Mid-Range,New,421257,8.0,Physical Store,Cash,0,2,0.242,0.552,0.9,0.521,1.0,1.0,0.694,0.8,1
CUST_04625,21,Female,Mwanza,Christian,Chagga,Primary,">2,000,000",M-Pesa,2,0.01,0.37,0.77,0.3,Vivo,China,Mid-Range,New,362963,6.7,Physical Store,Mobile Money,0,2,0.664,0.516,1.0,0.937,1.0,1.0,0.753,0.73,1
CUST_01930,26,Male,Dodoma,Other,Sukuma,Primary,"<200,000",None,1,0.27,0.7,0.42,0.3,Infinix,China,Mid-Range,New,566711,6.9,Physical Store,Mobile Money,0,1,0.008,0.29,1.0,0.781,1.0,1.0,0.627,0.7,0
CUST_00866,31,Female,Mwanza,Muslim,Others,Primary,"200,000-500,000",Airtel Money,3,0.69,0.84,0.61,0.3,Samsung,South Korea,Premium,New,1852993,8.1,Physical Store,Mobile Money,1,1,0.0,0.494,0.9,0.902,1.0,1.0,0.456,0.52,1
CUST_02949,26,Female,Zanzibar,Muslim,Others,Secondary,">2,000,000",None,3,0.5,0.31,0.32,0.7,Infinix,China,Mid-Range,New,253584,7.5,Physical Store,Mobile Money,0,2,0.803,0.24,0.9,0.845,1.0,1.0,0.719,0.8,1
CUST_02288,23,Male,Dar es Salaam,Christian,Others,Primary,">2,000,000",Airtel Money,3,0.41,0.36,0.52,0.0,Vivo,China,Mid-Range,New,566025,6.7,Physical Store,Mobile Money,0,1,0.491,0.348,1.0,0.564,1.0,1.0,0.592,0.69,0
CUST_04298,26,Female,Mwanza,Christian,Others,No formal,"200,000-500,000",M-Pesa,3,0.15,0.92,0.73,0.5,Itel,China,Budget,New,91638,5.2,Online,Mobile Money,1,2,0.438,0.38,1.0,0.515,1.0,1.0,0.511,0.69,1
CUST_00135,39,Female,Tanga,Muslim,Others,Primary,"200,000-500,000",Tigo Pesa,4,0.37,0.89,0.66,0.5,Nokia,Finland,Mid-Range,New,540142,6.5,Physical Store,Mobile Money,0,12,0.0,0.429,0.9,0.739,1.0,1.0,0.574,0.68,1
CUST_04513,28,Female,Zanzibar,Christian,Haya,Master+,"500,001-1,000,000",M-Pesa,5,0.48,0.74,0.44,0.0,Nokia,Finland,Mid-Range,New,357363,7.0,Physical Store,Mobile Money,0,2,0.339,0.308,1.0,0.534,1.0,1.0,0.461,0.75,1
CUST_03353,29,Female,Tanga,Christian,Others,Primary,"500,001-1,000,000",Tigo Pesa,5,0.36,0.47,0.47,0.5,Samsung,South Korea,Premium,New,1889845,9.5,Physical Store,Cash,0,2,0.26,0.446,1.0,0.983,1.0,1.0,0.569,0.59,1
CUST_04873,15,Male,Dar es Salaam,Muslim,Others,Secondary,"<200,000",Airtel Money,2,0.7,0.99,0.49,0.7,Infinix,China,Mid-Range,New,396407,7.6,Online,Cash,1,2,0.019,0.372,0.9,0.855,1.0,1.0,0.585,0.78,1
CUST_02698,20,Female,Arusha,Christian,Others,Diploma,"200,000-500,000",Halopesa,2,0.1,0.7,0.71,0.7,Oppo,China,Mid-Range,New,481215,7.4,Mobile,Mobile Money,0,1,0.158,0.525,1.0,0.638,1.0,1.0,0.411,0.75,0
CUST_02519,23,Male,Arusha,Christian,Sukuma,Bachelor,"500,001-1,000,000",Airtel Money,3,0.27,0.67,0.66,0.0,Nokia,Finland,Mid-Range,New,302041,7.4,Physical Store,Mobile Money,0,12,0.494,0.488,1.0,0.549,1.0,1.0,0.703,0.78,1
CUST_00757,23,Female,Dar es Salaam,Christian,Others,Primary,"200,000-500,000",M-Pesa,4,0.29,0.89,0.86,0.3,Vivo,China,Mid-Range,New,418897,7.2,Physical Store,Mobile Money,0,2,0.068,0.619,1.0,0.884,1.0,1.0,0.593,0.75,1
CUST_03608,15,Female,Zanzibar,Other,Others,Primary,"1,000,001-2,000,000",M-Pesa,4,0.24,0.25,0.61,0.7,Samsung,South Korea,Premium,New,928012,8.3,Physical Store,Mobile Money,0,2,0.807,0.506,1.0,0.915,1.0,1.0,0.684,0.71,1
CUST_01415,15,Female,Mbeya,Christian,Others,Secondary,"500,001-1,000,000",Airtel Money,3,0.16,0.55,0.79,0.3,Samsung,South Korea,Premium,New,2116517,9.8,Physical Store,Cash,0,1,0.03,0.774,1.0,0.671,1.0,1.0,0.626,0.56,0
CUST_00845,33,Female,Tanga,Christian,Others,Primary,"1,000,001-2,000,000",M-Pesa,5,0.51,0.24,0.42,0.3,Tecno,China,Mid-Range,Used,210072,5.3,Online,Mobile Money,1,2,0.874,0.223,1.0,0.708,0.6,1.0,0.537,0.68,0
CUST_02605,35,Female,Dar es Salaam,Muslim,Others,Bachelor,"200,000-500,000",Tigo Pesa,3,0.23,0.98,0.9,0.0,Apple,USA,Premium,New,674380,8.8,Mobile,Mobile Money,0,2,0.449,0.792,0.9,0.787,1.0,1.0,0.826,0.79,1
CUST_04305,23,Female,Dar es Salaam,Christian,Haya,Secondary,"500,001-1,000,000",M-Pesa,3,0.32,0.57,0.31,0.3,Huawei,China,Premium,New,1774172,9.9,Physical Store,Cash,1,2,0.157,0.307,1.0,0.797,1.0,1.0,0.503,0.64,1
CUST_04860,22,Female,Morogoro,Muslim,Others,Diploma,">2,000,000",Halopesa,3,0.27,0.25,0.42,0.7,Huawei,China,Premium,New,1969237,8.6,Physical Store,Card,0,1,0.59,0.361,0.9,0.917,1.0,1.0,0.748,0.52,1
CUST_02965,38,Female,Arusha,Muslim,Others,Primary,"<200,000",Tigo Pesa,3,0.61,0.93,0.6,0.5,Apple,USA,Premium,New,1799853,9.4,Physical Store,Cash,0,2,0.0,0.564,0.9,0.985,1.0,1.0,0.467,0.6,1
CUST_00601,40,Male,Morogoro,Muslim,Others,Primary,"200,000-500,000",M-Pesa,2,0.19,0.73,0.67,0.0,Tecno,China,Mid-Range,Used,400491,6.5,Online,Cash,1,1,0.269,0.436,0.9,0.544,0.6,1.0,0.538,0.71,1
CUST_04176,37,Female,Mbeya,Christian,Others,Primary,"500,001-1,000,000",M-Pesa,3,0.35,0.73,0.45,0.3,Vivo,China,Mid-Range,New,503121,7.6,Physical Store,Mobile Money,0,12,0.082,0.342,1.0,1.0,1.0,1.0,0.483,0.76,1
CUST_01638,27,Female,Dar es Salaam,Christian,Gogo,Secondary,"<200,000",Tigo Pesa,4,0.18,0.98,0.65,0.3,Nokia,Finland,Mid-Range,New,433499,7.4,Physical Store,Cash,0,2,0.0,0.481,1.0,0.784,1.0,1.0,0.322,0.76,1
CUST_00113,38,Male,Tanga,Muslim,Others,Secondary,"<200,000",M-Pesa,4,0.51,0.92,0.67,0.0,Itel,China,Budget,Used,99330,3.1,Physical Store,Mobile Money,0,1,0.391,0.208,0.9,0.506,0.6,1.0,0.544,0.57,1
CUST_02376,29,Female,Dodoma,Christian,Others,Bachelor,"500,001-1,000,000",M-Pesa,3,0.37,0.67,0.81,0.7,Apple,USA,Premium,New,1085915,8.5,Physical Store,Mobile Money,0,2,0.394,0.688,1.0,0.613,1.0,1.0,0.712,0.69,1
CUST_03331,20,Male,Dar es Salaam,Muslim,Others,Primary,"500,001-1,000,000",M-Pesa,5,0.31,0.52,0.51,0.0,Samsung,South Korea,Premium,New,1883743,8.8,Physical Store,Mobile Money,1,2,0.184,0.449,0.9,0.861,1.0,1.0,0.549,0.55,1
CUST_02878,18,Female,Dodoma,Christian,Others,Diploma,"<200,000",Tigo Pesa,4,0.54,0.81,0.36,0.0,Itel,China,Budget,New,218542,4.0,Physical Store,Mobile Money,0,2,0.0,0.144,1.0,0.722,1.0,1.0,0.504,0.6,1
CUST_00935,48,Male,Dar es Salaam,Christian,Others,Primary,"1,000,001-2,000,000",Airtel Money,4,0.21,0.22,0.63,0.0,Nokia,Finland,Mid-Range,New,573721,6.2,Physical Store,Mobile Money,1,2,0.684,0.391,1.0,0.812,1.0,1.0,0.67,0.66,1
CUST_01976,28,Female,Mbeya,Christian,Sukuma,Diploma,"200,000-500,000",Tigo Pesa,3,0.07,0.98,0.34,0.3,Oppo,China,Mid-Range,New,523577,6.3,Physical Store,Mobile Money,1,2,0.0,0.214,1.0,0.749,1.0,1.0,0.402,0.67,0
CUST_03543,24,Male,Dodoma,Muslim,Others,No formal,">2,000,000",M-Pesa,2,0.22,0.13,0.72,0.0,Samsung,South Korea,Premium,New,1787960,8.6,Online,Cash,0,2,0.806,0.619,0.9,0.759,1.0,1.0,0.912,0.56,1
CUST_01266,39,Male,Dar es Salaam,Christian,Others,Secondary,"500,001-1,000,000",Halopesa,2,0.21,0.56,0.81,0.0,Samsung,South Korea,Premium,New,1387097,8.1,Physical Store,Mobile Money,0,2,0.353,0.656,1.0,0.988,1.0,1.0,0.662,0.61,1
CUST_02072,39,Male,Morogoro,Muslim,Chagga,Diploma,"500,001-1,000,000",Airtel Money,2,0.26,0.43,0.48,0.3,Infinix,China,Mid-Range,Used,164383,6.0,Online,Card,0,2,0.823,0.288,0.9,0.967,0.6,1.0,0.685,0.73,1
CUST_04711,15,Female,Tanga,Muslim,Others,Secondary,"<200,000",Airtel Money,4,0.34,0.86,0.51,0.3,Huawei,China,Premium,New,1893097,9.6,Physical Store,Cash,0,1,0.0,0.49,0.9,0.983,1.0,1.0,0.511,0.6,1
CUST_02102,37,Male,Arusha,Christian,Others,Secondary,"200,000-500,000",Tigo Pesa,3,0.45,0.79,0.51,0.3,Infinix,China,Mid-Range,New,573966,7.4,Physical Store,Cash,1,2,0.0,0.377,1.0,0.551,1.0,1.0,0.459,0.73,1
CUST_01139,40,Male,Arusha,Muslim,Sukuma,Master+,"500,001-1,000,000",None,2,0.41,0.69,0.52,0.0,Nokia,Finland,Mid-Range,Used,467389,6.1,Online,Cash,1,2,0.194,0.317,0.9,0.519,0.6,1.0,0.501,0.67,1
CUST_03609,39,Male,Zanzibar,Muslim,Others,Primary,">2,000,000",Tigo Pesa,2,0.15,0.31,0.56,0.7,Huawei,China,Premium,New,1988515,8.0,Physical Store,Mobile Money,0,2,0.486,0.448,0.9,0.902,1.0,1.0,0.67,0.48,0
CUST_01834,33,Female,Tanga,Christian,Others,No formal,"<200,000",M-Pesa,1,0.25,0.85,0.5,0.0,Apple,USA,Premium,New,2033156,8.7,Mobile,Cash,0,1,0.0,0.435,1.0,1.024,1.0,1.0,0.604,0.52,1
CUST_04064,25,Female,Tanga,Christian,Haya,Bachelor,"500,001-1,000,000",M-Pesa,5,0.29,0.41,0.45,1.0,Infinix,China,Mid-Range,New,270546,6.5,Online,Mobile Money,1,2,0.723,0.293,1.0,0.529,1.0,0.8,0.54,0.74,1
CUST_00017,41,Female,Mwanza,Christian,Others,Diploma,"200,000-500,000",M-Pesa,1,0.42,0.79,0.65,0.0,Xiaomi,China,Mid-Range,Used,274772,5.9,Physical Store,Mobile Money,0,2,0.457,0.384,1.0,0.669,0.6,1.0,0.568,0.7,1
CUST_00649,52,Male,Tanga,Christian,Sukuma,Secondary,"200,000-500,000",M-Pesa,1,0.2,0.87,0.82,0.7,Nokia,Finland,Mid-Range,New,504331,7.8,Physical Store,Cash,1,2,0.0,0.64,1.0,0.866,1.0,1.0,0.44,0.77,1
CUST_03455,25,Female,Mbeya,Christian,Nyamwezi,Secondary,"<200,000",Airtel Money,4,0.23,0.91,0.64,0.5,Vivo,China,Mid-Range,New,489393,7.3,Physical Store,Cash,1,2,0.0,0.467,1.0,0.992,1.0,1.0,0.437,0.74,1
CUST_01725,28,Female,Mbeya,Muslim,Others,Diploma,"200,000-500,000",M-Pesa,3,0.09,0.71,0.75,0.3,Infinix,China,Mid-Range,New,509385,7.1,Physical Store,Mobile Money,1,2,0.096,0.532,0.9,0.594,1.0,1.0,0.724,0.72,1
CUST_02777,42,Male,Arusha,Christian,Others,No formal,"200,000-500,000",M-Pesa,4,0.25,0.91,0.83,0.0,Itel,China,Budget,Used,123095,3.3,Physical Store,Cash,0,2,0.253,0.274,1.0,0.585,0.6,1.0,0.495,0.57,1
CUST_02594,37,Male,Arusha,Muslim,Others,No formal,"<200,000",Airtel Money,4,0.44,0.83,0.5,0.5,Samsung,South Korea,Premium,New,2475633,8.6,Physical Store,Card,0,2,0.0,0.43,0.9,0.65,1.0,1.0,0.478,0.42,1
CUST_00935,48,Male,Dar es Salaam,Christian,Others,Primary,"1,000,001-2,000,000",Airtel Money,4,0.21,0.22,0.63,0.0,Nokia,Finland,Mid-Range,Used,421276,5.8,Physical Store,Cash,0,2,0.768,0.365,1.0,0.674,0.6,1.0,0.651,0.66,1
CUST_04687,39,Female,Dar es Salaam,Christian,Chagga,Secondary,"<200,000",Airtel Money,2,0.21,0.8,0.64,0.3,Infinix,China,Mid-Range,New,322851,7.3,Physical Store,Cash,0,2,0.354,0.467,1.0,0.602,1.0,1.0,0.405,0.77,1
CUST_02976,30,Male,Dar es Salaam,Christian,Others,Diploma,">2,000,000",M-Pesa,4,0.52,0.39,0.39,0.7,Oppo,China,Mid-Range,New,468541,6.4,Physical Store,Cash,0,1,0.543,0.25,1.0,0.785,1.0,1.0,0.459,0.69,1
CUST_02890,15,Female,Dar es Salaam,Christian,Others,Diploma,">2,000,000",M-Pesa,3,0.06,0.49,0.63,0.0,Huawei,China,Premium,New,1819917,8.2,Mobile,Cash,0,2,0.257,0.517,1.0,0.602,1.0,1.0,0.484,0.53,1
CUST_00743,25,Female,Dar es Salaam,Muslim,Others,No formal,"<200,000",Tigo Pesa,2,0.3,0.74,0.65,0.5,Nokia,Finland,Mid-Range,New,307682,6.4,Mobile,Cash,1,1,0.431,0.416,0.9,0.658,1.0,1.0,0.709,0.72,1
CUST_00130,23,Female,Zanzibar,Christian,Others,Primary,"500,001-1,000,000",Airtel Money,3,0.25,0.75,0.76,0.5,Oppo,China,Mid-Range,New,523377,6.6,Physical Store,Cash,1,2,0.019,0.502,1.0,0.576,1.0,1.0,0.581,0.69,1
CUST_04379,20,Female,Dar es Salaam,Christian,Others,Bachelor,"200,000-500,000",M-Pesa,5,0.66,0.79,0.62,0.5,Infinix,China,Mid-Range,Used,449181,6.7,Online,Cash,0,2,0.113,0.415,1.0,0.534,0.6,1.0,0.551,0.71,1
CUST_01760,32,Female,Dodoma,Muslim,Others,Secondary,"500,001-1,000,000",M-Pesa,3,0.25,0.57,0.67,0.3,Huawei,China,Premium,New,861678,8.0,Mobile,Mobile Money,0,2,0.591,0.536,0.9,0.891,1.0,1.0,0.793,0.71,1
CUST_00932,25,Male,Zanzibar,Christian,Chagga,Primary,"200,000-500,000",Tigo Pesa,1,0.18,0.73,0.81,0.0,Apple,USA,Premium,New,2109963,9.5,Physical Store,Cash,0,1,0.0,0.77,1.0,1.019,1.0,1.0,0.599,0.55,0
CUST_04436,16,Female,Morogoro,Muslim,Others,No formal,"200,000-500,000",Tigo Pesa,4,0.38,0.96,0.59,0.3,Tecno,China,Mid-Range,New,463890,6.6,Physical Store,Cash,0,2,0.0,0.389,0.9,0.877,1.0,1.0,0.608,0.7,1
CUST_00752,23,Male,Dar es Salaam,Christian,Sukuma,Diploma,"200,000-500,000",Airtel Money,4,0.5,0.76,0.61,0.7,Tecno,China,Mid-Range,New,338045,7.9,Physical Store,Cash,1,2,0.358,0.482,1.0,0.52,1.0,1.0,0.572,0.81,0
CUST_02344,53,Female,Dar es Salaam,Christian,Sukuma,Secondary,"500,001-1,000,000",M-Pesa,3,0.32,0.41,0.85,0.5,Infinix,China,Mid-Range,New,578812,8.0,Online,Mobile Money,1,2,0.407,0.68,1.0,0.696,1.0,1.0,0.755,0.76,1
CUST_04969,40,Female,Arusha,Muslim,Chagga,Secondary,"500,001-1,000,000",Airtel Money,4,0.44,0.78,0.67,0.0,Tecno,China,Mid-Range,New,410141,6.6,Physical Store,Mobile Money,0,2,0.2,0.442,0.9,0.563,1.0,1.0,0.486,0.71,1
CUST_01672,27,Male,Mwanza,Christian,Sukuma,Primary,"<200,000",Tigo Pesa,3,0.1,0.86,0.58,0.3,Tecno,China,Mid-Range,New,598082,6.8,Physical Store,Cash,0,2,0.0,0.394,1.0,0.703,1.0,1.0,0.484,0.69,1
CUST_02337,40,Male,Zanzibar,Muslim,Makonde,Secondary,"200,000-500,000",Halopesa,4,0.18,0.88,0.67,0.5,Tecno,China,Mid-Range,Used,234441,6.3,Physical Store,Mobile Money,1,2,0.484,0.422,0.9,0.779,0.6,1.0,0.351,0.73,0
CUST_00638,15,Female,Mwanza,Christian,Nyamwezi,Diploma,"500,001-1,000,000",M-Pesa,2,0.67,0.47,0.77,0.3,Huawei,China,Premium,New,1377726,10.0,Physical Store,Cash,1,2,0.46,0.77,1.0,0.743,1.0,1.0,0.707,0.72,1
CUST_02681,15,Male,Mbeya,Christian,Others,Secondary,"200,000-500,000",M-Pesa,2,0.23,0.72,0.73,0.0,Tecno,China,Mid-Range,New,344828,6.4,Online,Cash,1,2,0.379,0.467,1.0,0.614,1.0,1.0,0.506,0.72,0
CUST_04688,24,Male,Dar es Salaam,Christian,Nyamwezi,Secondary,"<200,000",Airtel Money,3,0.54,0.72,0.87,0.5,Tecno,China,Mid-Range,New,333157,6.7,Online,Cash,1,12,0.4,0.583,1.0,0.801,1.0,1.0,0.577,0.74,0
CUST_02868,47,Male,Arusha,Christian,Nyamwezi,Secondary,">2,000,000",Halopesa,3,0.03,0.4,0.49,0.7,Nokia,Finland,Mid-Range,New,358186,7.8,Mobile,Mobile Money,0,1,0.642,0.382,1.0,0.885,1.0,1.0,0.687,0.8,1
CUST_01592,31,Female,Mbeya,Muslim,Gogo,No formal,"200,000-500,000",Tigo Pesa,4,0.14,0.89,0.31,0.5,Samsung,South Korea,Premium,New,1662776,8.6,Online,Mobile Money,1,1,0.0,0.267,0.9,1.128,1.0,1.0,0.497,0.58,1
CUST_03707,22,Female,Zanzibar,Muslim,Others,Secondary,"200,000-500,000",Halopesa,4,0.16,0.77,0.8,0.3,Nokia,Finland,Mid-Range,New,346573,7.4,Mobile,Mobile Money,0,2,0.333,0.592,0.9,0.936,1.0,1.0,0.786,0.77,0
CUST_02475,15,Male,Mwanza,Muslim,Others,Diploma,"<200,000",None,1,0.48,0.92,0.51,0.0,Xiaomi,China,Mid-Range,New,438941,7.0,Physical Store,Mobile Money,1,2,0.0,0.357,0.9,0.705,1.0,1.0,0.486,0.73,1
CUST_03289,24,Male,Mbeya,Muslim,Makonde,Primary,">2,000,000",M-Pesa,2,0.13,0.35,0.54,0.0,Apple,USA,Premium,New,2445206,9.7,Physical Store,Mobile Money,0,2,0.287,0.524,0.9,0.878,1.0,1.0,0.665,0.49,1
CUST_01898,15,Female,Dar es Salaam,Christian,Others,Primary,"1,000,001-2,000,000",Tigo Pesa,5,0.42,0.49,0.68,0.3,Samsung,South Korea,Premium,New,1903053,10.0,Physical Store,Cash,0,12,0.223,0.68,1.0,0.652,1.0,1.0,0.638,0.62,0
CUST_03040,20,Male,Tanga,Other,Others,Bachelor,"500,001-1,000,000",None,4,0.29,0.59,0.79,0.5,Nokia,Finland,Mid-Range,New,341360,7.3,Physical Store,Mobile Money,1,1,0.496,0.577,1.0,0.873,1.0,1.0,0.695,0.77,1
CUST_03299,29,Male,Dodoma,Christian,Others,Secondary,"200,000-500,000",M-Pesa,3,0.19,0.84,0.68,0.3,Nokia,Finland,Mid-Range,New,592194,6.5,Physical Store,Mobile Money,0,2,0.0,0.442,1.0,0.926,1.0,1.0,0.465,0.67,0
CUST_03421,23,Male,Dodoma,Christian,Others,No formal,"200,000-500,000",Tigo Pesa,3,0.23,0.89,0.56,0.0,Xiaomi,China,Mid-Range,New,513065,6.1,Mobile,Cash,0,2,0.0,0.342,1.0,0.814,1.0,1.0,0.481,0.66,1
CUST_02645,38,Female,Mbeya,Muslim,Nyamwezi,Secondary,"500,001-1,000,000",M-Pesa,2,0.25,0.66,0.63,0.3,Oppo,China,Mid-Range,Used,199819,5.1,Mobile,Card,1,2,0.67,0.321,0.9,0.993,0.6,1.0,0.584,0.67,0
CUST_03962,18,Male,Dar es Salaam,Christian,Sukuma,Secondary,"200,000-500,000",Tigo Pesa,3,0.24,0.93,0.38,0.7,Infinix,China,Mid-Range,New,582026,7.5,Physical Store,Mobile Money,0,2,0.0,0.285,1.0,0.811,1.0,1.0,0.354,0.73,1
CUST_02746,36,Female,Dar es Salaam,Muslim,Others,Primary,"<200,000",Tigo Pesa,3,0.31,0.73,0.73,0.7,Itel,China,Budget,Used,78027,3.8,Online,Cash,1,1,0.62,0.277,0.9,0.802,0.6,1.0,0.575,0.61,1
CUST_04463,30,Male,Dodoma,Christian,Others,Secondary,"500,001-1,000,000",M-Pesa,4,0.48,0.67,0.44,0.0,Huawei,China,Premium,New,2305844,8.1,Physical Store,Mobile Money,1,2,0.0,0.356,1.0,0.683,1.0,1.0,0.42,0.42,1
CUST_03005,21,Female,Mwanza,Christian,Others,Secondary,"500,001-1,000,000",Airtel Money,3,0.17,0.73,0.69,0.0,Itel,China,Budget,New,157027,6.1,Physical Store,Mobile Money,0,11,0.236,0.421,1.0,0.696,1.0,1.0,0.442,0.73,1
CUST_00760,25,Male,Dar es Salaam,Muslim,Others,Primary,"200,000-500,000",Tigo Pesa,2,0.05,0.73,0.78,1.0,Vivo,China,Mid-Range,New,579339,6.0,Physical Store,Cash,0,2,0.0,0.468,0.9,0.608,1.0,0.8,0.537,0.64,1
CUST_04939,25,Female,Mwanza,Muslim,Others,Bachelor,"1,000,001-2,000,000",M-Pesa,1,0.26,0.16,0.51,0.5,Oppo,China,Mid-Range,New,306900,8.0,Physical Store,Mobile Money,1,2,0.877,0.408,0.9,0.844,1.0,1.0,0.804,0.82,0
CUST_00043,35,Male,Morogoro,Muslim,Others,Secondary,"1,000,001-2,000,000",M-Pesa,1,0.21,0.42,0.42,0.0,Tecno,China,Mid-Range,New,473339,7.6,Physical Store,Cash,0,12,0.503,0.319,0.9,0.701,1.0,1.0,0.62,0.76,1
CUST_02318,29,Female,Mbeya,Christian,Others,Master+,"200,000-500,000",M-Pesa,3,0.33,0.86,0.46,0.7,Infinix,China,Mid-Range,New,585719,6.1,Physical Store,Mobile Money,1,2,0.0,0.281,1.0,0.669,1.0,1.0,0.286,0.65,1
CUST_01273,17,Female,Zanzibar,Muslim,Others,Primary,"1,000,001-2,000,000",M-Pesa,2,0.34,0.37,0.52,0.0,Huawei,China,Premium,New,1912333,9.0,Online,Mobile Money,1,2,0.41,0.468,0.9,0.848,1.0,1.0,0.724,0.56,1
CUST_04866,33,Male,Arusha,Christian,Others,No formal,"<200,000",Airtel Money,2,0.14,0.82,0.5,0.3,Apple,USA,Premium,New,713672,9.1,Online,Mobile Money,0,1,0.512,0.455,1.0,0.837,1.0,1.0,0.721,0.8,0
CUST_00941,26,Male,Dar es Salaam,Muslim,Sukuma,Diploma,"200,000-500,000",M-Pesa,3,0.3,0.87,0.35,0.5,Nokia,Finland,Mid-Range,New,337854,7.6,Physical Store,Mobile Money,0,11,0.265,0.266,0.9,0.906,1.0,1.0,0.605,0.79,0
CUST_02500,16,Female,Morogoro,Christian,Others,No formal,"<200,000",Halopesa,4,0.09,0.88,0.74,0.3,Infinix,China,Mid-Range,New,317230,6.6,Physical Store,Cash,1,2,0.302,0.488,1.0,0.927,1.0,1.0,0.567,0.73,0
CUST_04433,43,Female,Mbeya,Christian,Others,Primary,"1,000,001-2,000,000",M-Pesa,3,0.11,0.4,0.59,0.5,Itel,China,Budget,New,177547,5.1,Online,Mobile Money,1,1,0.527,0.301,1.0,0.535,1.0,1.0,0.617,0.67,1
CUST_03538,23,Female,Arusha,Christian,Others,Secondary,"500,001-1,000,000",Tigo Pesa,3,0.16,0.5,0.68,0.3,Infinix,China,Mid-Range,New,544339,7.3,Physical Store,Cash,1,2,0.32,0.496,1.0,0.566,1.0,1.0,0.652,0.73,1
CUST_03871,17,Male,Dar es Salaam,Christian,Sukuma,Secondary,"500,001-1,000,000",Airtel Money,3,0.24,0.61,0.77,0.0,Huawei,China,Premium,New,1110085,9.1,Mobile,Cash,0,2,0.436,0.701,1.0,0.714,1.0,1.0,0.751,0.72,1
CUST_04170,32,Female,Dar es Salaam,Christian,Others,Primary,"<200,000",None,4,0.37,0.86,0.31,0.5,Infinix,China,Mid-Range,New,393748,7.9,Mobile,Cash,0,2,0.153,0.245,1.0,0.572,1.0,1.0,0.519,0.8,1
CUST_01347,19,Female,Tanga,Muslim,Sukuma,Secondary,"200,000-500,000",Tigo Pesa,5,0.32,0.97,0.81,0.5,Samsung,South Korea,Premium,New,1299038,8.9,Physical Store,Cash,0,2,0.0,0.721,0.9,1.021,1.0,1.0,0.485,0.67,1
CUST_02494,34,Female,Morogoro,Muslim,Others,Primary,"500,001-1,000,000",Tigo Pesa,2,0.32,0.6,0.87,0.5,Huawei,China,Premium,New,2218603,8.7,Online,Cash,0,1,0.0,0.757,0.9,0.58,1.0,1.0,0.539,0.48,1
CUST_00622,15,Male,Mwanza,Muslim,Makonde,No formal,"200,000-500,000",Tigo Pesa,3,0.33,0.94,0.61,0.5,Apple,USA,Premium,New,1273340,8.3,Physical Store,Cash,1,12,0.003,0.506,0.9,0.6,1.0,1.0,0.681,0.64,1
CUST_02872,20,Male,Dar es Salaam,Christian,Others,Primary,"200,000-500,000",None,2,0.38,0.82,0.87,0.5,Itel,China,Budget,New,140245,4.7,Online,Cash,0,2,0.233,0.409,1.0,0.98,1.0,1.0,0.472,0.65,1
CUST_03616,18,Male,Arusha,Christian,Sukuma,Secondary,"200,000-500,000",M-Pesa,2,0.27,0.93,0.42,0.0,Nokia,Finland,Mid-Range,New,393607,6.5,Physical Store,Cash,0,2,0.085,0.273,1.0,0.993,1.0,1.0,0.508,0.71,1
CUST_00522,33,Male,Mbeya,Muslim,Nyamwezi,Primary,"<200,000",M-Pesa,2,0.3,0.99,0.44,0.5,Oppo,China,Mid-Range,New,567743,6.8,Online,Cash,1,2,0.0,0.299,0.9,0.987,1.0,1.0,0.398,0.69,1
CUST_02549,33,Female,Tanga,Christian,Gogo,Primary,"200,000-500,000",M-Pesa,3,0.4,0.71,0.4,0.3,Infinix,China,Mid-Range,New,299409,7.1,Physical Store,Cash,0,2,0.469,0.284,1.0,0.751,1.0,1.0,0.575,0.77,1
CUST_03396,35,Female,Dar es Salaam,Christian,Others,No formal,"500,001-1,000,000",M-Pesa,1,0.28,0.64,0.43,0.5,Infinix,China,Mid-Range,New,332730,6.8,Mobile,Cash,0,2,0.468,0.292,1.0,0.679,1.0,1.0,0.661,0.74,1
CUST_02011,32,Male,Zanzibar,Muslim,Haya,Bachelor,"<200,000",Airtel Money,5,0.46,0.72,0.69,0.5,Itel,China,Budget,New,82560,4.1,Physical Store,Cash,1,1,0.604,0.283,0.9,0.869,1.0,1.0,0.51,0.63,1
CUST_02011,32,Male,Zanzibar,Muslim,Haya,Bachelor,"<200,000",Airtel Money,5,0.46,0.72,0.69,0.5,Infinix,China,Mid-Range,New,326259,6.7,Physical Store,Mobile Money,0,1,0.413,0.462,0.9,0.915,1.0,1.0,0.613,0.74,1
CUST_01376,29,Male,Dar es Salaam,Muslim,Gogo,Secondary,"200,000-500,000",Airtel Money,3,0.19,0.9,0.55,0.5,Itel,China,Budget,New,177841,4.5,Physical Store,Cash,0,2,0.0,0.248,0.9,0.563,1.0,1.0,0.287,0.63,1
CUST_00642,26,Male,Dodoma,Christian,Others,Primary,"200,000-500,000",Airtel Money,1,0.26,0.93,0.66,0.5,Vivo,China,Mid-Range,New,591760,6.1,Physical Store,Cash,0,2,0.0,0.403,1.0,0.895,1.0,1.0,0.35,0.65,0
CUST_00953,40,Male,Dar es Salaam,Christian,Chagga,Secondary,"<200,000",M-Pesa,1,0.27,0.96,0.83,0.0,Huawei,China,Premium,New,1555923,9.2,Mobile,Cash,1,2,0.0,0.764,1.0,0.732,1.0,1.0,0.625,0.64,1
CUST_01699,28,Male,Tanga,Christian,Others,Primary,">2,000,000",M-Pesa,3,0.4,0.49,0.6,0.5,Infinix,China,Mid-Range,New,517684,7.0,Physical Store,Card,0,1,0.366,0.42,1.0,0.985,1.0,1.0,0.474,0.72,1
CUST_02214,35,Male,Tanga,Muslim,Others,Secondary,"500,001-1,000,000",M-Pesa,4,0.39,0.49,0.76,0.3,Apple,USA,Premium,New,710026,8.9,Online,Mobile Money,0,1,0.71,0.676,0.9,0.748,1.0,1.0,0.747,0.79,1
CUST_02315,49,Female,Dar es Salaam,Christian,Sukuma,Secondary,"500,001-1,000,000",M-Pesa,5,0.07,0.8,0.47,0.3,Nokia,Finland,Mid-Range,New,582399,6.6,Physical Store,Cash,1,1,0.0,0.31,1.0,0.976,1.0,1.0,0.468,0.68,0
CUST_00675,32,Female,Mbeya,Muslim,Gogo,Primary,"<200,000",Airtel Money,3,0.45,0.84,0.75,0.3,Infinix,China,Mid-Range,New,250955,7.7,Online,Mobile Money,0,1,0.473,0.578,0.9,0.736,1.0,1.0,0.727,0.81,1
CUST_01932,16,Male,Tanga,Other,Others,Secondary,"500,001-1,000,000",Tigo Pesa,2,0.31,0.55,0.62,1.0,Itel,China,Budget,New,236013,5.5,Online,Cash,1,2,0.135,0.341,1.0,0.501,1.0,0.8,0.448,0.68,1
CUST_00406,26,Male,Arusha,Christian,Others,Primary,"1,000,001-2,000,000",Halopesa,4,0.43,0.19,0.79,0.0,Tecno,China,Mid-Range,New,334391,6.3,Physical Store,Mobile Money,0,12,0.841,0.498,1.0,0.7,1.0,1.0,0.471,0.71,1
CUST_03758,15,Female,Tanga,Muslim,Makonde,No formal,"200,000-500,000",M-Pesa,2,0.01,0.91,0.74,0.5,Infinix,China,Mid-Range,Used,230017,5.1,Physical Store,Cash,0,2,0.477,0.377,0.9,0.718,0.6,1.0,0.602,0.66,1
CUST_00809,48,Female,Mwanza,Christian,Others,Secondary,"500,001-1,000,000",Tigo Pesa,4,0.26,0.56,0.42,0.0,Apple,USA,Premium,New,2487478,9.1,Mobile,Mobile Money,0,1,0.0,0.382,1.0,1.189,1.0,1.0,0.412,0.45,1
CUST_03948,24,Female,Arusha,Christian,Others,Secondary,"500,001-1,000,000",Tigo Pesa,3,0.31,0.55,0.44,0.3,Samsung,South Korea,Premium,New,876999,8.2,Physical Store,Cash,1,2,0.598,0.361,1.0,0.971,1.0,1.0,0.574,0.72,1
CUST_02670,15,Female,Tanga,Muslim,Sukuma,Primary,"500,001-1,000,000",Tigo Pesa,3,0.47,0.78,0.66,0.5,Oppo,China,Mid-Range,New,576253,6.8,Physical Store,Mobile Money,0,2,0.0,0.449,0.9,0.509,1.0,1.0,0.666,0.69,1
CUST_01178,19,Female,Mbeya,Muslim,Sukuma,Bachelor,"200,000-500,000",M-Pesa,2,0.65,0.96,0.77,0.5,Itel,China,Budget,New,200976,4.4,Mobile,Cash,1,12,0.0,0.339,0.9,0.897,1.0,1.0,0.461,0.62,0
CUST_00123,46,Male,Morogoro,Muslim,Others,Primary,"500,001-1,000,000",Tigo Pesa,1,0.47,0.71,0.42,0.3,Infinix,China,Mid-Range,Used,255027,5.0,Physical Store,Cash,0,2,0.547,0.21,0.9,0.804,0.6,1.0,0.427,0.65,1
CUST_04643,34,Male,Mwanza,Christian,Others,Primary,"1,000,001-2,000,000",Airtel Money,2,0.34,0.37,0.62,1.0,Apple,USA,Premium,New,1378892,8.7,Online,Cash,0,2,0.575,0.539,1.0,0.98,1.0,0.8,0.827,0.65,1
CUST_01134,15,Male,Mwanza,Muslim,Chagga,Bachelor,"1,000,001-2,000,000",None,4,0.51,0.22,0.83,0.0,Huawei,China,Premium,New,2322092,9.1,Physical Store,Cash,0,1,0.574,0.755,0.9,0.909,1.0,1.0,0.867,0.48,1
CUST_04133,31,Female,Zanzibar,Muslim,Others,Secondary,"500,001-1,000,000",M-Pesa,3,0.17,0.72,0.39,0.3,Samsung,South Korea,Premium,New,1525396,8.9,Physical Store,Mobile Money,0,1,0.085,0.347,0.9,1.055,1.0,1.0,0.435,0.63,1
CUST_02580,27,Female,Morogoro,Christian,Others,Primary,"200,000-500,000",M-Pesa,1,0.14,0.94,0.78,0.5,Huawei,China,Premium,New,1058742,8.0,Physical Store,Mobile Money,0,1,0.171,0.624,1.0,0.854,1.0,1.0,0.622,0.67,1
CUST_00176,36,Female,Tanga,Muslim,Others,Secondary,"1,000,001-2,000,000",M-Pesa,4,0.4,0.44,0.72,0.5,Tecno,China,Mid-Range,New,380552,8.0,Mobile,Card,0,2,0.581,0.576,0.9,0.617,1.0,1.0,0.543,0.8,1
CUST_02861,35,Female,Mwanza,Christian,Chagga,Secondary,"200,000-500,000",Tigo Pesa,3,0.15,1.0,0.52,0.3,Tecno,China,Mid-Range,New,511078,8.0,Physical Store,Cash,1,2,0.0,0.416,1.0,0.77,1.0,1.0,0.45,0.78,1
CUST_04968,30,Female,Mwanza,Christian,Others,Secondary,"200,000-500,000",None,3,0.58,0.97,0.87,0.0,Nokia,Finland,Mid-Range,New,410158,7.0,Physical Store,Mobile Money,0,1,0.005,0.609,1.0,0.578,1.0,1.0,0.568,0.74,1
CUST_04371,37,Male,Dodoma,Christian,Sukuma,Primary,"<200,000",M-Pesa,2,0.05,0.76,0.55,0.5,Infinix,China,Mid-Range,New,478221,7.6,Physical Store,Cash,0,2,0.091,0.418,1.0,0.669,1.0,1.0,0.537,0.76,1
CUST_00433,17,Male,Mwanza,Christian,Haya,Bachelor,"500,001-1,000,000",M-Pesa,3,0.16,0.64,0.64,0.0,Huawei,China,Premium,New,1643745,9.7,Physical Store,Cash,0,2,0.123,0.621,1.0,0.62,1.0,1.0,0.728,0.65,1
CUST_02422,23,Female,Mwanza,Christian,Others,Primary,"500,001-1,000,000",M-Pesa,3,0.04,0.52,0.9,0.3,Nokia,Finland,Mid-Range,New,554628,6.6,Physical Store,Cash,1,2,0.279,0.594,1.0,0.816,1.0,1.0,0.463,0.69,1
CUST_00293,29,Female,Morogoro,Christian,Haya,Primary,">2,000,000",Airtel Money,3,0.42,0.47,0.55,0.3,Apple,USA,Premium,New,1977500,8.6,Online,Mobile Money,0,12,0.225,0.473,1.0,0.624,1.0,1.0,0.45,0.52,1
CUST_04568,32,Female,Mbeya,Muslim,Chagga,Bachelor,"200,000-500,000",None,3,0.5,0.79,0.66,0.5,Apple,USA,Premium,New,1071848,8.1,Physical Store,Cash,0,2,0.294,0.535,0.9,0.672,1.0,1.0,0.608,0.67,1
CUST_02844,45,Female,Dar es Salaam,Muslim,Chagga,Primary,"200,000-500,000",M-Pesa,3,0.55,0.91,0.55,0.3,Huawei,China,Premium,New,2110549,9.4,Physical Store,Cash,0,2,0.0,0.517,0.9,0.716,1.0,1.0,0.602,0.54,1
CUST_02253,28,Female,Arusha,Muslim,Others,Primary,"200,000-500,000",Airtel Money,4,0.33,0.84,0.58,0.3,Itel,China,Budget,New,159388,6.2,Physical Store,Mobile Money,0,2,0.107,0.36,0.9,0.565,1.0,1.0,0.361,0.74,0
CUST_01341,21,Female,Mbeya,Christian,Sukuma,No formal,">2,000,000",M-Pesa,4,0.17,0.44,0.74,0.0,Tecno,China,Mid-Range,New,524069,7.6,Physical Store,Cash,0,2,0.424,0.562,1.0,0.942,1.0,1.0,0.631,0.75,1
CUST_02497,34,Female,Morogoro,Christian,Others,Secondary,"500,001-1,000,000",Tigo Pesa,3,0.12,0.48,0.45,0.3,Itel,China,Budget,New,214070,6.1,Physical Store,Mobile Money,0,2,0.315,0.274,1.0,0.502,1.0,1.0,0.516,0.72,1
CUST_04971,48,Male,Mwanza,Muslim,Others,Primary,"500,001-1,000,000",Tigo Pesa,5,0.64,0.64,0.45,0.3,Nokia,Finland,Mid-Range,New,531616,7.4,Physical Store,Cash,1,1,0.149,0.333,0.9,0.548,1.0,1.0,0.448,0.74,1
CUST_00373,25,Female,Tanga,Christian,Others,Primary,"1,000,001-2,000,000",M-Pesa,3,0.29,0.44,0.42,0.7,Samsung,South Korea,Premium,New,1869906,9.1,Mobile,Card,0,2,0.314,0.382,1.0,1.061,1.0,1.0,0.583,0.57,1
CUST_03454,28,Female,Mwanza,Muslim,Sukuma,Primary,"1,000,001-2,000,000",M-Pesa,3,0.16,0.41,0.57,0.3,Apple,USA,Premium,New,1122220,8.7,Mobile,Mobile Money,0,1,0.617,0.496,0.9,0.954,1.0,1.0,0.785,0.7,1
CUST_00894,33,Male,Dar es Salaam,Muslim,Sukuma,Bachelor,"200,000-500,000",M-Pesa,3,0.05,0.82,0.37,0.3,Nokia,Finland,Mid-Range,Used,195709,6.0,Online,Cash,0,2,0.599,0.222,0.9,0.644,0.6,1.0,0.771,0.72,1
CUST_02668,23,Female,Arusha,Christian,Chagga,Master+,"500,001-1,000,000",M-Pesa,4,0.46,0.71,0.76,1.0,Infinix,China,Mid-Range,New,284297,7.3,Online,Mobile Money,1,2,0.495,0.555,1.0,0.639,1.0,0.8,0.45,0.78,1
CUST_01717,34,Female,Mbeya,Other,Chagga,No formal,"<200,000",M-Pesa,3,0.47,0.76,0.3,0.5,Nokia,Finland,Mid-Range,New,385868,7.2,Physical Store,Cash,0,2,0.267,0.216,1.0,0.626,1.0,1.0,0.603,0.75,1
CUST_03329,30,Male,Zanzibar,Other,Chagga,Primary,">2,000,000",Airtel Money,3,0.2,0.3,0.31,0.7,Vivo,China,Mid-Range,New,414546,7.0,Physical Store,Mobile Money,0,1,0.689,0.217,1.0,0.76,1.0,1.0,0.589,0.74,1
CUST_01181,28,Female,Dar es Salaam,Christian,Makonde,Bachelor,"500,001-1,000,000",Tigo Pesa,2,0.16,0.48,0.71,0.7,Huawei,China,Premium,New,847749,9.8,Physical Store,Cash,0,2,0.661,0.696,1.0,0.789,1.0,1.0,0.791,0.82,1
CUST_03336,28,Female,Dar es Salaam,Christian,Others,Primary,"500,001-1,000,000",Tigo Pesa,4,0.49,0.54,0.35,0.7,Oppo,China,Mid-Range,New,328160,7.1,Physical Store,Cash,1,12,0.557,0.248,1.0,0.846,1.0,1.0,0.737,0.76,1
CUST_01273,17,Female,Zanzibar,Muslim,Others,Primary,"1,000,001-2,000,000",M-Pesa,2,0.34,0.37,0.52,0.0,Vivo,China,Mid-Range,New,542298,7.4,Physical Store,Card,0,2,0.498,0.385,0.9,0.833,1.0,1.0,0.699,0.74,1
CUST_04403,35,Male,Dar es Salaam,Christian,Nyamwezi,Secondary,"<200,000",M-Pesa,5,0.37,0.92,0.59,0.7,Oppo,China,Mid-Range,New,426357,6.6,Physical Store,Card,0,2,0.019,0.389,1.0,0.904,1.0,1.0,0.665,0.71,1
CUST_01718,37,Male,Dodoma,Other,Gogo,Primary,"200,000-500,000",None,2,0.4,0.94,0.38,0.7,Vivo,China,Mid-Range,New,528826,6.3,Physical Store,Mobile Money,1,12,0.0,0.239,1.0,0.629,1.0,1.0,0.29,0.67,1
CUST_04190,35,Male,Tanga,Muslim,Others,No formal,"500,001-1,000,000",M-Pesa,3,0.36,0.7,0.9,0.7,Huawei,China,Premium,New,1620603,10.0,Physical Store,Card,0,2,0.055,0.9,0.9,0.652,1.0,1.0,0.523,0.68,0
CUST_04482,29,Female,Tanga,Muslim,Others,No formal,"<200,000",Halopesa,2,0.01,0.98,0.53,0.3,Samsung,South Korea,Premium,New,1797095,9.6,Online,Mobile Money,1,2,0.0,0.509,0.9,0.67,1.0,1.0,0.628,0.62,0
CUST_04246,17,Female,Dodoma,Christian,Others,Diploma,"<200,000",Airtel Money,1,0.48,0.72,0.54,0.5,Infinix,China,Mid-Range,New,521818,7.5,Physical Store,Card,1,12,0.061,0.405,1.0,0.999,1.0,1.0,0.682,0.75,1
CUST_04604,25,Male,Dodoma,Muslim,Makonde,Bachelor,">2,000,000",Tigo Pesa,1,0.14,0.17,0.8,0.7,Huawei,China,Premium,New,2288448,9.0,Physical Store,Cash,0,2,0.676,0.72,0.9,0.533,1.0,1.0,0.735,0.48,1
CUST_01831,25,Male,Mwanza,Muslim,Others,Secondary,"500,001-1,000,000",Halopesa,4,0.28,0.76,0.85,0.5,Apple,USA,Premium,New,1892201,8.9,Physical Store,Mobile Money,0,1,0.0,0.756,0.9,0.841,1.0,1.0,0.528,0.56,1
CUST_01773,29,Female,Tanga,Christian,Others,Primary,"500,001-1,000,000",Tigo Pesa,2,0.14,0.47,0.7,0.5,Itel,China,Budget,New,207345,6.5,Physical Store,Card,0,2,0.35,0.455,1.0,0.904,1.0,1.0,0.555,0.75,1
CUST_00590,29,Male,Dar es Salaam,Christian,Others,Secondary,"200,000-500,000",Halopesa,2,0.08,0.88,0.62,0.0,Nokia,Finland,Mid-Range,New,503957,7.8,Online,Mobile Money,0,1,0.0,0.484,1.0,0.831,1.0,1.0,0.68,0.77,1
CUST_03482,32,Female,Dar es Salaam,Christian,Others,Primary,"200,000-500,000",Airtel Money,3,0.21,0.75,0.65,0.0,Apple,USA,Premium,New,1657093,9.0,Physical Store,Card,0,1,0.0,0.585,1.0,1.156,1.0,1.0,0.591,0.61,1
CUST_03343,25,Male,Dar es Salaam,Christian,Chagga,Secondary,"<200,000",M-Pesa,4,0.14,0.95,0.87,0.3,Infinix,China,Mid-Range,New,294941,7.3,Physical Store,Cash,0,1,0.3,0.635,1.0,0.593,1.0,1.0,0.732,0.78,1
CUST_03400,23,Female,Dodoma,Christian,Sukuma,Secondary,"500,001-1,000,000",Airtel Money,3,0.28,0.76,0.45,0.5,Tecno,China,Mid-Range,New,377897,7.1,Physical Store,Mobile Money,0,1,0.282,0.32,1.0,0.76,1.0,1.0,0.384,0.75,0
CUST_04800,32,Female,Tanga,Christian,Haya,Diploma,"200,000-500,000",Tigo Pesa,4,0.17,0.95,0.46,0.3,Huawei,China,Premium,New,1106640,9.5,Physical Store,Cash,0,2,0.124,0.437,1.0,0.585,1.0,1.0,0.641,0.75,1
CUST_03513,19,Female,Zanzibar,Christian,Gogo,Primary,"500,001-1,000,000",Halopesa,4,0.19,0.72,0.68,0.3,Samsung,South Korea,Premium,New,1266943,9.9,Online,Mobile Money,1,2,0.24,0.673,1.0,0.939,1.0,1.0,0.564,0.74,1
CUST_01902,30,Female,Arusha,Christian,Others,Primary,"500,001-1,000,000",Halopesa,5,0.28,0.45,0.59,0.0,Tecno,China,Mid-Range,New,334709,6.9,Physical Store,Cash,1,12,0.623,0.407,1.0,0.839,1.0,1.0,0.809,0.75,1
CUST_01277,25,Male,Mbeya,Christian,Makonde,Secondary,"<200,000",None,4,0.17,0.98,0.68,0.0,Infinix,China,Mid-Range,Used,396376,6.0,Physical Store,Cash,1,2,0.029,0.408,1.0,0.864,0.6,1.0,0.618,0.68,1
CUST_01688,44,Male,Arusha,Muslim,Gogo,Secondary,"200,000-500,000",Tigo Pesa,5,0.57,0.92,0.43,0.5,Nokia,Finland,Mid-Range,New,290679,6.5,Physical Store,Card,0,12,0.331,0.28,0.9,0.89,1.0,1.0,0.683,0.73,0
CUST_01975,23,Female,Zanzibar,Muslim,Others,Primary,">2,000,000",M-Pesa,4,0.1,0.14,0.65,1.0,Samsung,South Korea,Premium,New,950790,9.6,Physical Store,Cash,1,10,0.889,0.624,0.9,0.766,1.0,0.8,0.784,0.79,1
CUST_00377,31,Female,Mwanza,Christian,Sukuma,Primary,"500,001-1,000,000",M-Pesa,2,0.65,0.66,0.79,0.3,Itel,China,Budget,New,113429,4.9,Online,Mobile Money,0,1,0.501,0.387,1.0,0.763,1.0,1.0,0.557,0.67,1
CUST_01390,29,Male,Dar es Salaam,Christian,Nyamwezi,Diploma,"200,000-500,000",Tigo Pesa,4,0.52,0.79,0.35,0.3,Huawei,China,Premium,New,2195014,8.6,Physical Store,Cash,0,2,0.0,0.301,1.0,0.602,1.0,1.0,0.393,0.48,1
CUST_03859,34,Male,Dar es Salaam,Christian,Others,Secondary,"200,000-500,000",M-Pesa,2,0.4,0.87,0.76,0.3,Samsung,South Korea,Premium,New,1249991,10.0,Physical Store,Cash,0,2,0.094,0.76,1.0,0.834,1.0,1.0,0.605,0.75,1
CUST_02068,22,Male,Mwanza,Christian,Others,Primary,"<200,000",Halopesa,5,0.2,0.98,0.66,0.0,Tecno,China,Mid-Range,Used,413785,6.4,Mobile,Mobile Money,1,12,0.0,0.422,1.0,0.733,0.6,1.0,0.644,0.7,1
CUST_02037,29,Male,Dodoma,Christian,Nyamwezi,Secondary,"200,000-500,000",Airtel Money,1,0.39,0.83,0.51,0.0,Infinix,China,Mid-Range,Used,275412,5.8,Physical Store,Mobile Money,0,2,0.429,0.296,1.0,0.649,0.6,1.0,0.458,0.69,1
CUST_01774,30,Male,Zanzibar,Christian,Others,Secondary,"200,000-500,000",Airtel Money,5,0.15,0.83,0.86,0.3,Samsung,South Korea,Premium,New,2025299,8.5,Physical Store,Cash,0,2,0.0,0.731,1.0,0.985,1.0,1.0,0.67,0.5,1
CUST_02887,15,Male,Mwanza,Christian,Others,Bachelor,"1,000,001-2,000,000",M-Pesa,4,0.26,0.44,0.82,0.0,Tecno,China,Mid-Range,New,299523,7.0,Physical Store,Mobile Money,1,2,0.671,0.574,1.0,0.838,1.0,1.0,0.64,0.76,0
CUST_02873,31,Female,Arusha,Muslim,Others,Primary,"200,000-500,000",Tigo Pesa,3,0.53,0.74,0.38,0.3,Tecno,China,Mid-Range,New,340763,6.4,Physical Store,Cash,0,2,0.37,0.243,0.9,0.509,1.0,1.0,0.589,0.72,1
CUST_02551,26,Male,Dar es Salaam,Christian,Sukuma,Secondary,"<200,000",Tigo Pesa,2,0.21,0.76,0.79,0.5,Apple,USA,Premium,New,876830,8.3,Physical Store,Mobile Money,0,1,0.445,0.656,1.0,0.656,1.0,1.0,0.683,0.72,1
CUST_01322,38,Female,Zanzibar,Christian,Makonde,Secondary,"200,000-500,000",M-Pesa,5,0.58,0.99,0.87,0.7,Itel,China,Budget,New,202582,4.4,Physical Store,Cash,0,2,0.0,0.383,1.0,0.607,1.0,1.0,0.489,0.62,1
CUST_03017,39,Female,Dar es Salaam,Muslim,Others,Diploma,"200,000-500,000",Airtel Money,1,0.47,0.87,0.51,0.3,Infinix,China,Mid-Range,New,306467,6.9,Online,Cash,0,2,0.333,0.352,0.9,0.961,1.0,1.0,0.569,0.75,1
CUST_00772,31,Male,Dar es Salaam,Muslim,Haya,Secondary,">2,000,000",None,2,0.46,0.17,0.88,0.5,Oppo,China,Mid-Range,New,573517,6.6,Physical Store,Mobile Money,1,2,0.756,0.581,0.9,0.836,1.0,1.0,0.775,0.68,1
CUST_04216,24,Female,Zanzibar,Christian,Others,Primary,">2,000,000",Tigo Pesa,4,0.45,0.22,0.82,0.5,Infinix,China,Mid-Range,New,345190,7.3,Physical Store,Cash,0,1,0.81,0.599,1.0,0.686,1.0,1.0,0.703,0.77,1
CUST_02083,48,Male,Mwanza,Christian,Others,Primary,"500,001-1,000,000",Airtel Money,3,0.31,0.47,0.71,1.0,Tecno,China,Mid-Range,New,525188,6.1,Physical Store,Cash,1,2,0.383,0.433,1.0,0.863,1.0,0.8,0.526,0.66,1
CUST_03010,35,Male,Mbeya,Other,Nyamwezi,Primary,"500,001-1,000,000",Tigo Pesa,3,0.14,0.45,0.38,0.3,Nokia,Finland,Mid-Range,New,370062,6.7,Physical Store,Mobile Money,0,2,0.584,0.255,1.0,0.973,1.0,1.0,0.596,0.73,0
CUST_04926,18,Male,Dar es Salaam,Other,Haya,Secondary,"<200,000",M-Pesa,2,0.56,0.84,0.41,0.3,Samsung,South Korea,Premium,New,876816,9.3,Physical Store,Mobile Money,1,2,0.386,0.381,1.0,0.761,1.0,1.0,0.669,0.78,1
CUST_02494,34,Female,Morogoro,Muslim,Others,Primary,"500,001-1,000,000",Tigo Pesa,2,0.32,0.6,0.87,0.5,Huawei,China,Premium,New,1226576,8.2,Mobile,Cash,0,1,0.387,0.713,0.9,0.777,1.0,1.0,0.492,0.65,1
CUST_02527,23,Female,Arusha,Christian,Others,Secondary,">2,000,000",M-Pesa,3,0.4,0.23,0.67,0.5,Tecno,China,Mid-Range,New,523405,7.5,Physical Store,Mobile Money,0,2,0.699,0.503,1.0,0.654,1.0,1.0,0.681,0.75,1
CUST_00864,27,Male,Dar es Salaam,Christian,Makonde,Diploma,"200,000-500,000",None,2,0.16,0.95,0.63,0.3,Huawei,China,Premium,New,864197,8.6,Physical Store,Mobile Money,0,2,0.316,0.542,1.0,0.871,1.0,1.0,0.688,0.74,1
CUST_02259,29,Male,Dar es Salaam,Muslim,Chagga,Secondary,"<200,000",M-Pesa,3,0.61,0.91,0.56,0.7,Xiaomi,China,Mid-Range,New,318714,6.4,Online,Mobile Money,0,1,0.275,0.358,0.9,0.892,1.0,1.0,0.516,0.72,1
CUST_01768,32,Female,Dar es Salaam,Christian,Haya,Primary,"<200,000",M-Pesa,3,0.15,0.79,0.86,0.3,Vivo,China,Mid-Range,New,381498,6.4,Online,Cash,0,1,0.247,0.55,1.0,0.658,1.0,1.0,0.518,0.71,0
CUST_03502,16,Male,Mwanza,Christian,Sukuma,Secondary,"1,000,001-2,000,000",M-Pesa,4,0.42,0.43,0.47,0.3,Infinix,China,Mid-Range,New,284095,7.4,Physical Store,Cash,1,2,0.695,0.348,1.0,0.999,1.0,1.0,0.724,0.79,1
CUST_02116,23,Female,Arusha,Christian,Sukuma,Primary,"200,000-500,000",Tigo Pesa,4,0.03,0.96,0.76,1.0,Tecno,China,Mid-Range,New,496736,6.1,Physical Store,Mobile Money,0,1,0.0,0.464,1.0,0.674,1.0,0.8,0.354,0.67,1
CUST_02158,33,Female,Dar es Salaam,Christian,Chagga,Primary,"200,000-500,000",M-Pesa,5,0.52,0.77,0.61,0.5,Tecno,China,Mid-Range,New,523621,6.4,Physical Store,Mobile Money,0,2,0.0,0.39,1.0,0.949,1.0,1.0,0.488,0.68,1
CUST_01064,15,Male,Mwanza,Christian,Gogo,Diploma,"200,000-500,000",M-Pesa,3,0.62,0.72,0.88,0.3,Itel,China,Budget,New,174626,6.2,Physical Store,Mobile Money,0,2,0.162,0.546,1.0,0.631,1.0,1.0,0.676,0.74,1
CUST_00056,15,Male,Zanzibar,Christian,Sukuma,No formal,"1,000,001-2,000,000",M-Pesa,3,0.15,0.18,0.31,0.0,Nokia,Finland,Mid-Range,New,407368,6.8,Physical Store,Mobile Money,0,1,0.817,0.211,1.0,0.796,1.0,1.0,0.778,0.73,1
CUST_00309,35,Female,Morogoro,Muslim,Haya,Primary,"200,000-500,000",Airtel Money,4,0.29,0.78,0.48,1.0,Samsung,South Korea,Premium,New,1285063,9.2,Online,Cash,1,2,0.165,0.442,0.9,0.742,1.0,0.8,0.453,0.69,0
CUST_02306,18,Female,Arusha,Muslim,Others,Secondary,"500,001-1,000,000",M-Pesa,2,0.51,0.74,0.88,0.0,Infinix,China,Mid-Range,New,318608,7.8,Physical Store,Mobile Money,0,12,0.411,0.686,0.9,0.553,1.0,1.0,0.527,0.8,1
CUST_02578,20,Female,Dar es Salaam,Christian,Chagga,Secondary,"500,001-1,000,000",Tigo Pesa,5,0.16,0.79,0.53,0.3,Samsung,South Korea,Premium,New,2241761,9.2,Physical Store,Mobile Money,0,2,0.0,0.488,1.0,0.685,1.0,1.0,0.418,0.5,1
CUST_00006,38,Male,Zanzibar,Muslim,Makonde,Secondary,"500,001-1,000,000",Tigo Pesa,4,0.79,0.44,0.32,0.5,Tecno,China,Mid-Range,New,410860,7.3,Physical Store,Mobile Money,0,1,0.548,0.234,0.9,0.981,1.0,1.0,0.557,0.76,1
CUST_00352,16,Male,Dar es Salaam,Other,Others,Secondary,"<200,000",None,2,0.07,0.9,0.67,0.7,Apple,USA,Premium,New,1590254,8.1,Physical Store,Cash,1,2,0.0,0.543,1.0,0.661,1.0,1.0,0.449,0.57,1
CUST_02654,44,Male,Mbeya,Christian,Others,Secondary,"200,000-500,000",Airtel Money,4,0.49,0.98,0.4,0.3,Infinix,China,Mid-Range,New,409320,6.2,Physical Store,Mobile Money,0,1,0.0,0.248,1.0,0.974,1.0,1.0,0.571,0.69,1
CUST_00803,25,Female,Tanga,Christian,Makonde,Secondary,"200,000-500,000",Halopesa,2,0.21,0.94,0.54,0.0,Huawei,China,Premium,New,2020561,9.2,Physical Store,Cash,0,2,0.0,0.497,1.0,0.822,1.0,1.0,0.501,0.55,0
CUST_00679,41,Female,Dar es Salaam,Muslim,Others,Secondary,"1,000,001-2,000,000",Halopesa,4,0.41,0.29,0.8,0.7,Nokia,Finland,Mid-Range,Used,148378,5.3,Online,Cash,0,2,0.892,0.424,0.9,0.664,0.6,1.0,0.68,0.69,1
CUST_04809,22,Male,Tanga,Christian,Others,Primary,"500,001-1,000,000",M-Pesa,4,0.46,0.53,0.85,0.3,Samsung,South Korea,Premium,New,2011107,9.7,Physical Store,Cash,0,12,0.112,0.824,1.0,0.844,1.0,1.0,0.871,0.58,1
CUST_00798,30,Male,Dar es Salaam,Christian,Others,No formal,">2,000,000",M-Pesa,5,0.3,0.33,0.62,0.7,Infinix,China,Mid-Range,New,509598,6.5,Physical Store,Card,0,11,0.58,0.403,1.0,0.898,1.0,1.0,0.738,0.69,1
CUST_01890,32,Male,Dar es Salaam,Muslim,Makonde,No formal,"1,000,001-2,000,000",Airtel Money,2,0.44,0.46,0.69,0.0,Huawei,China,Premium,New,1020088,8.4,Mobile,Mobile Money,0,1,0.609,0.58,0.9,0.545,1.0,1.0,0.615,0.7,0
CUST_04754,27,Female,Tanga,Muslim,Sukuma,Secondary,"500,001-1,000,000",M-Pesa,1,0.07,0.79,0.44,0.3,Tecno,China,Mid-Range,New,255205,7.0,Online,Mobile Money,0,2,0.496,0.308,0.9,0.724,1.0,1.0,0.646,0.77,1
CUST_04814,26,Female,Mwanza,Christian,Others,Primary,"1,000,001-2,000,000",M-Pesa,4,0.43,0.46,0.57,0.5,Samsung,South Korea,Premium,New,1628113,8.8,Physical Store,Card,0,1,0.376,0.502,1.0,0.739,1.0,1.0,0.72,0.6,1
CUST_01346,23,Male,Mbeya,Christian,Others,Primary,"<200,000",Tigo Pesa,2,0.35,0.87,0.4,0.0,Huawei,China,Premium,New,1720436,8.3,Physical Store,Cash,0,1,0.0,0.332,1.0,0.545,1.0,1.0,0.389,0.55,1
CUST_03393,18,Female,Mwanza,Christian,Sukuma,Primary,"<200,000",Tigo Pesa,1,0.1,0.84,0.36,0.3,Huawei,China,Premium,New,1386417,9.9,Physical Store,Mobile Money,1,2,0.03,0.356,1.0,0.96,1.0,1.0,0.349,0.72,0
CUST_00927,45,Female,Arusha,Christian,Others,Primary,"200,000-500,000",Airtel Money,4,0.12,0.96,0.83,0.0,Infinix,China,Mid-Range,New,535186,6.8,Physical Store,Cash,0,1,0.0,0.564,1.0,0.65,1.0,1.0,0.453,0.7,1
CUST_03541,18,Female,Dar es Salaam,Christian,Others,Bachelor,"200,000-500,000",Tigo Pesa,1,0.43,0.91,0.75,0.5,Itel,China,Budget,New,86160,4.4,Online,Mobile Money,0,1,0.477,0.33,1.0,0.762,1.0,1.0,0.598,0.65,1
CUST_01506,42,Male,Dar es Salaam,Christian,Others,Primary,"1,000,001-2,000,000",Tigo Pesa,5,0.07,0.26,0.32,0.3,Apple,USA,Premium,New,1665055,9.5,Physical Store,Card,1,12,0.639,0.304,1.0,0.707,1.0,1.0,0.608,0.64,1
CUST_04626,20,Male,Dar es Salaam,Christian,Haya,Primary,"500,001-1,000,000",M-Pesa,2,0.29,0.55,0.66,0.5,Oppo,China,Mid-Range,New,598506,6.4,Physical Store,Cash,0,2,0.177,0.422,1.0,0.931,1.0,1.0,0.564,0.66,0
CUST_00742,32,Male,Morogoro,Muslim,Others,Diploma,"200,000-500,000",None,2,0.47,1.0,0.56,0.5,Infinix,China,Mid-Range,New,531483,7.1,Physical Store,Mobile Money,0,2,0.0,0.398,0.9,0.922,1.0,1.0,0.544,0.72,0
CUST_03423,27,Male,Dar es Salaam,Christian,Chagga,Primary,"500,001-1,000,000",M-Pesa,3,0.51,0.57,0.61,0.5,Itel,China,Budget,New,144336,6.4,Physical Store,Card,0,2,0.452,0.39,1.0,0.946,1.0,1.0,0.562,0.76,1
CUST_04083,37,Female,Tanga,Muslim,Sukuma,Primary,"200,000-500,000",M-Pesa,2,0.47,0.96,0.9,0.3,Apple,USA,Premium,Used,1903943,7.6,Online,Mobile Money,0,2,0.0,0.684,0.9,1.157,0.6,1.0,0.666,0.48,1
CUST_03603,16,Female,Dodoma,Muslim,Others,Diploma,"1,000,001-2,000,000",Tigo Pesa,2,0.22,0.16,0.3,1.0,Itel,China,Budget,New,85801,6.3,Physical Store,Cash,0,2,0.908,0.189,0.9,0.895,1.0,0.8,0.604,0.76,1
CUST_03331,20,Male,Dar es Salaam,Muslim,Others,Primary,"500,001-1,000,000",M-Pesa,5,0.31,0.52,0.51,0.0,Tecno,China,Mid-Range,New,425804,6.8,Mobile,Card,0,2,0.446,0.347,0.9,0.638,1.0,1.0,0.615,0.72,1
CUST_04628,32,Male,Tanga,Christian,Nyamwezi,Primary,"200,000-500,000",M-Pesa,2,0.2,0.84,0.38,0.7,Tecno,China,Mid-Range,Used,475247,6.8,Physical Store,Cash,1,2,0.002,0.258,1.0,0.968,0.6,1.0,0.357,0.71,1
CUST_03634,42,Female,Dodoma,Christian,Haya,Primary,"1,000,001-2,000,000",M-Pesa,3,0.59,0.31,0.64,0.3,Tecno,China,Mid-Range,Used,377173,6.8,Online,Mobile Money,0,1,0.708,0.435,1.0,0.798,0.6,1.0,0.722,0.73,1
CUST_03272,32,Male,Morogoro,Christian,Sukuma,Secondary,"200,000-500,000",Airtel Money,2,0.29,0.99,0.35,0.3,Apple,USA,Premium,New,2188918,8.7,Physical Store,Mobile Money,0,2,0.0,0.304,1.0,1.121,1.0,1.0,0.581,0.48,1
CUST_04665,49,Male,Dar es Salaam,Christian,Others,Secondary,"200,000-500,000",Tigo Pesa,4,0.1,0.95,0.39,0.0,Tecno,China,Mid-Range,New,481798,6.6,Physical Store,Mobile Money,1,1,0.0,0.257,1.0,0.877,1.0,1.0,0.371,0.7,1
CUST_03757,16,Male,Dar es Salaam,Christian,Sukuma,Secondary,"200,000-500,000",Halopesa,4,0.55,0.7,0.57,0.5,Infinix,China,Mid-Range,New,314587,7.1,Physical Store,Cash,0,2,0.449,0.405,1.0,0.993,1.0,1.0,0.647,0.76,1
CUST_02464,34,Male,Arusha,Muslim,Sukuma,Primary,"1,000,001-2,000,000",Tigo Pesa,1,0.53,0.36,0.51,0.0,Huawei,China,Premium,New,2083993,8.1,Physical Store,Cash,0,2,0.375,0.413,0.9,0.609,1.0,1.0,0.473,0.47,1
CUST_02529,23,Female,Dar es Salaam,Muslim,Others,Diploma,"<200,000",M-Pesa,5,0.21,0.78,0.71,0.3,Xiaomi,China,Mid-Range,New,325326,7.1,Physical Store,Card,0,2,0.366,0.504,0.9,0.505,1.0,1.0,0.59,0.76,1
CUST_01887,16,Female,Tanga,Christian,Others,Secondary,"500,001-1,000,000",M-Pesa,3,0.11,0.66,0.6,0.5,Apple,USA,Premium,New,1224685,9.2,Online,Mobile Money,1,2,0.326,0.552,1.0,0.617,1.0,1.0,0.409,0.71,1
CUST_03031,20,Male,Tanga,Christian,Nyamwezi,Diploma,"200,000-500,000",Tigo Pesa,2,0.22,0.86,0.35,0.5,Itel,China,Budget,New,105514,6.0,Mobile,Cash,1,1,0.395,0.21,1.0,0.794,1.0,1.0,0.656,0.74,1
CUST_04510,28,Female,Mwanza,Muslim,Sukuma,Secondary,"200,000-500,000",Airtel Money,2,0.46,0.87,0.75,0.5,Infinix,China,Mid-Range,New,360235,6.4,Online,Cash,0,2,0.216,0.48,0.9,0.842,1.0,1.0,0.603,0.71,1
CUST_02180,18,Male,Morogoro,Christian,Haya,Diploma,"200,000-500,000",M-Pesa,2,0.12,0.82,0.41,0.0,Apple,USA,Premium,New,915300,8.7,Physical Store,Cash,0,2,0.375,0.357,1.0,0.657,1.0,1.0,0.66,0.74,0
CUST_02219,26,Male,Morogoro,Muslim,Haya,Bachelor,">2,000,000",Tigo Pesa,2,0.11,0.28,0.84,0.0,Huawei,China,Premium,New,1629866,9.5,Physical Store,Cash,1,2,0.62,0.798,0.9,0.707,1.0,1.0,0.659,0.64,1
CUST_01354,22,Female,Arusha,Muslim,Others,Secondary,"<200,000",M-Pesa,3,0.12,0.95,0.38,0.3,Huawei,China,Premium,New,639191,9.6,Physical Store,Cash,1,2,0.494,0.365,0.9,0.726,1.0,1.0,0.687,0.85,1
CUST_02100,15,Male,Mwanza,Christian,Others,Diploma,"<200,000",Tigo Pesa,4,0.4,0.85,0.85,0.5,Samsung,South Korea,Premium,New,2454081,8.4,Physical Store,Cash,0,1,0.0,0.714,1.0,0.797,1.0,1.0,0.508,0.41,1
CUST_03762,15,Male,Mwanza,Christian,Others,Secondary,"200,000-500,000",None,2,0.03,0.91,0.42,0.3,Nokia,Finland,Mid-Range,New,592640,6.9,Online,Cash,0,1,0.0,0.29,1.0,0.652,1.0,1.0,0.318,0.7,1
CUST_01628,34,Female,Dar es Salaam,Muslim,Gogo,No formal,"<200,000",M-Pesa,4,0.07,0.86,0.67,0.5,Huawei,China,Premium,New,2142696,9.8,Physical Store,Card,1,2,0.0,0.657,0.9,0.929,1.0,1.0,0.628,0.56,1
CUST_04057,51,Male,Morogoro,Muslim,Others,No formal,"200,000-500,000",Tigo Pesa,4,0.17,0.94,0.32,0.5,Itel,China,Budget,New,100850,5.8,Physical Store,Mobile Money,0,1,0.368,0.186,0.9,0.623,1.0,1.0,0.484,0.73,0
CUST_04004,27,Male,Mwanza,Christian,Others,Primary,"200,000-500,000",Tigo Pesa,4,0.1,0.74,0.49,0.3,Tecno,China,Mid-Range,New,320441,6.3,Physical Store,Mobile Money,0,2,0.407,0.309,1.0,0.75,1.0,1.0,0.587,0.71,0
CUST_03867,19,Female,Tanga,Muslim,Haya,Secondary,"500,001-1,000,000",M-Pesa,5,0.26,0.66,0.44,0.5,Samsung,South Korea,Premium,New,1953433,8.5,Online,Cash,0,2,0.0,0.374,0.9,1.089,1.0,1.0,0.516,0.52,1
CUST_04386,30,Male,Arusha,Muslim,Sukuma,Primary,">2,000,000",Tigo Pesa,4,0.06,0.47,0.43,1.0,Xiaomi,China,Mid-Range,Used,289134,5.6,Online,Mobile Money,1,1,0.66,0.241,0.9,0.531,0.6,0.8,0.519,0.68,1
CUST_01569,30,Male,Tanga,Muslim,Haya,Secondary,"1,000,001-2,000,000",Tigo Pesa,4,0.4,0.34,0.47,1.0,Samsung,South Korea,Premium,New,1420602,8.4,Physical Store,Card,1,1,0.597,0.395,0.9,0.809,1.0,0.8,0.771,0.62,1
CUST_03962,18,Male,Dar es Salaam,Christian,Sukuma,Secondary,"200,000-500,000",Tigo Pesa,3,0.24,0.93,0.38,0.7,Tecno,China,Mid-Range,Used,281474,6.7,Physical Store,Card,0,2,0.346,0.255,1.0,0.902,0.6,1.0,0.505,0.75,1
CUST_04528,15,Female,Mbeya,Christian,Others,Primary,"200,000-500,000",M-Pesa,4,0.18,0.94,0.67,0.5,Samsung,South Korea,Premium,New,1357845,8.2,Mobile,Mobile Money,0,1,0.0,0.549,1.0,0.694,1.0,1.0,0.486,0.62,1
CUST_03964,15,Male,Tanga,Muslim,Others,Primary,"200,000-500,000",M-Pesa,4,0.28,1.0,0.68,0.3,Infinix,China,Mid-Range,New,400273,7.5,Online,Mobile Money,0,2,0.0,0.51,0.9,0.754,1.0,1.0,0.499,0.77,1
CUST_04430,25,Female,Dar es Salaam,Christian,Sukuma,Diploma,"500,001-1,000,000",M-Pesa,2,0.31,0.56,0.69,0.3,Tecno,China,Mid-Range,New,277676,6.5,Online,Cash,0,1,0.611,0.448,1.0,0.675,1.0,1.0,0.894,0.73,1
CUST_04907,34,Female,Zanzibar,Muslim,Others,Bachelor,"<200,000",M-Pesa,2,0.32,0.9,0.55,0.0,Tecno,China,Mid-Range,Used,345680,6.4,Physical Store,Mobile Money,1,2,0.222,0.352,0.9,0.834,0.6,1.0,0.523,0.71,1
CUST_03717,21,Female,Dar es Salaam,Muslim,Others,Secondary,"500,001-1,000,000",Airtel Money,3,0.23,0.74,0.36,1.0,Huawei,China,Premium,New,1782225,10.0,Physical Store,Cash,0,1,0.0,0.36,0.9,0.833,1.0,0.8,0.513,0.64,1
CUST_01356,41,Female,Dar es Salaam,Muslim,Chagga,Primary,"500,001-1,000,000",M-Pesa,1,0.13,0.79,0.44,0.7,Infinix,China,Mid-Range,New,411685,6.9,Online,Card,0,2,0.187,0.304,0.9,0.826,1.0,1.0,0.418,0.73,1
CUST_02680,15,Male,Dar es Salaam,Muslim,Others,Diploma,"500,001-1,000,000",M-Pesa,4,0.27,0.44,0.61,0.5,Samsung,South Korea,Premium,New,1318370,8.6,Mobile,Mobile Money,0,2,0.517,0.525,0.9,0.628,1.0,1.0,0.68,0.65,1
CUST_02177,30,Male,Dar es Salaam,Christian,Others,Secondary,"<200,000",M-Pesa,3,0.08,0.78,0.6,0.7,Infinix,China,Mid-Range,New,275775,7.4,Physical Store,Mobile Money,0,12,0.462,0.444,1.0,0.798,1.0,1.0,0.5,0.79,1
CUST_04370,15,Male,Mwanza,Christian,Others,Primary,"200,000-500,000",M-Pesa,3,0.3,0.85,0.33,0.0,Xiaomi,China,Mid-Range,New,498771,7.2,Physical Store,Cash,0,1,0.0,0.238,1.0,0.768,1.0,1.0,0.514,0.73,1
CUST_00951,25,Female,Tanga,Christian,Nyamwezi,Primary,"500,001-1,000,000",Tigo Pesa,3,0.21,0.76,0.32,0.7,Itel,China,Budget,New,174552,5.2,Physical Store,Card,0,1,0.116,0.166,1.0,0.745,1.0,1.0,0.469,0.68,1
CUST_01165,41,Female,Tanga,Christian,Others,Secondary,"<200,000",M-Pesa,5,0.04,0.76,0.56,0.5,Infinix,China,Mid-Range,New,423909,7.7,Physical Store,Mobile Money,0,11,0.195,0.431,1.0,0.758,1.0,1.0,0.422,0.78,1
CUST_04320,39,Male,Dar es Salaam,Christian,Sukuma,Primary,"500,001-1,000,000",Halopesa,2,0.22,0.8,0.61,0.3,Itel,China,Budget,Used,127208,5.9,Physical Store,Cash,1,1,0.322,0.36,1.0,0.547,0.6,1.0,0.558,0.73,0
CUST_01475,25,Female,Dar es Salaam,Other,Others,Secondary,"<200,000",Tigo Pesa,2,0.72,0.71,0.78,0.5,Oppo,China,Mid-Range,New,355131,7.9,Online,Cash,0,2,0.37,0.616,1.0,0.661,1.0,1.0,0.752,0.8,1
CUST_01327,17,Female,Mbeya,Muslim,Sukuma,Secondary,">2,000,000",M-Pesa,5,0.23,0.48,0.69,0.0,Tecno,China,Mid-Range,New,400949,7.9,Online,Cash,0,2,0.519,0.545,0.9,0.557,1.0,1.0,0.72,0.79,1
CUST_03924,18,Male,Zanzibar,Christian,Others,Primary,"200,000-500,000",Halopesa,3,0.35,0.98,0.51,0.3,Huawei,China,Premium,New,822626,9.8,Physical Store,Mobile Money,0,2,0.328,0.5,1.0,0.981,1.0,1.0,0.611,0.82,0
CUST_04679,39,Female,Mwanza,Muslim,Others,Primary,"500,001-1,000,000",Tigo Pesa,3,0.14,0.53,0.56,0.5,Huawei,China,Premium,New,2023203,9.4,Physical Store,Cash,0,1,0.106,0.526,0.9,0.623,1.0,1.0,0.463,0.56,0
CUST_04682,43,Female,Dar es Salaam,Muslim,Others,Primary,"1,000,001-2,000,000",Airtel Money,5,0.22,0.13,0.35,0.3,Vivo,China,Mid-Range,New,337606,7.3,Physical Store,Mobile Money,0,2,0.89,0.256,0.9,0.512,1.0,1.0,0.699,0.77,1
CUST_00854,31,Male,Mbeya,Muslim,Others,Bachelor,"200,000-500,000",Airtel Money,1,0.22,0.86,0.35,1.0,Nokia,Finland,Mid-Range,New,361980,6.5,Online,Cash,0,2,0.222,0.227,0.9,0.769,1.0,0.8,0.275,0.72,1
CUST_00718,38,Female,Zanzibar,Christian,Chagga,Diploma,"200,000-500,000",Airtel Money,4,0.35,0.92,0.46,0.7,Nokia,Finland,Mid-Range,New,518269,6.3,Mobile,Cash,0,2,0.0,0.29,1.0,0.738,1.0,1.0,0.308,0.67,1
CUST_02161,27,Male,Dar es Salaam,Christian,Sukuma,Diploma,"500,001-1,000,000",Tigo Pesa,3,0.11,0.43,0.73,0.5,Nokia,Finland,Mid-Range,New,323194,7.6,Physical Store,Mobile Money,0,2,0.653,0.555,1.0,0.724,1.0,1.0,0.792,0.79,0
CUST_01527,23,Male,Arusha,Christian,Others,Primary,"<200,000",Halopesa,2,0.36,0.82,0.69,0.3,Samsung,South Korea,Premium,New,1821078,8.8,Physical Store,Mobile Money,1,2,0.0,0.607,1.0,0.971,1.0,1.0,0.488,0.56,1
CUST_04219,62,Female,Dodoma,Christian,Others,Diploma,"500,001-1,000,000",Halopesa,2,0.43,0.72,0.47,1.0,Huawei,China,Premium,New,1131197,9.3,Online,Mobile Money,0,2,0.321,0.437,1.0,0.605,1.0,0.8,0.759,0.73,1
CUST_01057,15,Male,Dar es Salaam,Christian,Haya,No formal,"200,000-500,000",Tigo Pesa,2,0.25,0.96,0.31,1.0,Itel,China,Budget,New,94294,5.6,Physical Store,Mobile Money,0,1,0.397,0.174,1.0,0.723,1.0,0.8,0.592,0.72,1
CUST_01017,21,Male,Tanga,Muslim,Others,Secondary,"200,000-500,000",None,4,0.06,0.91,0.48,0.5,Huawei,China,Premium,New,1677295,9.1,Physical Store,Mobile Money,0,2,0.0,0.437,0.9,0.624,1.0,1.0,0.491,0.61,0
CUST_01466,15,Male,Mwanza,Christian,Others,No formal,"500,001-1,000,000",Airtel Money,4,0.34,0.63,0.48,0.3,Huawei,China,Premium,New,1430896,9.9,Mobile,Cash,0,1,0.249,0.475,1.0,0.861,1.0,1.0,0.574,0.71,1
CUST_02568,19,Female,Mwanza,Christian,Others,No formal,"500,001-1,000,000",Tigo Pesa,3,0.35,0.44,0.62,0.5,Samsung,South Korea,Premium,New,1884334,9.6,Physical Store,Mobile Money,0,2,0.309,0.595,1.0,1.02,1.0,1.0,0.69,0.6,1
CUST_03564,23,Female,Mwanza,Muslim,Sukuma,Bachelor,"<200,000",Tigo Pesa,3,0.37,0.87,0.31,0.5,Huawei,China,Premium,Used,1207173,8.4,Online,Card,0,2,0.125,0.26,0.9,0.561,0.6,1.0,0.357,0.66,1
CUST_03360,40,Female,Tanga,Christian,Sukuma,Diploma,"1,000,001-2,000,000",Airtel Money,4,0.14,0.24,0.64,0.3,Itel,China,Budget,New,137180,4.9,Mobile,Mobile Money,1,2,0.781,0.314,1.0,0.518,1.0,1.0,0.654,0.67,1
CUST_00382,35,Male,Arusha,Muslim,Gogo,Primary,"200,000-500,000",Halopesa,4,0.31,0.78,0.56,0.0,Infinix,China,Mid-Range,Used,460538,5.1,Online,Cash,0,1,0.102,0.286,0.9,0.987,0.6,1.0,0.565,0.61,1
CUST_03396,35,Female,Dar es Salaam,Christian,Others,No formal,"500,001-1,000,000",M-Pesa,1,0.28,0.64,0.43,0.5,Apple,USA,Premium,New,1185746,8.5,Physical Store,Cash,0,2,0.368,0.366,1.0,1.169,1.0,1.0,0.604,0.67,1
CUST_00185,26,Female,Mwanza,Muslim,Sukuma,Secondary,"500,001-1,000,000",M-Pesa,4,0.27,0.49,0.46,0.3,Infinix,China,Mid-Range,New,336584,8.0,Physical Store,Cash,0,1,0.588,0.368,0.9,0.902,1.0,1.0,0.678,0.81,1
CUST_00631,30,Female,Morogoro,Christian,Nyamwezi,Diploma,"500,001-1,000,000",Halopesa,3,0.15,0.6,0.86,0.7,Nokia,Finland,Mid-Range,New,324888,7.2,Physical Store,Cash,0,1,0.513,0.619,1.0,0.945,1.0,1.0,0.588,0.77,1
CUST_02944,43,Male,Tanga,Muslim,Makonde,Primary,"200,000-500,000",M-Pesa,2,0.63,0.75,0.77,0.7,Infinix,China,Mid-Range,New,477636,8.0,Physical Store,Cash,0,2,0.104,0.616,0.9,0.922,1.0,1.0,0.665,0.78,0
CUST_02803,30,Male,Arusha,Christian,Nyamwezi,Secondary,"1,000,001-2,000,000",M-Pesa,2,0.15,0.28,0.36,1.0,Infinix,China,Mid-Range,New,525259,6.9,Physical Store,Card,0,2,0.632,0.248,1.0,0.805,1.0,0.8,0.733,0.71,1
CUST_01194,24,Female,Zanzibar,Muslim,Haya,Secondary,"500,001-1,000,000",None,1,0.07,0.75,0.31,0.3,Tecno,China,Mid-Range,New,461958,7.7,Physical Store,Mobile Money,1,2,0.134,0.239,0.9,0.932,1.0,1.0,0.4,0.77,1
CUST_00725,21,Male,Zanzibar,Christian,Others,No formal,"<200,000",M-Pesa,3,0.59,0.87,0.46,0.5,Apple,USA,Premium,New,2169198,9.1,Mobile,Card,0,2,0.0,0.419,1.0,0.912,1.0,1.0,0.497,0.51,1
CUST_00132,23,Female,Dodoma,Muslim,Chagga,Diploma,"500,001-1,000,000",M-Pesa,5,0.29,0.75,0.37,0.5,Infinix,China,Mid-Range,New,365718,7.0,Physical Store,Mobile Money,1,2,0.314,0.259,0.9,0.527,1.0,1.0,0.486,0.75,0
CUST_01841,20,Male,Arusha,Christian,Others,Secondary,"<200,000",Tigo Pesa,3,0.21,1.0,0.36,0.7,Infinix,China,Mid-Range,New,325446,7.0,Physical Store,Card,0,1,0.186,0.252,1.0,0.658,1.0,1.0,0.521,0.75,1
CUST_04735,32,Male,Morogoro,Other,Others,Primary,"200,000-500,000",M-Pesa,3,0.34,0.75,0.87,0.5,Nokia,Finland,Mid-Range,New,352483,7.5,Physical Store,Cash,0,1,0.339,0.652,1.0,0.948,1.0,1.0,0.605,0.78,1
CUST_02715,25,Female,Mbeya,Christian,Others,Primary,"500,001-1,000,000",M-Pesa,1,0.41,0.46,0.57,0.3,Apple,USA,Premium,New,1223529,9.5,Online,Cash,0,2,0.531,0.542,1.0,1.086,1.0,1.0,0.807,0.73,1
CUST_01996,15,Male,Dodoma,Christian,Others,Bachelor,"200,000-500,000",Tigo Pesa,4,0.18,0.8,0.69,0.7,Apple,USA,Premium,New,1392379,8.1,Physical Store,Cash,1,2,0.072,0.559,1.0,0.931,1.0,1.0,0.56,0.61,1
CUST_02996,33,Female,Tanga,Christian,Others,Secondary,"<200,000",Tigo Pesa,4,0.45,0.82,0.32,0.3,Xiaomi,China,Mid-Range,New,445714,7.7,Physical Store,Cash,1,11,0.086,0.246,1.0,0.716,1.0,1.0,0.377,0.77,1
CUST_01283,17,Male,Dar es Salaam,Muslim,Sukuma,Secondary,"500,001-1,000,000",Airtel Money,3,0.23,0.68,0.79,0.5,Tecno,China,Mid-Range,New,278002,7.6,Physical Store,Mobile Money,1,12,0.527,0.6,0.9,0.587,1.0,1.0,0.648,0.8,1
CUST_04189,41,Female,Arusha,Muslim,Others,Master+,"200,000-500,000",Tigo Pesa,4,0.36,0.81,0.32,0.5,Oppo,China,Mid-Range,New,547823,6.6,Physical Store,Cash,0,2,0.0,0.211,0.9,0.518,1.0,1.0,0.412,0.69,1
CUST_03507,39,Female,Mbeya,Muslim,Others,Secondary,"200,000-500,000",M-Pesa,5,0.23,0.83,0.51,0.5,Tecno,China,Mid-Range,New,402468,7.3,Online,Mobile Money,0,2,0.165,0.372,0.9,0.592,1.0,1.0,0.549,0.76,0
CUST_00756,15,Female,Mbeya,Muslim,Others,Secondary,"200,000-500,000",M-Pesa,5,0.23,0.81,0.32,0.0,Nokia,Finland,Mid-Range,New,575408,7.8,Physical Store,Cash,0,1,0.0,0.25,0.9,0.742,1.0,1.0,0.633,0.75,0
CUST_00627,22,Female,Mwanza,Christian,Others,Diploma,"1,000,001-2,000,000",Tigo Pesa,5,0.16,0.26,0.65,0.5,Vivo,China,Mid-Range,New,424990,6.4,Physical Store,Mobile Money,0,2,0.724,0.416,1.0,0.562,1.0,1.0,0.756,0.7,1
CUST_00884,25,Female,Dar es Salaam,Christian,Others,No formal,"<200,000",M-Pesa,3,0.67,0.93,0.52,0.5,Infinix,China,Mid-Range,New,549332,6.9,Physical Store,Mobile Money,0,12,0.0,0.359,1.0,0.543,1.0,1.0,0.47,0.7,1
CUST_03577,37,Male,Mwanza,Christian,Nyamwezi,Secondary,"200,000-500,000",Airtel Money,4,0.39,0.76,0.47,0.0,Samsung,South Korea,Premium,New,1996600,8.4,Online,Mobile Money,0,2,0.0,0.395,1.0,0.768,1.0,1.0,0.517,0.5,1
CUST_03434,37,Female,Tanga,Christian,Sukuma,Primary,"200,000-500,000",Tigo Pesa,5,0.57,0.75,0.87,0.0,Infinix,China,Mid-Range,New,425937,6.8,Physical Store,Mobile Money,0,1,0.201,0.592,1.0,0.991,1.0,1.0,0.623,0.72,1
CUST_02169,15,Male,Mwanza,Christian,Others,Primary,">2,000,000",M-Pesa,3,0.14,0.48,0.41,1.0,Nokia,Finland,Mid-Range,New,355547,6.4,Physical Store,Mobile Money,1,2,0.573,0.262,1.0,1.0,1.0,0.8,0.462,0.71,0
CUST_01782,17,Female,Mwanza,Christian,Haya,Secondary,"1,000,001-2,000,000",M-Pesa,5,0.26,0.33,0.78,0.5,Vivo,China,Mid-Range,Used,470652,5.1,Online,Cash,0,1,0.612,0.398,1.0,0.912,0.6,1.0,0.567,0.61,1
CUST_02166,26,Male,Dar es Salaam,Other,Gogo,Secondary,"<200,000",M-Pesa,4,0.73,0.81,0.6,0.5,Samsung,South Korea,Premium,New,1154746,9.8,Physical Store,Mobile Money,1,1,0.221,0.588,1.0,0.997,1.0,1.0,0.608,0.76,1
CUST_04305,23,Female,Dar es Salaam,Christian,Haya,Secondary,"500,001-1,000,000",M-Pesa,3,0.32,0.57,0.31,0.3,Nokia,Finland,Mid-Range,New,392941,7.0,Physical Store,Card,1,2,0.44,0.217,1.0,0.559,1.0,1.0,0.583,0.74,1
CUST_00220,43,Male,Morogoro,Christian,Sukuma,Primary,"<200,000",None,4,0.23,0.8,0.81,0.7,Itel,China,Budget,Used,181038,5.2,Physical Store,Mobile Money,0,2,0.034,0.421,1.0,0.839,0.6,1.0,0.373,0.68,1
CUST_02661,17,Male,Dar es Salaam,Christian,Others,Diploma,"200,000-500,000",Halopesa,4,0.41,0.84,0.36,0.5,Nokia,Finland,Mid-Range,New,454244,6.5,Physical Store,Mobile Money,0,2,0.046,0.234,1.0,0.526,1.0,1.0,0.407,0.7,1
CUST_02791,17,Male,Dodoma,Muslim,Gogo,Bachelor,"200,000-500,000",M-Pesa,2,0.08,0.85,0.64,0.0,Nokia,Finland,Mid-Range,New,369966,6.0,Physical Store,Card,0,2,0.214,0.384,0.9,0.736,1.0,1.0,0.506,0.69,1
CUST_03811,36,Male,Tanga,Christian,Others,Diploma,"<200,000",Halopesa,4,0.42,0.84,0.69,1.0,Apple,USA,Premium,New,1948357,9.2,Physical Store,Cash,0,2,0.0,0.635,1.0,0.698,1.0,0.8,0.524,0.56,1
CUST_03381,15,Female,Dar es Salaam,Muslim,Nyamwezi,Secondary,"<200,000",M-Pesa,2,0.03,0.73,0.57,0.3,Nokia,Finland,Mid-Range,New,292283,7.5,Physical Store,Mobile Money,0,2,0.467,0.428,0.9,0.898,1.0,1.0,0.673,0.79,1
CUST_01493,17,Female,Dodoma,Christian,Makonde,Primary,"200,000-500,000",M-Pesa,3,0.6,0.7,0.45,0.5,Nokia,Finland,Mid-Range,New,514968,7.6,Physical Store,Cash,1,2,0.099,0.342,1.0,0.527,1.0,1.0,0.52,0.75,1
CUST_03086,18,Female,Dar es Salaam,Christian,Gogo,Primary,"500,001-1,000,000",Halopesa,5,0.25,0.71,0.82,0.3,Huawei,China,Premium,New,1177927,9.7,Physical Store,Cash,0,2,0.303,0.795,1.0,0.922,1.0,1.0,0.773,0.75,1
CUST_02222,25,Female,Tanga,Christian,Haya,Bachelor,"200,000-500,000",M-Pesa,5,0.17,0.81,0.78,0.3,Samsung,South Korea,Premium,New,1612156,8.9,Online,Mobile Money,0,2,0.0,0.694,1.0,0.834,1.0,1.0,0.536,0.61,1
CUST_02540,21,Female,Mbeya,Christian,Others,Secondary,"500,001-1,000,000",M-Pesa,2,0.21,0.71,0.61,0.3,Xiaomi,China,Mid-Range,New,393822,6.8,Physical Store,Mobile Money,1,2,0.301,0.415,1.0,0.69,1.0,1.0,0.495,0.73,1
CUST_04374,25,Female,Arusha,Christian,Makonde,Secondary,"200,000-500,000",M-Pesa,3,0.2,0.94,0.53,0.5,Samsung,South Korea,Premium,New,1440428,9.8,Physical Store,Mobile Money,0,2,0.0,0.519,1.0,0.727,1.0,1.0,0.638,0.7,1
CUST_03863,47,Male,Tanga,Christian,Others,Master+,"500,001-1,000,000",None,4,0.28,0.57,0.47,0.5,Tecno,China,Mid-Range,Used,234461,6.6,Online,Mobile Money,0,2,0.666,0.31,1.0,0.809,0.6,1.0,0.56,0.75,1
CUST_02696,28,Female,Dar es Salaam,Muslim,Sukuma,Secondary,"1,000,001-2,000,000",Tigo Pesa,3,0.43,0.31,0.53,0.5,Xiaomi,China,Mid-Range,New,372998,7.8,Physical Store,Card,1,11,0.711,0.413,0.9,0.738,1.0,1.0,0.57,0.79,0
CUST_04973,29,Male,Dar es Salaam,Christian,Nyamwezi,Bachelor,"1,000,001-2,000,000",Tigo Pesa,4,0.33,0.34,0.58,0.5,Tecno,China,Mid-Range,New,357253,7.3,Online,Cash,1,1,0.696,0.423,1.0,0.807,1.0,1.0,0.754,0.77,1
CUST_01854,33,Female,Mbeya,Christian,Others,Primary,"500,001-1,000,000",Halopesa,5,0.27,0.68,0.74,0.3,Oppo,China,Mid-Range,New,488587,6.8,Physical Store,Mobile Money,0,12,0.169,0.503,1.0,0.652,1.0,1.0,0.649,0.71,0
CUST_02664,27,Female,Dar es Salaam,Muslim,Others,Master+,"<200,000",Airtel Money,3,0.54,0.96,0.64,0.3,Tecno,China,Mid-Range,New,561751,7.9,Online,Cash,0,2,0.0,0.506,0.9,0.901,1.0,1.0,0.555,0.76,1
CUST_01040,15,Female,Dodoma,Muslim,Others,Secondary,"200,000-500,000",M-Pesa,3,0.3,0.75,0.71,1.0,Samsung,South Korea,Premium,New,1182936,9.8,Mobile,Cash,0,2,0.261,0.696,0.9,1.081,1.0,0.8,0.73,0.75,1
CUST_03220,24,Male,Dar es Salaam,Christian,Nyamwezi,Primary,"500,001-1,000,000",Airtel Money,2,0.28,0.44,0.74,0.3,Nokia,Finland,Mid-Range,New,394981,7.2,Online,Mobile Money,0,2,0.566,0.533,1.0,0.909,1.0,1.0,0.747,0.75,1
CUST_00198,49,Female,Dar es Salaam,Muslim,Others,Diploma,"500,001-1,000,000",Tigo Pesa,2,0.28,0.48,0.83,0.5,Huawei,China,Premium,New,966525,8.7,Online,Cash,1,2,0.613,0.722,0.9,0.792,1.0,1.0,0.812,0.73,1
CUST_01141,32,Male,Arusha,Muslim,Sukuma,No formal,"200,000-500,000",None,2,0.27,1.0,0.33,0.3,Samsung,South Korea,Premium,New,1557109,8.0,Physical Store,Cash,0,2,0.0,0.264,0.9,0.819,1.0,1.0,0.511,0.57,1
CUST_02239,18,Female,Mbeya,Muslim,Gogo,Secondary,"500,001-1,000,000",M-Pesa,4,0.43,0.46,0.41,0.3,Vivo,China,Mid-Range,New,293171,7.8,Physical Store,Cash,1,2,0.663,0.32,0.9,0.716,1.0,1.0,0.701,0.81,1
CUST_02539,31,Male,Zanzibar,Christian,Others,Secondary,"<200,000",Airtel Money,4,0.38,0.72,0.85,0.5,Oppo,China,Mid-Range,New,313051,7.1,Physical Store,Cash,0,1,0.437,0.603,1.0,0.84,1.0,1.0,0.644,0.76,1
CUST_03926,29,Female,Dodoma,Muslim,Others,Bachelor,"<200,000",M-Pesa,2,0.21,0.83,0.79,0.7,Nokia,Finland,Mid-Range,New,589613,6.5,Physical Store,Cash,1,2,0.0,0.514,0.9,0.876,1.0,1.0,0.631,0.67,1
CUST_04669,41,Female,Mwanza,Muslim,Others,Bachelor,"500,001-1,000,000",Tigo Pesa,3,0.26,0.64,0.67,0.3,Huawei,China,Premium,New,1945723,9.1,Physical Store,Cash,0,2,0.0,0.61,0.9,0.763,1.0,1.0,0.526,0.56,1
CUST_01667,32,Male,Mwanza,Other,Gogo,No formal,"<200,000",M-Pesa,3,0.09,0.97,0.65,0.0,Oppo,China,Mid-Range,New,381207,6.6,Physical Store,Card,0,2,0.076,0.429,1.0,0.536,1.0,1.0,0.531,0.72,1
CUST_00038,15,Male,Tanga,Christian,Others,Primary,"200,000-500,000",M-Pesa,2,0.24,0.8,0.37,0.7,Tecno,China,Mid-Range,Used,421857,6.7,Physical Store,Mobile Money,0,1,0.156,0.248,1.0,0.878,0.6,1.0,0.467,0.72,1
CUST_03150,15,Female,Dar es Salaam,Christian,Others,Diploma,"200,000-500,000",M-Pesa,5,0.17,0.82,0.86,0.0,Huawei,China,Premium,New,2018320,9.6,Mobile,Cash,0,2,0.0,0.826,1.0,0.636,1.0,1.0,0.546,0.57,1
CUST_02732,27,Female,Mwanza,Christian,Others,Secondary,"200,000-500,000",Halopesa,4,0.35,0.82,0.34,0.3,Oppo,China,Mid-Range,Used,397362,6.4,Physical Store,Cash,0,1,0.185,0.218,1.0,0.563,0.6,1.0,0.515,0.7,1
CUST_01766,38,Female,Dar es Salaam,Christian,Sukuma,Secondary,"200,000-500,000",Halopesa,3,0.05,0.97,0.43,0.5,Vivo,China,Mid-Range,New,548068,7.4,Physical Store,Cash,0,2,0.0,0.318,1.0,0.82,1.0,1.0,0.484,0.73,1
CUST_02902,15,Male,Dar es Salaam,Christian,Others,Diploma,"500,001-1,000,000",Halopesa,3,0.4,0.48,0.49,0.7,Nokia,Finland,Mid-Range,New,372579,6.2,Physical Store,Cash,0,1,0.553,0.304,1.0,0.636,1.0,1.0,0.509,0.7,1
CUST_04090,19,Male,Dar es Salaam,Christian,Others,No formal,"200,000-500,000",M-Pesa,5,0.37,0.79,0.43,0.3,Samsung,South Korea,Premium,New,1356971,8.8,Physical Store,Mobile Money,1,1,0.107,0.378,1.0,1.01,1.0,1.0,0.58,0.66,1
CUST_03314,32,Female,Tanga,Muslim,Others,Secondary,"200,000-500,000",Halopesa,2,0.07,0.71,0.86,0.3,Apple,USA,Premium,New,1952772,8.6,Mobile,Cash,1,2,0.0,0.74,0.9,1.101,1.0,1.0,0.506,0.53,1
CUST_04914,35,Male,Mwanza,Christian,Chagga,No formal,"500,001-1,000,000",Tigo Pesa,2,0.24,0.63,0.43,0.5,Xiaomi,China,Mid-Range,Used,269718,5.5,Physical Store,Mobile Money,0,2,0.575,0.237,1.0,0.771,0.6,1.0,0.529,0.68,1
CUST_04325,33,Female,Dodoma,Muslim,Others,Secondary,"<200,000",Airtel Money,5,0.25,0.89,0.81,0.0,Infinix,China,Mid-Range,New,470993,7.3,Mobile,Card,0,2,0.0,0.591,0.9,0.696,1.0,1.0,0.556,0.74,0
CUST_04692,31,Female,Dar es Salaam,Muslim,Others,Primary,"<200,000",M-Pesa,4,0.43,0.92,0.57,0.5,Huawei,China,Premium,New,644552,8.1,Physical Store,Cash,1,2,0.506,0.462,0.9,0.69,1.0,1.0,0.765,0.76,1
CUST_02254,35,Male,Zanzibar,Christian,Sukuma,Bachelor,"<200,000",M-Pesa,3,0.32,0.94,0.76,0.0,Itel,China,Budget,Used,91808,5.6,Physical Store,Cash,1,12,0.425,0.426,1.0,0.745,0.6,1.0,0.671,0.72,1
CUST_03041,32,Male,Arusha,Christian,Others,Secondary,"500,001-1,000,000",M-Pesa,2,0.3,0.71,0.8,0.3,Vivo,China,Mid-Range,New,423301,6.6,Physical Store,Mobile Money,0,12,0.249,0.528,1.0,0.741,1.0,1.0,0.466,0.71,1
CUST_00168,34,Male,Mbeya,Muslim,Others,Secondary,"<200,000",M-Pesa,4,0.25,0.84,0.7,0.0,Itel,China,Budget,New,95871,6.0,Physical Store,Cash,1,12,0.463,0.42,0.9,0.623,1.0,1.0,0.452,0.74,1
CUST_04803,24,Female,Arusha,Christian,Sukuma,Diploma,">2,000,000",Airtel Money,5,0.39,0.23,0.31,0.7,Samsung,South Korea,Premium,New,1997024,8.8,Online,Card,0,2,0.617,0.273,1.0,1.002,1.0,1.0,0.681,0.53,0
CUST_02128,15,Female,Dodoma,Christian,Sukuma,Secondary,">2,000,000",M-Pesa,3,0.07,0.19,0.6,0.0,Huawei,China,Premium,New,1712918,8.3,Physical Store,Mobile Money,0,2,0.729,0.498,1.0,0.793,1.0,1.0,0.803,0.56,1
CUST_04956,28,Male,Arusha,Christian,Nyamwezi,Diploma,"500,001-1,000,000",M-Pesa,4,0.36,0.55,0.86,0.0,Oppo,China,Mid-Range,New,484605,6.9,Online,Cash,0,1,0.334,0.593,1.0,0.676,1.0,1.0,0.794,0.72,0
CUST_04086,18,Male,Arusha,Muslim,Others,Bachelor,"500,001-1,000,000",Tigo Pesa,3,0.11,0.78,0.86,0.5,Apple,USA,Premium,New,2151443,9.4,Online,Cash,0,1,0.0,0.808,0.9,1.13,1.0,1.0,0.715,0.53,1
CUST_01965,50,Male,Dodoma,Christian,Others,Primary,"1,000,001-2,000,000",M-Pesa,3,0.47,0.47,0.5,0.3,Vivo,China,Mid-Range,New,572976,6.1,Mobile,Mobile Money,1,2,0.327,0.305,1.0,0.979,1.0,1.0,0.535,0.65,1
CUST_01650,37,Male,Dar es Salaam,Christian,Others,Secondary,"500,001-1,000,000",None,5,0.4,0.47,0.79,0.7,Apple,USA,Premium,New,673455,9.1,Physical Store,Mobile Money,0,1,0.736,0.719,1.0,1.129,1.0,1.0,1.002,0.81,1
CUST_00715,36,Female,Arusha,Christian,Others,Diploma,"200,000-500,000",M-Pesa,3,0.35,0.98,0.56,0.3,Nokia,Finland,Mid-Range,New,303851,6.7,Physical Store,Mobile Money,0,1,0.256,0.375,1.0,0.787,1.0,1.0,0.493,0.74,1
CUST_04723,27,Female,Dar es Salaam,Muslim,Others,No formal,"200,000-500,000",M-Pesa,4,0.11,0.93,0.66,0.0,Apple,USA,Premium,New,865583,8.8,Physical Store,Mobile Money,0,2,0.329,0.581,0.9,0.609,1.0,1.0,0.667,0.75,0
CUST_02218,34,Female,Dodoma,Christian,Chagga,Secondary,"200,000-500,000",Halopesa,1,0.04,0.89,0.32,0.5,Samsung,South Korea,Premium,New,2074190,8.0,Physical Store,Cash,0,1,0.0,0.256,1.0,0.601,1.0,1.0,0.38,0.47,1
CUST_02008,21,Female,Arusha,Christian,Chagga,No formal,"500,001-1,000,000",Tigo Pesa,2,0.37,0.51,0.72,0.7,Tecno,China,Mid-Range,New,502376,7.1,Online,Cash,1,1,0.359,0.511,1.0,0.923,1.0,1.0,0.864,0.73,1
CUST_01597,34,Female,Dar es Salaam,Christian,Others,Primary,"<200,000",Airtel Money,3,0.11,0.87,0.38,0.3,Tecno,China,Mid-Range,New,549927,7.3,Online,Cash,0,2,0.0,0.277,1.0,0.924,1.0,1.0,0.657,0.73,1
CUST_04985,15,Male,Zanzibar,Christian,Nyamwezi,Primary,"<200,000",Tigo Pesa,4,0.14,0.95,0.83,0.0,Oppo,China,Mid-Range,New,306525,6.9,Physical Store,Mobile Money,0,12,0.272,0.573,1.0,0.522,1.0,1.0,0.546,0.75,1
CUST_04624,31,Female,Morogoro,Christian,Nyamwezi,Primary,"500,001-1,000,000",Halopesa,3,0.35,0.47,0.83,0.0,Apple,USA,Premium,New,925771,9.8,Physical Store,Cash,0,2,0.637,0.813,1.0,0.875,1.0,1.0,0.942,0.8,1
CUST_00708,23,Female,Dar es Salaam,Christian,Nyamwezi,Primary,"<200,000",Tigo Pesa,1,0.25,0.95,0.5,0.3,Huawei,China,Premium,New,688994,8.6,Physical Store,Mobile Money,0,1,0.455,0.43,1.0,0.739,1.0,1.0,0.711,0.78,1
CUST_01652,28,Male,Dodoma,Christian,Chagga,Primary,"<200,000",Tigo Pesa,4,0.15,0.79,0.68,0.7,Itel,China,Budget,New,245224,7.0,Physical Store,Cash,1,12,0.0,0.476,1.0,0.73,1.0,1.0,0.68,0.77,1
CUST_04703,15,Male,Mwanza,Christian,Gogo,Secondary,"200,000-500,000",Tigo Pesa,5,0.57,0.84,0.4,0.7,Xiaomi,China,Mid-Range,New,402989,7.7,Physical Store,Cash,1,1,0.154,0.308,1.0,0.59,1.0,1.0,0.469,0.78,1
CUST_00993,40,Female,Mwanza,Christian,Others,Diploma,"1,000,001-2,000,000",M-Pesa,3,0.32,0.34,0.42,0.3,Huawei,China,Premium,New,1938471,8.5,Physical Store,Cash,0,2,0.451,0.357,1.0,0.626,1.0,1.0,0.689,0.52,1
CUST_00513,16,Female,Tanga,Christian,Others,No formal,"<200,000",None,5,0.42,0.88,0.47,0.7,Tecno,China,Mid-Range,New,560364,7.3,Physical Store,Cash,0,2,0.0,0.343,1.0,0.732,1.0,1.0,0.506,0.73,1
CUST_00175,15,Female,Dar es Salaam,Muslim,Others,No formal,"200,000-500,000",Tigo Pesa,2,0.33,0.85,0.52,0.7,Vivo,China,Mid-Range,New,333533,7.2,Physical Store,Mobile Money,0,1,0.291,0.374,0.9,0.824,1.0,1.0,0.431,0.77,1
CUST_04313,15,Male,Mwanza,Christian,Others,Primary,"<200,000",Tigo Pesa,4,0.36,1.0,0.71,0.5,Huawei,China,Premium,New,1151839,8.9,Physical Store,Cash,1,1,0.04,0.632,1.0,0.924,1.0,1.0,0.661,0.7,1
CUST_01344,31,Female,Dodoma,Other,Others,No formal,"1,000,001-2,000,000",M-Pesa,5,0.26,0.41,0.53,0.5,Oppo,China,Mid-Range,New,375082,6.4,Mobile,Mobile Money,0,1,0.616,0.339,1.0,0.8,1.0,1.0,0.645,0.71,1
CUST_03944,36,Male,Tanga,Muslim,Chagga,No formal,"<200,000",M-Pesa,1,0.34,0.72,0.74,0.5,Apple,USA,Premium,New,1896113,9.6,Physical Store,Cash,1,1,0.0,0.71,0.9,0.856,1.0,1.0,0.509,0.6,0
CUST_02761,39,Female,Morogoro,Christian,Makonde,Primary,"200,000-500,000",M-Pesa,2,0.28,0.77,0.77,0.3,Samsung,South Korea,Premium,New,2355810,8.5,Physical Store,Cash,0,2,0.0,0.654,1.0,0.734,1.0,1.0,0.397,0.44,1
CUST_00069,31,Female,Tanga,Muslim,Others,Diploma,"<200,000",Halopesa,5,0.29,0.95,0.8,0.5,Infinix,China,Mid-Range,New,546836,6.7,Physical Store,Mobile Money,1,12,0.0,0.536,0.9,0.81,1.0,1.0,0.596,0.69,1
CUST_04166,16,Female,Dodoma,Christian,Gogo,Diploma,"<200,000",Tigo Pesa,4,0.2,0.91,0.55,0.0,Huawei,China,Premium,New,2146637,8.8,Physical Store,Cash,1,1,0.0,0.484,1.0,0.996,1.0,1.0,0.632,0.5,0
CUST_04459,32,Female,Dar es Salaam,Christian,Gogo,Diploma,"500,001-1,000,000",None,3,0.15,0.56,0.34,0.5,Infinix,China,Mid-Range,New,442896,7.7,Physical Store,Mobile Money,1,2,0.38,0.262,1.0,0.636,1.0,1.0,0.745,0.77,1
CUST_01577,29,Male,Morogoro,Muslim,Others,Primary,"500,001-1,000,000",Airtel Money,1,0.19,0.69,0.33,0.5,Infinix,China,Mid-Range,New,379804,6.5,Physical Store,Mobile Money,0,1,0.345,0.215,0.9,0.893,1.0,1.0,0.688,0.71,1
CUST_03508,39,Female,Morogoro,Other,Haya,No formal,"200,000-500,000",Airtel Money,2,0.38,0.75,0.76,0.3,Samsung,South Korea,Premium,New,2404292,8.9,Physical Store,Mobile Money,1,2,0.0,0.676,1.0,0.997,1.0,1.0,0.607,0.45,1
CUST_02546,22,Female,Arusha,Muslim,Gogo,Bachelor,"500,001-1,000,000",None,2,0.1,0.52,0.88,0.3,Apple,USA,Premium,Used,821305,7.3,Physical Store,Mobile Money,0,1,0.644,0.642,0.9,0.881,0.6,1.0,0.682,0.67,1
CUST_01279,32,Male,Morogoro,Muslim,Others,No formal,"500,001-1,000,000",Tigo Pesa,4,0.23,0.44,0.82,0.5,Samsung,South Korea,Premium,New,1757718,8.7,Physical Store,Cash,0,1,0.356,0.713,0.9,0.691,1.0,1.0,0.677,0.57,1
CUST_00507,29,Female,Zanzibar,Christian,Chagga,Bachelor,"200,000-500,000",Airtel Money,3,0.12,0.71,0.57,0.5,Samsung,South Korea,Premium,New,947854,8.8,Physical Store,Card,0,2,0.439,0.502,1.0,0.783,1.0,1.0,0.661,0.74,1
CUST_04552,30,Female,Tanga,Christian,Sukuma,Secondary,"500,001-1,000,000",Airtel Money,4,0.29,0.43,0.68,0.3,Tecno,China,Mid-Range,New,552894,6.4,Physical Store,Mobile Money,0,2,0.406,0.435,1.0,0.626,1.0,1.0,0.614,0.67,0
CUST_01531,30,Male,Zanzibar,Muslim,Sukuma,No formal,"500,001-1,000,000",Tigo Pesa,4,0.45,0.43,0.61,0.5,Tecno,China,Mid-Range,New,250403,6.5,Physical Store,Cash,0,2,0.731,0.396,0.9,0.882,1.0,1.0,0.688,0.74,1
CUST_04772,18,Male,Arusha,Christian,Others,Bachelor,"<200,000",Tigo Pesa,3,0.45,0.76,0.32,0.7,Tecno,China,Mid-Range,New,345057,6.3,Physical Store,Cash,0,2,0.344,0.202,1.0,0.533,1.0,1.0,0.67,0.71,1
CUST_00766,30,Male,Dar es Salaam,Muslim,Chagga,Diploma,"1,000,001-2,000,000",Tigo Pesa,3,0.29,0.49,0.9,0.0,Huawei,China,Premium,New,2230757,9.9,Physical Store,Cash,0,2,0.089,0.891,0.9,0.882,1.0,1.0,0.772,0.55,1
CUST_04379,20,Female,Dar es Salaam,Christian,Others,Bachelor,"200,000-500,000",M-Pesa,5,0.66,0.79,0.62,0.5,Itel,China,Budget,New,189724,4.5,Physical Store,Cash,0,2,0.001,0.279,1.0,0.523,1.0,1.0,0.534,0.63,1
CUST_03303,25,Male,Zanzibar,Christian,Gogo,Secondary,"200,000-500,000",Halopesa,3,0.42,0.83,0.82,0.0,Huawei,China,Premium,New,700486,8.2,Physical Store,Card,0,1,0.515,0.672,1.0,0.888,1.0,1.0,0.837,0.75,1
CUST_02934,16,Female,Arusha,Muslim,Others,Primary,"500,001-1,000,000",M-Pesa,4,0.5,0.59,0.88,0.5,Itel,China,Budget,Used,152232,4.9,Online,Mobile Money,0,12,0.401,0.431,0.9,0.526,0.6,1.0,0.602,0.66,1
CUST_03260,27,Female,Morogoro,Christian,Others,Primary,"<200,000",M-Pesa,3,0.5,0.83,0.87,0.5,Vivo,China,Mid-Range,New,479126,7.2,Online,Cash,1,2,0.006,0.626,1.0,0.546,1.0,1.0,0.45,0.74,1
CUST_03412,26,Female,Mwanza,Muslim,Others,No formal,"200,000-500,000",M-Pesa,2,0.04,0.88,0.46,0.3,Nokia,Finland,Mid-Range,New,297022,6.2,Physical Store,Cash,0,2,0.347,0.285,0.9,0.959,1.0,1.0,0.397,0.71,1
CUST_03989,28,Female,Dar es Salaam,Christian,Others,Secondary,"200,000-500,000",Airtel Money,4,0.15,0.7,0.35,0.0,Tecno,China,Mid-Range,Used,292799,5.8,Physical Store,Mobile Money,0,2,0.488,0.203,1.0,0.693,0.6,1.0,0.648,0.69,0
CUST_00964,36,Male,Zanzibar,Muslim,Sukuma,Primary,"<200,000",M-Pesa,1,0.11,0.88,0.41,0.5,Samsung,South Korea,Premium,New,1648108,8.6,Physical Store,Cash,0,1,0.0,0.353,0.9,0.984,1.0,1.0,0.342,0.59,1
CUST_02516,29,Male,Mwanza,Muslim,Others,Primary,"500,001-1,000,000",Tigo Pesa,4,0.14,0.42,0.46,0.3,Huawei,China,Premium,New,1201539,9.4,Physical Store,Card,1,2,0.579,0.432,0.9,0.554,1.0,1.0,0.566,0.72,1
CUST_03630,20,Female,Mwanza,Christian,Others,Secondary,"1,000,001-2,000,000",None,2,0.11,0.47,0.84,0.0,Tecno,China,Mid-Range,Used,192001,5.1,Online,Cash,0,2,0.774,0.428,1.0,0.916,0.6,1.0,0.654,0.67,1
CUST_01742,16,Female,Mbeya,Muslim,Nyamwezi,No formal,"200,000-500,000",Tigo Pesa,1,0.15,0.99,0.89,0.5,Apple,USA,Premium,New,1032685,9.1,Physical Store,Cash,0,1,0.148,0.81,0.9,0.942,1.0,1.0,0.522,0.74,1
CUST_00062,15,Male,Arusha,Muslim,Sukuma,No formal,"500,001-1,000,000",M-Pesa,4,0.3,0.53,0.68,0.7,Xiaomi,China,Mid-Range,New,441514,6.3,Physical Store,Cash,0,2,0.415,0.428,0.9,0.713,1.0,1.0,0.538,0.69,1
CUST_02555,33,Female,Tanga,Christian,Sukuma,Primary,"200,000-500,000",Tigo Pesa,5,0.38,0.71,0.52,0.7,Nokia,Finland,Mid-Range,New,490763,6.9,Online,Mobile Money,1,2,0.129,0.359,1.0,0.693,1.0,1.0,0.379,0.72,1
CUST_04184,43,Male,Dar es Salaam,Muslim,Chagga,Primary,"200,000-500,000",M-Pesa,1,0.52,0.85,0.48,0.5,Huawei,China,Premium,New,981877,9.9,Mobile,Cash,0,11,0.305,0.475,0.9,0.892,1.0,1.0,0.631,0.8,1
CUST_01287,15,Female,Mwanza,Other,Others,Primary,"<200,000",M-Pesa,2,0.16,0.83,0.36,0.3,Oppo,China,Mid-Range,New,381681,7.5,Online,Cash,0,2,0.208,0.27,1.0,0.945,1.0,1.0,0.484,0.77,1
CUST_00929,26,Male,Tanga,Christian,Sukuma,Primary,"500,001-1,000,000",M-Pesa,4,0.31,0.55,0.48,0.0,Infinix,China,Mid-Range,New,495611,7.6,Online,Mobile Money,0,2,0.319,0.365,1.0,0.978,1.0,1.0,0.536,0.76,1
CUST_01463,21,Male,Tanga,Christian,Others,No formal,"500,001-1,000,000",M-Pesa,4,0.37,0.8,0.81,0.5,Samsung,South Korea,Premium,New,1750623,9.4,Physical Store,Cash,0,12,0.0,0.761,1.0,1.044,1.0,1.0,0.609,0.61,1
CUST_04430,25,Female,Dar es Salaam,Christian,Sukuma,Diploma,"500,001-1,000,000",M-Pesa,2,0.31,0.56,0.69,0.3,Infinix,China,Mid-Range,Used,461463,5.4,Physical Store,Mobile Money,0,1,0.354,0.373,1.0,0.662,0.6,1.0,0.567,0.63,1
CUST_03565,26,Female,Arusha,Muslim,Others,No formal,"200,000-500,000",None,3,0.44,0.76,0.52,0.0,Huawei,China,Premium,New,2128103,8.7,Online,Mobile Money,1,1,0.0,0.452,0.9,0.515,1.0,1.0,0.438,0.5,1
CUST_00679,41,Female,Dar es Salaam,Muslim,Others,Secondary,"1,000,001-2,000,000",Halopesa,4,0.41,0.29,0.8,0.7,Huawei,China,Premium,New,1578137,9.4,Physical Store,Mobile Money,0,2,0.619,0.752,0.9,0.92,1.0,1.0,0.83,0.65,1
CUST_01858,33,Male,Dar es Salaam,Christian,Others,No formal,"500,001-1,000,000",M-Pesa,3,0.35,0.68,0.87,0.5,Apple,USA,Premium,New,1829380,8.2,Physical Store,Mobile Money,0,2,0.0,0.713,1.0,0.703,1.0,1.0,0.489,0.53,1
CUST_00373,25,Female,Tanga,Christian,Others,Primary,"1,000,001-2,000,000",M-Pesa,3,0.29,0.44,0.42,0.7,Nokia,Finland,Mid-Range,New,408115,6.8,Physical Store,Cash,1,12,0.551,0.286,1.0,0.932,1.0,1.0,0.81,0.73,1
CUST_04827,21,Female,Dar es Salaam,Christian,Chagga,Secondary,"<200,000",M-Pesa,3,0.31,0.81,0.65,0.5,Nokia,Finland,Mid-Range,Used,430164,5.3,Physical Store,Mobile Money,0,2,0.129,0.344,1.0,0.582,0.6,1.0,0.546,0.63,1
CUST_04383,34,Female,Mwanza,Muslim,Makonde,Secondary,"500,001-1,000,000",Airtel Money,4,0.23,0.79,0.67,0.0,Huawei,China,Premium,New,1203850,8.5,Physical Store,Cash,0,2,0.207,0.57,0.9,0.886,1.0,1.0,0.729,0.67,1
CUST_01327,17,Female,Mbeya,Muslim,Sukuma,Secondary,">2,000,000",M-Pesa,5,0.23,0.48,0.69,0.0,Apple,USA,Premium,New,1876580,9.0,Online,Cash,0,2,0.249,0.621,0.9,0.853,1.0,1.0,0.698,0.56,1
CUST_01703,21,Male,Arusha,Muslim,Others,Secondary,"500,001-1,000,000",M-Pesa,3,0.05,0.48,0.35,0.5,Itel,China,Budget,New,180674,7.0,Physical Store,Cash,0,2,0.422,0.245,0.9,0.567,1.0,1.0,0.505,0.78,1
CUST_02126,15,Female,Tanga,Other,Haya,Diploma,"<200,000",M-Pesa,2,0.24,0.74,0.79,0.5,Xiaomi,China,Mid-Range,New,270937,6.6,Physical Store,Cash,0,2,0.499,0.521,1.0,0.791,1.0,1.0,0.627,0.74,1
CUST_04579,20,Female,Mbeya,Christian,Makonde,Secondary,"<200,000",Tigo Pesa,2,0.36,0.73,0.71,0.3,Infinix,China,Mid-Range,New,372231,7.8,Mobile,Cash,0,2,0.321,0.554,1.0,0.781,1.0,1.0,0.574,0.79,1
CUST_03301,21,Female,Dar es Salaam,Christian,Others,No formal,"200,000-500,000",Airtel Money,2,0.45,0.89,0.67,0.5,Samsung,South Korea,Premium,New,2426659,9.2,Online,Mobile Money,0,2,0.0,0.616,1.0,0.738,1.0,1.0,0.426,0.47,0
CUST_02029,18,Male,Arusha,Christian,Others,Diploma,"200,000-500,000",Airtel Money,4,0.35,0.95,0.56,0.3,Nokia,Finland,Mid-Range,New,518181,6.5,Mobile,Cash,1,11,0.0,0.364,1.0,0.561,1.0,1.0,0.413,0.69,1
CUST_02577,35,Female,Morogoro,Christian,Sukuma,Primary,"500,001-1,000,000",Halopesa,1,0.37,0.53,0.54,0.7,Huawei,China,Premium,New,814187,9.0,Physical Store,Mobile Money,0,1,0.64,0.486,1.0,0.921,1.0,1.0,0.647,0.78,1
CUST_02677,15,Female,Morogoro,Christian,Nyamwezi,Secondary,"200,000-500,000",None,3,0.41,0.92,0.67,0.3,Vivo,China,Mid-Range,New,396078,6.9,Physical Store,Mobile Money,0,12,0.089,0.462,1.0,0.888,1.0,1.0,0.673,0.73,1
CUST_00108,19,Male,Dodoma,Christian,Sukuma,Primary,"500,001-1,000,000",Airtel Money,2,0.43,0.51,0.31,0.0,Samsung,South Korea,Premium,New,867471,9.1,Physical Store,Card,0,2,0.631,0.282,1.0,0.659,1.0,1.0,0.751,0.77,1
CUST_02022,28,Female,Dar es Salaam,Muslim,Others,Primary,"200,000-500,000",Tigo Pesa,4,0.09,0.95,0.79,0.0,Itel,China,Budget,New,99143,4.9,Physical Store,Mobile Money,1,2,0.372,0.387,0.9,0.642,1.0,1.0,0.716,0.67,1
CUST_02865,24,Female,Mwanza,Muslim,Others,Primary,"500,001-1,000,000",Airtel Money,2,0.5,0.55,0.4,0.3,Tecno,China,Mid-Range,Used,285447,5.6,Physical Store,Cash,0,2,0.608,0.224,0.9,0.776,0.6,1.0,0.585,0.68,1
CUST_04606,15,Female,Zanzibar,Muslim,Chagga,Secondary,"200,000-500,000",M-Pesa,5,0.41,0.75,0.44,0.3,Tecno,China,Mid-Range,New,426965,6.3,Mobile,Cash,1,2,0.199,0.277,0.9,0.806,1.0,1.0,0.501,0.69,1
CUST_04014,29,Female,Mbeya,Christian,Sukuma,No formal,"<200,000",Tigo Pesa,5,0.36,0.99,0.46,1.0,Oppo,China,Mid-Range,New,574697,7.2,Physical Store,Cash,0,2,0.0,0.331,1.0,0.649,1.0,0.8,0.419,0.72,1
CUST_04832,43,Female,Mwanza,Christian,Others,Diploma,"500,001-1,000,000",M-Pesa,2,0.27,0.5,0.6,0.0,Infinix,China,Mid-Range,New,346220,7.8,Physical Store,Mobile Money,0,1,0.567,0.468,1.0,0.725,1.0,1.0,0.76,0.8,1
CUST_02413,34,Female,Dar es Salaam,Muslim,Others,Secondary,"1,000,001-2,000,000",Tigo Pesa,4,0.3,0.23,0.47,0.5,Tecno,China,Mid-Range,New,344512,7.0,Online,Cash,1,12,0.802,0.329,0.9,0.671,1.0,1.0,0.774,0.75,1
CUST_03066,45,Male,Tanga,Muslim,Others,Secondary,"<200,000",Airtel Money,5,0.21,0.79,0.57,0.5,Samsung,South Korea,Premium,New,794320,9.2,Physical Store,Mobile Money,0,2,0.477,0.524,0.9,1.181,1.0,1.0,0.629,0.79,1
CUST_04634,15,Male,Dodoma,Christian,Others,Diploma,"<200,000",Airtel Money,2,0.18,0.92,0.68,0.3,Samsung,South Korea,Premium,New,694236,8.3,Mobile,Mobile Money,0,1,0.468,0.564,1.0,0.815,1.0,1.0,0.739,0.76,1
CUST_04120,18,Male,Dar es Salaam,Muslim,Others,Secondary,"200,000-500,000",Tigo Pesa,5,0.36,0.8,0.71,0.3,Oppo,China,Mid-Range,New,327044,7.4,Physical Store,Mobile Money,0,2,0.346,0.525,0.9,0.725,1.0,1.0,0.738,0.78,0
CUST_04924,31,Male,Dar es Salaam,Muslim,Nyamwezi,No formal,"<200,000",Airtel Money,5,0.34,0.78,0.66,0.3,Infinix,China,Mid-Range,New,257577,6.7,Physical Store,Cash,0,2,0.498,0.442,0.9,0.623,1.0,1.0,0.797,0.75,1
CUST_01816,28,Female,Dar es Salaam,Christian,Others,Secondary,"200,000-500,000",Halopesa,3,0.13,0.87,0.84,0.7,Huawei,China,Premium,New,1644768,10.0,Online,Card,0,9,0.0,0.84,1.0,0.941,1.0,1.0,0.51,0.67,1
CUST_03137,30,Male,Dodoma,Christian,Others,Secondary,"<200,000",M-Pesa,2,0.19,0.93,0.87,0.7,Tecno,China,Mid-Range,New,260595,7.8,Physical Store,Card,1,2,0.394,0.679,1.0,0.974,1.0,1.0,0.705,0.82,0
CUST_01295,52,Female,Dar es Salaam,Christian,Nyamwezi,Secondary,"200,000-500,000",M-Pesa,3,0.36,0.74,0.62,0.5,Xiaomi,China,Mid-Range,New,488577,7.4,Physical Store,Mobile Money,1,2,0.096,0.459,1.0,0.997,1.0,1.0,0.561,0.75,1
CUST_01662,39,Male,Dodoma,Christian,Makonde,Secondary,"500,001-1,000,000",M-Pesa,4,0.08,0.49,0.79,0.0,Apple,USA,Premium,New,1173350,8.6,Physical Store,Mobile Money,1,12,0.521,0.679,1.0,0.903,1.0,1.0,0.723,0.68,1
CUST_01853,21,Male,Dar es Salaam,Muslim,Nyamwezi,No formal,"<200,000",Airtel Money,4,0.2,0.83,0.45,0.0,Nokia,Finland,Mid-Range,New,331179,6.9,Physical Store,Card,0,2,0.313,0.311,0.9,0.728,1.0,1.0,0.453,0.75,1
CUST_03362,28,Male,Dar es Salaam,Christian,Others,Secondary,"1,000,001-2,000,000",M-Pesa,3,0.32,0.35,0.7,0.0,Samsung,South Korea,Premium,New,900509,9.9,Physical Store,Mobile Money,1,2,0.737,0.693,1.0,0.889,1.0,1.0,0.771,0.81,1
CUST_02587,15,Male,Morogoro,Christian,Others,No formal,"200,000-500,000",M-Pesa,3,0.13,0.77,0.81,0.0,Samsung,South Korea,Premium,New,1895855,9.8,Physical Store,Mobile Money,1,1,0.0,0.794,1.0,0.767,1.0,1.0,0.56,0.61,1
CUST_04735,32,Male,Morogoro,Other,Others,Primary,"200,000-500,000",M-Pesa,3,0.34,0.75,0.87,0.5,Infinix,China,Mid-Range,New,266326,6.1,Online,Cash,1,2,0.501,0.531,1.0,0.613,1.0,1.0,0.613,0.71,1
CUST_04997,26,Male,Morogoro,Christian,Others,Secondary,"500,001-1,000,000",M-Pesa,4,0.19,0.75,0.63,0.7,Itel,China,Budget,Used,187388,4.9,Physical Store,Mobile Money,0,2,0.063,0.309,1.0,0.82,0.6,1.0,0.449,0.66,1
CUST_04151,24,Female,Mwanza,Other,Sukuma,Primary,"500,001-1,000,000",Tigo Pesa,3,0.49,0.46,0.66,0.3,Tecno,China,Mid-Range,New,275672,7.0,Online,Cash,0,2,0.683,0.462,1.0,0.749,1.0,1.0,0.42,0.76,1
CUST_01373,34,Female,Arusha,Muslim,Chagga,Secondary,"200,000-500,000",Tigo Pesa,2,0.38,0.84,0.74,0.0,Samsung,South Korea,Premium,New,2218433,9.4,Physical Store,Mobile Money,0,11,0.0,0.696,0.9,0.737,1.0,1.0,0.611,0.52,1
CUST_00745,47,Female,Arusha,Muslim,Others,Diploma,"200,000-500,000",Airtel Money,2,0.34,0.92,0.34,0.5,Huawei,China,Premium,New,1315573,9.2,Physical Store,Mobile Money,0,11,0.0,0.313,0.9,0.52,1.0,1.0,0.194,0.69,1
CUST_03867,19,Female,Tanga,Muslim,Haya,Secondary,"500,001-1,000,000",M-Pesa,5,0.26,0.66,0.44,0.5,Samsung,South Korea,Premium,New,1878057,8.3,Mobile,Cash,1,2,0.0,0.365,0.9,0.956,1.0,1.0,0.577,0.52,1
CUST_00138,31,Male,Dodoma,Christian,Others,No formal,"500,001-1,000,000",M-Pesa,3,0.24,0.8,0.38,0.3,Infinix,China,Mid-Range,New,539685,6.5,Physical Store,Cash,0,2,0.0,0.247,1.0,0.979,1.0,1.0,0.585,0.68,1
CUST_00028,27,Female,Zanzibar,Muslim,Others,Primary,"200,000-500,000",Halopesa,2,0.2,0.87,0.88,0.5,Samsung,South Korea,Premium,New,2345464,8.9,Physical Store,Cash,0,2,0.0,0.783,0.9,1.047,1.0,1.0,0.561,0.46,1
CUST_01448,27,Female,Dar es Salaam,Christian,Chagga,No formal,"200,000-500,000",M-Pesa,1,0.15,0.83,0.39,0.0,Apple,USA,Premium,New,1310010,9.2,Online,Cash,0,2,0.094,0.359,1.0,1.13,1.0,1.0,0.274,0.69,1
CUST_01927,33,Male,Dodoma,Muslim,Others,Primary,"<200,000",Airtel Money,4,0.42,0.71,0.53,0.5,Nokia,Finland,Mid-Range,New,279130,6.1,Physical Store,Mobile Money,0,12,0.505,0.323,0.9,0.873,1.0,1.0,0.689,0.71,1
CUST_00292,17,Male,Dar es Salaam,Muslim,Sukuma,Bachelor,"<200,000",None,2,0.18,0.86,0.42,0.0,Huawei,China,Premium,New,602784,9.3,Physical Store,Cash,1,12,0.568,0.391,0.9,0.519,1.0,1.0,0.681,0.84,1
CUST_02488,33,Female,Mbeya,Christian,Others,Diploma,"500,001-1,000,000",Airtel Money,2,0.13,0.71,0.79,0.7,Infinix,China,Mid-Range,New,376171,7.0,Online,Mobile Money,0,2,0.332,0.553,1.0,0.813,1.0,1.0,0.72,0.74,1
CUST_04460,28,Male,Mbeya,Christian,Sukuma,Secondary,">2,000,000",Tigo Pesa,4,0.09,0.38,0.75,0.5,Apple,USA,Premium,New,2299222,9.8,Online,Cash,0,2,0.272,0.735,1.0,1.07,1.0,1.0,0.896,0.53,1
CUST_03859,34,Male,Dar es Salaam,Christian,Others,Secondary,"200,000-500,000",M-Pesa,2,0.4,0.87,0.76,0.3,Xiaomi,China,Mid-Range,New,574543,6.7,Physical Store,Card,0,2,0.0,0.509,1.0,0.828,1.0,1.0,0.608,0.69,1
CUST_01412,27,Male,Dodoma,Muslim,Others,Secondary,"<200,000",M-Pesa,3,0.24,0.97,0.35,0.7,Nokia,Finland,Mid-Range,Used,413588,5.5,Physical Store,Mobile Money,0,1,0.0,0.192,0.9,0.54,0.6,1.0,0.431,0.65,1
CUST_00156,25,Male,Dar es Salaam,Muslim,Chagga,Diploma,"200,000-500,000",Airtel Money,5,0.17,0.73,0.71,0.3,Infinix,China,Mid-Range,New,488248,6.6,Physical Store,Mobile Money,0,2,0.109,0.469,0.9,0.937,1.0,1.0,0.503,0.7,1
CUST_00750,31,Female,Dodoma,Christian,Others,Master+,"200,000-500,000",Tigo Pesa,2,0.48,0.75,0.47,0.3,Huawei,China,Premium,New,1904667,8.1,Physical Store,Mobile Money,0,2,0.0,0.381,1.0,0.696,1.0,1.0,0.406,0.51,1
CUST_04672,23,Male,Dar es Salaam,Muslim,Others,No formal,"500,001-1,000,000",Tigo Pesa,3,0.04,0.74,0.73,0.3,Huawei,China,Premium,Used,859438,7.1,Online,Cash,0,12,0.47,0.518,0.9,0.82,0.6,1.0,0.441,0.65,0
CUST_00530,25,Male,Arusha,Muslim,Others,Primary,"200,000-500,000",M-Pesa,5,0.26,0.88,0.68,0.5,Apple,USA,Premium,New,1601033,8.7,Physical Store,Mobile Money,0,1,0.0,0.592,0.9,1.092,1.0,1.0,0.519,0.6,1
CUST_04699,18,Female,Tanga,Christian,Sukuma,Secondary,"500,001-1,000,000",Airtel Money,3,0.36,0.52,0.82,0.0,Nokia,Finland,Mid-Range,New,565352,7.2,Physical Store,Mobile Money,0,2,0.265,0.59,1.0,0.987,1.0,1.0,0.721,0.72,0
CUST_00907,15,Female,Morogoro,Christian,Others,Secondary,"200,000-500,000",Airtel Money,5,0.51,0.84,0.44,0.3,Tecno,China,Mid-Range,New,525721,7.7,Physical Store,Mobile Money,0,2,0.0,0.339,1.0,0.626,1.0,1.0,0.676,0.76,1
CUST_02959,33,Female,Dar es Salaam,Christian,Gogo,Diploma,"200,000-500,000",Halopesa,2,0.4,0.84,0.52,0.7,Vivo,China,Mid-Range,New,574717,6.4,Physical Store,Mobile Money,0,1,0.0,0.333,1.0,0.915,1.0,1.0,0.427,0.67,0
CUST_04303,33,Female,Mwanza,Muslim,Others,Diploma,"500,001-1,000,000",M-Pesa,3,0.36,0.5,0.58,0.3,Samsung,South Korea,Premium,New,1264010,8.7,Online,Mobile Money,0,12,0.473,0.505,0.9,0.836,1.0,1.0,0.788,0.67,1
CUST_02747,15,Female,Dodoma,Christian,Sukuma,Bachelor,"500,001-1,000,000",Tigo Pesa,2,0.34,0.61,0.67,0.7,Tecno,China,Mid-Range,New,541593,7.7,Online,Mobile Money,0,2,0.174,0.516,1.0,0.514,1.0,1.0,0.598,0.75,1
CUST_02295,42,Male,Zanzibar,Christian,Others,Primary,"500,001-1,000,000",M-Pesa,4,0.37,0.56,0.59,0.3,Nokia,Finland,Mid-Range,New,338635,6.8,Physical Store,Mobile Money,1,12,0.526,0.401,1.0,0.62,1.0,1.0,0.645,0.74,1
CUST_03099,28,Female,Mbeya,Christian,Others,Master+,">2,000,000",Airtel Money,3,0.08,0.41,0.38,0.3,Infinix,China,Mid-Range,New,497338,6.1,Physical Store,Mobile Money,1,2,0.49,0.232,1.0,0.893,1.0,1.0,0.438,0.67,1
CUST_03239,22,Female,Zanzibar,Christian,Chagga,No formal,"500,001-1,000,000",Airtel Money,3,0.21,0.68,0.35,0.5,Samsung,South Korea,Premium,New,1242064,8.7,Physical Store,Cash,0,1,0.296,0.304,1.0,0.725,1.0,1.0,0.552,0.67,0
CUST_01606,31,Female,Dar es Salaam,Muslim,Others,Diploma,"200,000-500,000",Halopesa,5,0.32,0.97,0.84,0.7,Infinix,China,Mid-Range,New,296658,7.4,Mobile,Mobile Money,0,1,0.281,0.622,0.9,0.802,1.0,1.0,0.655,0.78,1
CUST_03904,42,Male,Dar es Salaam,Muslim,Nyamwezi,Secondary,"200,000-500,000",Tigo Pesa,4,0.35,0.82,0.43,0.3,Tecno,China,Mid-Range,New,322764,7.2,Physical Store,Mobile Money,1,2,0.338,0.31,0.9,0.608,1.0,1.0,0.46,0.77,1
CUST_00630,31,Female,Dar es Salaam,Muslim,Others,Primary,"200,000-500,000",Halopesa,4,0.26,0.76,0.43,0.5,Samsung,South Korea,Premium,New,1696476,8.5,Online,Cash,0,2,0.0,0.366,0.9,1.036,1.0,1.0,0.532,0.57,1
CUST_03699,48,Female,Morogoro,Muslim,Gogo,Secondary,">2,000,000",Tigo Pesa,4,0.17,0.25,0.37,0.3,Samsung,South Korea,Premium,New,677928,8.6,Physical Store,Card,0,1,0.859,0.318,0.9,0.773,1.0,1.0,0.646,0.78,1
CUST_00553,28,Female,Dar es Salaam,Muslim,Others,Diploma,"200,000-500,000",M-Pesa,3,0.31,0.97,0.83,0.7,Apple,USA,Premium,New,2337738,8.5,Physical Store,Mobile Money,0,2,0.0,0.705,0.9,1.091,1.0,1.0,0.601,0.44,1
CUST_03973,36,Female,Mwanza,Muslim,Others,Secondary,"500,001-1,000,000",None,4,0.35,0.54,0.84,0.7,Xiaomi,China,Mid-Range,New,263358,6.4,Online,Card,1,2,0.644,0.538,0.9,0.901,1.0,1.0,0.695,0.73,1
CUST_04684,34,Male,Tanga,Muslim,Gogo,No formal,"200,000-500,000",M-Pesa,5,0.07,0.99,0.43,0.7,Nokia,Finland,Mid-Range,New,581841,7.7,Physical Store,Cash,0,1,0.0,0.331,0.9,0.524,1.0,1.0,0.358,0.75,1
CUST_03484,32,Male,Morogoro,Christian,Others,Primary,"500,001-1,000,000",Airtel Money,4,0.32,0.69,0.48,0.3,Tecno,China,Mid-Range,New,571777,6.3,Online,Cash,0,1,0.014,0.302,1.0,0.855,1.0,1.0,0.677,0.66,0
CUST_03346,25,Male,Dar es Salaam,Muslim,Others,No formal,"1,000,001-2,000,000",Tigo Pesa,4,0.25,0.28,0.46,0.7,Samsung,South Korea,Premium,New,793428,8.6,Physical Store,Cash,0,2,0.815,0.396,0.9,0.813,1.0,1.0,0.682,0.76,1
CUST_01933,30,Female,Arusha,Muslim,Nyamwezi,Secondary,"<200,000",M-Pesa,5,0.26,0.97,0.33,0.5,Nokia,Finland,Mid-Range,New,485898,6.2,Physical Store,Cash,0,1,0.0,0.205,0.9,0.654,1.0,1.0,0.334,0.67,0
CUST_03731,26,Male,Tanga,Other,Haya,Secondary,"200,000-500,000",M-Pesa,2,0.6,0.97,0.46,0.3,Tecno,China,Mid-Range,New,415970,7.6,Online,Cash,0,1,0.0,0.35,1.0,0.681,1.0,1.0,0.387,0.77,1
CUST_01179,21,Male,Dar es Salaam,Muslim,Haya,Diploma,"200,000-500,000",M-Pesa,5,0.17,0.92,0.34,0.5,Itel,China,Budget,New,112965,5.1,Physical Store,Mobile Money,0,1,0.307,0.173,0.9,0.716,1.0,1.0,0.413,0.68,1
CUST_04495,20,Male,Zanzibar,Muslim,Sukuma,Secondary,">2,000,000",Tigo Pesa,4,0.13,0.4,0.89,0.3,Itel,China,Budget,New,177784,7.0,Mobile,Cash,0,1,0.526,0.623,0.9,0.549,1.0,1.0,0.626,0.78,1
CUST_01277,25,Male,Mbeya,Christian,Makonde,Secondary,"<200,000",None,4,0.17,0.98,0.68,0.0,Xiaomi,China,Mid-Range,New,424745,7.9,Physical Store,Mobile Money,0,2,0.0,0.537,1.0,0.857,1.0,1.0,0.406,0.79,1
CUST_04272,18,Male,Dar es Salaam,Christian,Others,Primary,"1,000,001-2,000,000",Tigo Pesa,4,0.21,0.43,0.78,0.5,Samsung,South Korea,Premium,New,1050777,8.2,Online,Mobile Money,1,2,0.623,0.64,1.0,0.858,1.0,1.0,0.554,0.68,1
CUST_01493,17,Female,Dodoma,Christian,Makonde,Primary,"200,000-500,000",M-Pesa,3,0.6,0.7,0.45,0.5,Huawei,China,Premium,New,1297980,9.2,Physical Store,Mobile Money,0,12,0.243,0.414,1.0,0.534,1.0,1.0,0.62,0.69,1
CUST_01328,27,Male,Dar es Salaam,Christian,Others,Secondary,"200,000-500,000",M-Pesa,2,0.58,0.79,0.83,0.5,Nokia,Finland,Mid-Range,New,277046,7.2,Physical Store,Mobile Money,0,2,0.453,0.598,1.0,0.96,1.0,1.0,0.637,0.78,0
CUST_02527,23,Female,Arusha,Christian,Others,Secondary,">2,000,000",M-Pesa,3,0.4,0.23,0.67,0.5,Oppo,China,Mid-Range,New,478813,7.6,Physical Store,Mobile Money,0,2,0.725,0.509,1.0,0.684,1.0,1.0,0.807,0.76,1
CUST_00963,37,Female,Dar es Salaam,Muslim,Sukuma,No formal,"1,000,001-2,000,000",Tigo Pesa,4,0.25,0.32,0.56,0.3,Infinix,China,Mid-Range,New,434135,7.5,Physical Store,Mobile Money,0,1,0.653,0.42,0.9,0.529,1.0,1.0,0.417,0.76,1
CUST_01712,31,Male,Arusha,Muslim,Nyamwezi,Secondary,"500,001-1,000,000",Tigo Pesa,4,0.05,0.68,0.3,0.5,Nokia,Finland,Mid-Range,New,343454,6.5,Physical Store,Cash,0,1,0.416,0.195,0.9,0.505,1.0,1.0,0.484,0.72,1
CUST_02310,48,Male,Mwanza,Christian,Others,Diploma,"500,001-1,000,000",M-Pesa,2,0.33,0.5,0.47,0.5,Huawei,China,Premium,New,1664341,8.9,Online,Mobile Money,0,2,0.307,0.418,1.0,0.621,1.0,1.0,0.532,0.6,1
CUST_01504,25,Male,Zanzibar,Christian,Sukuma,Secondary,"200,000-500,000",Airtel Money,3,0.46,0.83,0.88,0.3,Samsung,South Korea,Premium,New,2448300,9.4,Physical Store,Mobile Money,0,2,0.0,0.827,1.0,1.146,1.0,1.0,0.457,0.47,1
CUST_01864,25,Male,Mwanza,Christian,Sukuma,No formal,"200,000-500,000",Airtel Money,4,0.05,0.84,0.42,0.0,Tecno,China,Mid-Range,New,511948,7.1,Online,Mobile Money,0,1,0.0,0.298,1.0,0.72,1.0,1.0,0.518,0.72,1
CUST_04184,43,Male,Dar es Salaam,Muslim,Chagga,Primary,"200,000-500,000",M-Pesa,1,0.52,0.85,0.48,0.5,Apple,USA,Premium,New,1610365,8.5,Physical Store,Cash,0,2,0.0,0.408,0.9,0.865,1.0,1.0,0.66,0.59,1
CUST_02414,21,Male,Morogoro,Christian,Others,No formal,"500,001-1,000,000",Halopesa,2,0.15,0.58,0.84,0.5,Huawei,China,Premium,New,2343908,9.5,Physical Store,Cash,0,1,0.0,0.798,1.0,0.577,1.0,1.0,0.566,0.5,1
CUST_02963,15,Male,Tanga,Muslim,Others,Secondary,"200,000-500,000",Tigo Pesa,2,0.05,0.83,0.71,0.5,Nokia,Finland,Mid-Range,New,325270,6.9,Physical Store,Mobile Money,0,1,0.325,0.49,0.9,0.686,1.0,1.0,0.572,0.75,1
CUST_01750,19,Male,Mbeya,Muslim,Others,Master+,"200,000-500,000",Halopesa,4,0.54,0.83,0.78,0.5,Itel,China,Budget,New,176163,6.4,Physical Store,Cash,0,2,0.025,0.499,0.9,0.683,1.0,1.0,0.323,0.75,1
CUST_04344,15,Female,Mwanza,Muslim,Nyamwezi,Secondary,"1,000,001-2,000,000",Tigo Pesa,3,0.2,0.33,0.82,0.3,Itel,China,Budget,New,136113,4.1,Physical Store,Cash,0,1,0.701,0.336,0.9,0.884,1.0,1.0,0.814,0.62,1
CUST_02067,34,Female,Arusha,Muslim,Others,Secondary,"1,000,001-2,000,000",Halopesa,3,0.65,0.19,0.43,0.5,Tecno,China,Mid-Range,Used,446863,5.1,Physical Store,Cash,0,2,0.788,0.219,0.9,0.704,0.6,1.0,0.629,0.62,1
CUST_04945,42,Female,Dar es Salaam,Christian,Others,Primary,"500,001-1,000,000",M-Pesa,5,0.04,0.69,0.68,0.7,Huawei,China,Premium,New,2288038,8.5,Physical Store,Mobile Money,1,2,0.0,0.578,1.0,0.646,1.0,1.0,0.543,0.45,1
CUST_02623,26,Male,Tanga,Muslim,Others,No formal,"200,000-500,000",M-Pesa,3,0.14,0.95,0.78,0.3,Huawei,China,Premium,New,1020139,10.0,Physical Store,Mobile Money,0,1,0.192,0.78,0.9,0.761,1.0,1.0,0.733,0.8,0
CUST_00669,36,Male,Arusha,Muslim,Sukuma,Primary,"200,000-500,000",Tigo Pesa,3,0.2,0.98,0.46,0.0,Apple,USA,Premium,New,1795852,8.3,Online,Mobile Money,0,1,0.0,0.382,0.9,0.749,1.0,1.0,0.394,0.54,1
CUST_03915,33,Male,Arusha,Muslim,Others,No formal,"200,000-500,000",None,4,0.37,0.76,0.31,0.3,Vivo,China,Mid-Range,Used,359437,6.5,Physical Store,Mobile Money,0,2,0.317,0.202,0.9,0.723,0.6,1.0,0.473,0.72,1
CUST_02400,17,Male,Mwanza,Muslim,Sukuma,Primary,"500,001-1,000,000",M-Pesa,3,0.1,0.75,0.83,0.7,Nokia,Finland,Mid-Range,Used,262647,5.9,Physical Store,Mobile Money,0,2,0.508,0.49,0.9,0.698,0.6,1.0,0.616,0.7,1
CUST_01725,28,Female,Mbeya,Muslim,Others,Diploma,"200,000-500,000",M-Pesa,3,0.09,0.71,0.75,0.3,Huawei,China,Premium,New,2190741,9.1,Online,Cash,0,2,0.0,0.682,0.9,0.791,1.0,1.0,0.653,0.51,1
CUST_01874,25,Female,Mbeya,Muslim,Chagga,Diploma,"1,000,001-2,000,000",M-Pesa,3,0.1,0.11,0.56,0.3,Samsung,South Korea,Premium,New,2172622,8.7,Physical Store,Mobile Money,1,2,0.801,0.487,0.9,1.181,1.0,1.0,0.891,0.49,1
CUST_01882,21,Male,Morogoro,Christian,Sukuma,Secondary,"1,000,001-2,000,000",M-Pesa,4,0.57,0.1,0.43,0.5,Tecno,China,Mid-Range,New,350232,7.7,Physical Store,Cash,1,2,0.912,0.331,1.0,0.915,1.0,1.0,0.863,0.79,1
CUST_03921,26,Male,Zanzibar,Christian,Nyamwezi,Diploma,"<200,000",None,3,0.63,0.79,0.71,0.3,Apple,USA,Premium,New,784347,9.3,Online,Cash,0,2,0.484,0.66,1.0,1.082,1.0,1.0,0.552,0.8,0
CUST_00778,23,Male,Dodoma,Muslim,Others,Bachelor,">2,000,000",M-Pesa,2,0.14,0.31,0.5,0.5,Samsung,South Korea,Premium,New,2121980,9.0,Online,Cash,0,2,0.452,0.45,0.9,0.759,1.0,1.0,0.476,0.52,1
CUST_03169,39,Male,Tanga,Christian,Sukuma,Secondary,"<200,000",None,4,0.37,0.77,0.49,0.7,Tecno,China,Mid-Range,Used,179595,5.1,Physical Store,Cash,0,2,0.654,0.25,1.0,0.956,0.6,1.0,0.501,0.67,1
CUST_02434,22,Female,Dodoma,Christian,Others,Master+,"<200,000",Airtel Money,3,0.05,0.77,0.76,0.7,Samsung,South Korea,Premium,New,2172405,9.7,Physical Store,Card,0,2,0.0,0.737,1.0,1.143,1.0,1.0,0.67,0.55,0
CUST_00161,28,Female,Arusha,Muslim,Others,Bachelor,"<200,000",M-Pesa,4,0.21,0.79,0.76,0.5,Huawei,China,Premium,New,2362481,9.0,Physical Store,Mobile Money,0,2,0.0,0.684,0.9,0.771,1.0,1.0,0.614,0.47,1
CUST_01109,15,Female,Arusha,Muslim,Sukuma,Bachelor,"200,000-500,000",Airtel Money,4,0.1,0.78,0.85,0.7,Oppo,China,Mid-Range,New,410433,7.5,Mobile,Card,0,1,0.2,0.638,0.9,0.869,1.0,1.0,0.599,0.77,1
CUST_01079,31,Male,Zanzibar,Other,Others,Primary,"200,000-500,000",Airtel Money,3,0.12,0.87,0.71,0.3,Nokia,Finland,Mid-Range,New,254923,6.3,Mobile,Cash,0,2,0.446,0.447,1.0,0.809,1.0,1.0,0.566,0.73,0
CUST_00806,37,Female,Dar es Salaam,Christian,Gogo,Diploma,"200,000-500,000",Tigo Pesa,3,0.4,0.74,0.53,0.5,Vivo,China,Mid-Range,New,591334,6.4,Online,Cash,0,2,0.0,0.339,1.0,0.691,1.0,1.0,0.491,0.67,1
CUST_03760,24,Female,Arusha,Christian,Others,Primary,"200,000-500,000",Halopesa,5,0.59,0.8,0.71,0.5,Xiaomi,China,Mid-Range,New,529463,7.3,Physical Store,Mobile Money,0,1,0.0,0.518,1.0,0.611,1.0,1.0,0.312,0.73,0
CUST_00288,22,Male,Mbeya,Christian,Haya,Bachelor,">2,000,000",M-Pesa,1,0.21,0.41,0.37,1.0,Apple,USA,Premium,New,1297291,8.6,Mobile,Card,0,2,0.557,0.318,1.0,0.638,1.0,0.8,0.807,0.66,1
CUST_04632,15,Male,Morogoro,Christian,Sukuma,Secondary,"<200,000",M-Pesa,4,0.64,0.75,0.73,0.7,Vivo,China,Mid-Range,New,362019,7.6,Physical Store,Cash,0,1,0.321,0.555,1.0,0.902,1.0,1.0,0.791,0.78,1
CUST_03722,32,Male,Mwanza,Muslim,Others,Diploma,"<200,000",M-Pesa,5,0.33,0.88,0.44,0.0,Apple,USA,Premium,New,1261657,9.1,Physical Store,Mobile Money,0,1,0.075,0.4,0.9,0.745,1.0,1.0,0.498,0.69,0
CUST_01622,33,Male,Mwanza,Christian,Nyamwezi,Primary,"500,001-1,000,000",M-Pesa,4,0.14,0.42,0.71,0.5,Tecno,China,Mid-Range,New,304273,7.2,Online,Cash,0,1,0.681,0.511,1.0,0.647,1.0,1.0,0.657,0.77,0
CUST_02637,29,Female,Mbeya,Muslim,Sukuma,No formal,"1,000,001-2,000,000",M-Pesa,5,0.03,0.49,0.37,0.5,Apple,USA,Premium,New,793375,8.5,Physical Store,Cash,1,2,0.676,0.314,0.9,0.987,1.0,1.0,0.791,0.75,1
CUST_02954,34,Female,Dodoma,Christian,Others,Secondary,"200,000-500,000",M-Pesa,4,0.3,0.82,0.49,0.0,Xiaomi,China,Mid-Range,New,301437,6.4,Online,Mobile Money,0,2,0.382,0.314,1.0,0.51,1.0,1.0,0.504,0.72,0
CUST_03429,23,Male,Mwanza,Other,Sukuma,Secondary,"1,000,001-2,000,000",M-Pesa,4,0.46,0.21,0.43,0.3,Nokia,Finland,Mid-Range,New,269694,6.2,Physical Store,Cash,0,2,0.858,0.267,1.0,0.746,1.0,1.0,0.801,0.72,1
CUST_04527,15,Male,Zanzibar,Christian,Sukuma,Primary,"<200,000",Airtel Money,5,0.29,0.98,0.45,0.0,Samsung,South Korea,Premium,New,1954838,8.5,Physical Store,Cash,0,2,0.0,0.382,1.0,0.923,1.0,1.0,0.675,0.52,1
CUST_03253,28,Male,Mwanza,Christian,Others,No formal,"1,000,001-2,000,000",Halopesa,1,0.22,0.26,0.3,0.0,Apple,USA,Premium,New,1060191,8.2,Physical Store,Cash,0,2,0.77,0.246,1.0,0.692,1.0,1.0,0.627,0.68,1
CUST_02110,15,Female,Tanga,Muslim,Others,Secondary,"500,001-1,000,000",M-Pesa,2,0.13,0.64,0.52,0.5,Nokia,Finland,Mid-Range,Used,444082,6.0,Physical Store,Card,0,9,0.289,0.312,0.9,0.566,0.6,1.0,0.55,0.67,1
CUST_03892,30,Male,Mbeya,Christian,Haya,Secondary,"1,000,001-2,000,000",M-Pesa,3,0.03,0.29,0.85,0.5,Tecno,China,Mid-Range,New,277528,6.7,Physical Store,Mobile Money,1,11,0.799,0.57,1.0,0.89,1.0,1.0,0.867,0.75,0
CUST_04879,29,Female,Morogoro,Christian,Others,Bachelor,"500,001-1,000,000",M-Pesa,3,0.43,0.66,0.49,0.7,Tecno,China,Mid-Range,Used,278904,6.1,Physical Store,Cash,0,2,0.54,0.299,1.0,0.97,0.6,1.0,0.668,0.71,0
CUST_00511,20,Male,Dar es Salaam,Christian,Sukuma,Diploma,"1,000,001-2,000,000",M-Pesa,3,0.44,0.37,0.81,0.0,Tecno,China,Mid-Range,Used,205085,6.3,Online,Mobile Money,0,2,0.81,0.51,1.0,0.618,0.6,1.0,0.967,0.74,1
CUST_01093,36,Female,Dodoma,Christian,Sukuma,Primary,"500,001-1,000,000",M-Pesa,3,0.1,0.62,0.7,0.0,Nokia,Finland,Mid-Range,Used,297874,5.7,Physical Store,Cash,0,2,0.538,0.399,1.0,0.874,0.6,1.0,0.591,0.68,1
CUST_04498,45,Female,Dar es Salaam,Christian,Haya,Primary,"200,000-500,000",Tigo Pesa,3,0.27,0.87,0.39,1.0,Apple,USA,Premium,New,1035036,8.2,Online,Cash,0,2,0.25,0.32,1.0,0.794,1.0,0.8,0.683,0.68,1
CUST_01631,31,Female,Arusha,Christian,Others,Primary,"1,000,001-2,000,000",M-Pesa,5,0.2,0.39,0.59,0.5,Tecno,China,Mid-Range,New,440504,7.1,Physical Store,Cash,0,12,0.571,0.419,1.0,0.858,1.0,1.0,0.855,0.74,1
CUST_01457,22,Female,Dodoma,Christian,Sukuma,Diploma,"200,000-500,000",Tigo Pesa,5,0.14,0.92,0.6,0.0,Samsung,South Korea,Premium,New,1538885,9.0,Online,Mobile Money,1,2,0.0,0.54,1.0,0.611,1.0,1.0,0.542,0.63,1
CUST_02751,42,Male,Zanzibar,Christian,Others,Secondary,"500,001-1,000,000",M-Pesa,1,0.23,0.72,0.87,0.3,Nokia,Finland,Mid-Range,New,388278,6.9,Online,Mobile Money,0,2,0.301,0.6,1.0,0.903,1.0,1.0,0.765,0.74,1
CUST_01762,29,Male,Mbeya,Christian,Nyamwezi,Diploma,"500,001-1,000,000",Airtel Money,1,0.11,0.54,0.38,0.5,Nokia,Finland,Mid-Range,New,286281,6.8,Physical Store,Mobile Money,0,2,0.614,0.258,1.0,0.811,1.0,1.0,0.621,0.75,0
CUST_00324,34,Male,Dar es Salaam,Christian,Others,Primary,"200,000-500,000",Tigo Pesa,3,0.27,0.82,0.72,0.3,Xiaomi,China,Mid-Range,New,291553,6.3,Physical Store,Mobile Money,0,1,0.402,0.454,1.0,0.795,1.0,1.0,0.678,0.72,1
CUST_01951,29,Female,Zanzibar,Christian,Others,Secondary,"<200,000",M-Pesa,2,0.67,0.95,0.71,0.3,Tecno,China,Mid-Range,New,515760,6.4,Online,Mobile Money,0,2,0.0,0.454,1.0,0.711,1.0,1.0,0.594,0.68,1
CUST_01144,39,Female,Arusha,Christian,Others,Primary,"200,000-500,000",M-Pesa,5,0.32,0.82,0.32,0.3,Oppo,China,Mid-Range,New,530684,6.2,Physical Store,Cash,0,1,0.0,0.198,1.0,0.502,1.0,1.0,0.332,0.67,1
CUST_00395,32,Female,Mwanza,Christian,Others,Secondary,"500,001-1,000,000",Tigo Pesa,2,0.09,0.76,0.65,0.0,Oppo,China,Mid-Range,New,303292,8.0,Physical Store,Mobile Money,0,10,0.424,0.52,1.0,0.6,1.0,1.0,0.732,0.82,0
CUST_01794,20,Female,Tanga,Muslim,Others,Secondary,"<200,000",Airtel Money,3,0.12,0.84,0.87,0.0,Xiaomi,China,Mid-Range,New,415743,6.2,Physical Store,Mobile Money,0,1,0.127,0.539,0.9,0.798,1.0,1.0,0.318,0.69,1
CUST_02090,43,Female,Mbeya,Christian,Gogo,Primary,"<200,000",Airtel Money,4,0.39,0.81,0.39,0.7,Tecno,China,Mid-Range,New,589922,6.8,Physical Store,Cash,0,2,0.0,0.265,1.0,0.985,1.0,1.0,0.418,0.69,1
CUST_00003,30,Male,Morogoro,Muslim,Chagga,No formal,"200,000-500,000",M-Pesa,5,0.29,0.86,0.41,1.0,Infinix,China,Mid-Range,New,488436,7.2,Online,Mobile Money,0,2,0.0,0.295,0.9,0.778,1.0,0.8,0.477,0.73,1
CUST_01608,30,Female,Zanzibar,Christian,Haya,No formal,"200,000-500,000",Tigo Pesa,3,0.31,0.87,0.68,0.0,Nokia,Finland,Mid-Range,New,377954,7.2,Online,Cash,0,1,0.178,0.49,1.0,0.922,1.0,1.0,0.707,0.76,1
CUST_00860,33,Male,Mwanza,Christian,Others,Diploma,"1,000,001-2,000,000",Halopesa,2,0.38,0.43,0.57,0.5,Tecno,China,Mid-Range,New,294299,6.1,Physical Store,Cash,0,1,0.684,0.348,1.0,0.798,1.0,1.0,0.481,0.71,1
CUST_02537,27,Female,Arusha,Christian,Others,Primary,"200,000-500,000",Tigo Pesa,1,0.3,0.96,0.52,0.3,Huawei,China,Premium,New,2175815,8.6,Physical Store,Cash,1,1,0.0,0.447,1.0,0.625,1.0,1.0,0.442,0.48,1
CUST_02879,20,Male,Dar es Salaam,Christian,Others,Diploma,"1,000,001-2,000,000",Tigo Pesa,5,0.65,0.16,0.45,0.5,Tecno,China,Mid-Range,New,393901,8.0,Physical Store,Cash,1,2,0.842,0.36,1.0,0.841,1.0,1.0,0.834,0.8,1
CUST_03431,20,Female,Tanga,Christian,Others,Primary,"200,000-500,000",M-Pesa,1,0.48,0.73,0.84,0.5,Huawei,China,Premium,New,2442674,8.4,Online,Mobile Money,0,2,0.0,0.706,1.0,0.52,1.0,1.0,0.405,0.42,1
CUST_04198,26,Female,Morogoro,Muslim,Nyamwezi,Secondary,"<200,000",M-Pesa,3,0.2,0.92,0.78,0.0,Apple,USA,Premium,New,1047311,10.0,Physical Store,Cash,1,2,0.197,0.78,0.9,0.884,1.0,1.0,0.713,0.79,1
CUST_04310,15,Male,Dar es Salaam,Muslim,Nyamwezi,Primary,"500,001-1,000,000",Airtel Money,3,0.02,0.72,0.78,0.5,Samsung,South Korea,Premium,New,1264757,9.8,Physical Store,Cash,0,2,0.241,0.764,0.9,0.684,1.0,1.0,0.615,0.74,1
CUST_02714,27,Female,Arusha,Christian,Nyamwezi,No formal,"500,001-1,000,000",M-Pesa,3,0.69,0.57,0.67,0.5,Samsung,South Korea,Premium,Used,1018551,8.5,Physical Store,Cash,0,1,0.516,0.57,1.0,1.154,0.6,1.0,0.868,0.71,0
CUST_01126,21,Female,Tanga,Christian,Nyamwezi,Primary,"<200,000",M-Pesa,1,0.04,0.74,0.39,0.5,Tecno,China,Mid-Range,New,381170,7.0,Physical Store,Cash,1,2,0.295,0.273,1.0,0.933,1.0,1.0,0.584,0.74,1
CUST_04335,26,Male,Dodoma,Christian,Sukuma,Secondary,"200,000-500,000",None,2,0.36,0.94,0.58,0.5,Nokia,Finland,Mid-Range,New,450474,7.8,Physical Store,Cash,0,1,0.0,0.452,1.0,0.759,1.0,1.0,0.363,0.78,1
CUST_04610,31,Female,Dar es Salaam,Muslim,Others,Primary,"<200,000",Airtel Money,5,0.07,0.78,0.39,0.7,Oppo,China,Mid-Range,New,545765,7.2,Physical Store,Cash,0,12,0.0,0.281,0.9,0.796,1.0,1.0,0.506,0.72,1
CUST_03590,30,Male,Dodoma,Christian,Haya,Primary,"<200,000",Tigo Pesa,5,0.24,0.88,0.52,0.3,Tecno,China,Mid-Range,New,440568,7.5,Physical Store,Cash,0,1,0.031,0.39,1.0,0.834,1.0,1.0,0.4,0.76,0
CUST_04601,24,Female,Zanzibar,Christian,Nyamwezi,Diploma,"500,001-1,000,000",Tigo Pesa,4,0.5,0.51,0.38,0.0,Samsung,South Korea,Premium,New,798367,8.5,Physical Store,Cash,0,1,0.661,0.323,1.0,1.143,1.0,1.0,0.755,0.75,1
CUST_03138,45,Male,Dar es Salaam,Christian,Nyamwezi,Bachelor,"500,001-1,000,000",Tigo Pesa,3,0.08,0.67,0.36,0.3,Huawei,China,Premium,New,1127617,9.3,Physical Store,Cash,1,2,0.37,0.335,1.0,0.734,1.0,1.0,0.649,0.73,1
CUST_04242,27,Male,Tanga,Christian,Makonde,Secondary,">2,000,000",None,4,0.41,0.17,0.7,0.3,Oppo,China,Mid-Range,New,511331,6.5,Physical Store,Card,0,2,0.783,0.455,1.0,0.559,1.0,1.0,0.654,0.69,1
CUST_01714,38,Female,Mbeya,Christian,Others,Diploma,"500,001-1,000,000",Airtel Money,3,0.37,0.57,0.67,0.0,Itel,China,Budget,New,183992,5.3,Physical Store,Cash,0,2,0.301,0.355,1.0,0.647,1.0,1.0,0.551,0.68,1
CUST_04585,37,Male,Tanga,Muslim,Others,Secondary,"500,001-1,000,000",Halopesa,4,0.09,0.5,0.86,0.0,Vivo,China,Mid-Range,New,553154,7.7,Mobile,Cash,1,1,0.309,0.662,0.9,0.758,1.0,1.0,0.73,0.75,1
CUST_02241,25,Male,Mwanza,Christian,Haya,Diploma,"500,001-1,000,000",M-Pesa,4,0.41,0.54,0.45,0.3,Samsung,South Korea,Premium,New,902316,8.7,Physical Store,Cash,0,2,0.594,0.391,1.0,1.191,1.0,1.0,0.689,0.74,1
CUST_04712,17,Male,Dodoma,Muslim,Others,Secondary,"500,001-1,000,000",M-Pesa,4,0.32,0.48,0.8,0.5,Vivo,China,Mid-Range,New,526021,8.0,Physical Store,Cash,0,2,0.369,0.64,0.9,0.851,1.0,1.0,0.754,0.77,1
CUST_01129,22,Male,Mwanza,Christian,Chagga,No formal,">2,000,000",Halopesa,3,0.24,0.28,0.33,0.0,Tecno,China,Mid-Range,New,338761,7.4,Physical Store,Mobile Money,0,12,0.763,0.244,1.0,0.843,1.0,1.0,0.719,0.78,1
CUST_03118,15,Female,Morogoro,Muslim,Others,Secondary,"<200,000",Halopesa,3,0.38,0.95,0.49,0.3,Xiaomi,China,Mid-Range,New,500452,6.3,Physical Store,Card,0,1,0.0,0.309,0.9,0.65,1.0,1.0,0.366,0.68,1
CUST_02399,38,Female,Morogoro,Muslim,Makonde,Primary,"200,000-500,000",Tigo Pesa,1,0.58,0.74,0.32,0.5,Xiaomi,China,Mid-Range,New,489068,6.4,Physical Store,Mobile Money,0,2,0.095,0.205,0.9,0.753,1.0,1.0,0.349,0.69,0
CUST_00787,26,Male,Mbeya,Muslim,Sukuma,Primary,"500,001-1,000,000",Airtel Money,3,0.37,0.71,0.34,0.5,Samsung,South Korea,Premium,New,1147389,8.2,Physical Store,Card,1,2,0.321,0.279,0.9,0.989,1.0,1.0,0.769,0.66,1
CUST_00317,20,Male,Arusha,Christian,Gogo,Primary,"200,000-500,000",M-Pesa,3,0.3,0.97,0.3,0.7,Infinix,China,Mid-Range,New,509413,7.7,Mobile,Mobile Money,1,2,0.0,0.231,1.0,0.641,1.0,1.0,0.324,0.76,1
CUST_03860,24,Female,Arusha,Muslim,Others,Primary,"200,000-500,000",M-Pesa,2,0.82,0.81,0.7,0.0,Vivo,China,Mid-Range,New,541237,6.2,Physical Store,Mobile Money,0,1,0.0,0.434,0.9,1.0,1.0,1.0,0.681,0.66,0
CUST_04818,38,Female,Mwanza,Muslim,Chagga,No formal,"200,000-500,000",M-Pesa,2,0.36,0.91,0.57,0.5,Itel,China,Budget,New,179395,5.4,Physical Store,Cash,1,2,0.0,0.308,0.9,0.989,1.0,1.0,0.382,0.69,1
CUST_01528,24,Male,Zanzibar,Christian,Sukuma,Diploma,"<200,000",Halopesa,3,0.47,0.92,0.49,0.3,Xiaomi,China,Mid-Range,New,594502,6.1,Physical Store,Cash,0,2,0.0,0.299,1.0,0.94,1.0,1.0,0.441,0.65,1
CUST_04306,38,Male,Mbeya,Christian,Makonde,Secondary,">2,000,000",Airtel Money,3,0.31,0.22,0.6,0.5,Tecno,China,Mid-Range,New,275949,7.9,Mobile,Cash,0,2,0.848,0.474,1.0,0.871,1.0,1.0,0.869,0.82,1
CUST_00197,26,Male,Dar es Salaam,Christian,Haya,Secondary,"500,001-1,000,000",Airtel Money,1,0.19,0.72,0.76,0.5,Apple,USA,Premium,New,1830238,8.1,Physical Store,Cash,0,2,0.0,0.616,1.0,0.701,1.0,1.0,0.478,0.52,0
CUST_04704,27,Male,Zanzibar,Christian,Others,Diploma,"200,000-500,000",M-Pesa,3,0.25,0.77,0.43,1.0,Nokia,Finland,Mid-Range,New,549422,7.6,Physical Store,Cash,1,2,0.0,0.327,1.0,0.676,1.0,0.8,0.339,0.75,1
CUST_00408,24,Male,Dar es Salaam,Christian,Others,Secondary,"<200,000",M-Pesa,5,0.06,0.97,0.68,0.0,Vivo,China,Mid-Range,New,402834,7.2,Physical Store,Mobile Money,0,1,0.023,0.49,1.0,0.99,1.0,1.0,0.481,0.75,1
CUST_02637,29,Female,Mbeya,Muslim,Sukuma,No formal,"1,000,001-2,000,000",M-Pesa,5,0.03,0.49,0.37,0.5,Itel,China,Budget,New,133325,6.2,Physical Store,Card,1,1,0.564,0.229,0.9,0.592,1.0,1.0,0.379,0.75,1
CUST_03790,17,Male,Mwanza,Christian,Gogo,Bachelor,"500,001-1,000,000",Tigo Pesa,3,0.47,0.59,0.58,0.5,Infinix,China,Mid-Range,New,418084,6.9,Physical Store,Card,0,2,0.383,0.4,1.0,0.775,1.0,1.0,0.629,0.73,1
CUST_03309,19,Male,Dar es Salaam,Christian,Nyamwezi,Secondary,"200,000-500,000",Tigo Pesa,5,0.24,0.95,0.68,0.0,Infinix,China,Mid-Range,New,589888,7.7,Physical Store,Cash,0,2,0.0,0.524,1.0,0.789,1.0,1.0,0.452,0.74,1
CUST_03542,15,Male,Dodoma,Christian,Others,Primary,"<200,000",Halopesa,2,0.19,0.78,0.63,0.5,Vivo,China,Mid-Range,New,316383,7.5,Physical Store,Cash,1,2,0.383,0.473,1.0,0.981,1.0,1.0,0.66,0.79,1
CUST_02463,15,Male,Dar es Salaam,Muslim,Others,No formal,"500,001-1,000,000",Airtel Money,2,0.07,0.61,0.78,0.3,Apple,USA,Premium,New,786731,8.9,Online,Cash,0,2,0.6,0.694,0.9,0.872,1.0,1.0,0.827,0.78,1
CUST_04042,18,Female,Morogoro,Christian,Chagga,Primary,"200,000-500,000",M-Pesa,4,0.35,0.98,0.76,0.5,Apple,USA,Premium,New,655195,8.1,Physical Store,Mobile Money,0,2,0.465,0.616,1.0,0.734,1.0,1.0,0.675,0.75,1
CUST_00392,15,Male,Dodoma,Muslim,Chagga,Secondary,"1,000,001-2,000,000",Halopesa,4,0.37,0.12,0.41,0.5,Apple,USA,Premium,New,1888070,9.7,Physical Store,Cash,0,2,0.811,0.398,0.9,0.849,1.0,1.0,0.788,0.6,1
CUST_00598,33,Female,Mwanza,Muslim,Gogo,Secondary,"200,000-500,000",Airtel Money,3,0.16,0.77,0.39,0.5,Infinix,China,Mid-Range,New,559268,7.3,Online,Cash,0,2,0.0,0.285,0.9,0.932,1.0,1.0,0.472,0.73,1
CUST_02694,19,Female,Dar es Salaam,Muslim,Others,Primary,">2,000,000",M-Pesa,2,0.39,0.27,0.82,0.3,Samsung,South Korea,Premium,New,1533708,8.4,Online,Mobile Money,0,10,0.655,0.689,0.9,0.864,1.0,1.0,0.759,0.6,1
CUST_04997,26,Male,Morogoro,Christian,Others,Secondary,"500,001-1,000,000",M-Pesa,4,0.19,0.75,0.63,0.7,Infinix,China,Mid-Range,New,431794,6.1,Online,Cash,0,12,0.19,0.384,1.0,0.873,1.0,1.0,0.647,0.68,1
CUST_03728,27,Male,Zanzibar,Christian,Others,Master+,"<200,000",M-Pesa,2,0.24,0.97,0.54,0.5,Nokia,Finland,Mid-Range,New,293146,7.2,Physical Store,Cash,1,2,0.289,0.389,1.0,0.996,1.0,1.0,0.614,0.77,1
CUST_02659,24,Male,Dar es Salaam,Muslim,Others,Secondary,">2,000,000",M-Pesa,4,0.2,0.19,0.88,0.3,Oppo,China,Mid-Range,New,330996,6.9,Online,Mobile Money,0,1,0.843,0.607,0.9,0.615,1.0,1.0,0.653,0.75,1
CUST_02110,15,Female,Tanga,Muslim,Others,Secondary,"500,001-1,000,000",M-Pesa,2,0.13,0.64,0.52,0.5,Huawei,China,Premium,New,1986569,9.1,Physical Store,Cash,1,2,0.0,0.473,0.9,0.786,1.0,1.0,0.472,0.55,1
CUST_04858,48,Female,Dodoma,Christian,Others,Primary,"500,001-1,000,000",Halopesa,2,0.57,0.76,0.68,0.5,Itel,China,Budget,New,97304,6.5,Physical Store,Mobile Money,0,1,0.507,0.442,1.0,0.755,1.0,1.0,0.577,0.77,1
CUST_03292,40,Male,Dodoma,Muslim,Chagga,Secondary,"200,000-500,000",M-Pesa,3,0.48,0.72,0.68,0.0,Nokia,Finland,Mid-Range,New,591958,7.1,Online,Cash,0,2,0.0,0.483,0.9,0.717,1.0,1.0,0.52,0.71,0
CUST_03223,53,Male,Mbeya,Muslim,Gogo,Diploma,"<200,000",Airtel Money,4,0.43,0.78,0.64,0.0,Vivo,China,Mid-Range,New,381219,7.9,Mobile,Card,0,2,0.257,0.506,0.9,0.579,1.0,1.0,0.601,0.8,1
CUST_03240,33,Female,Mbeya,Christian,Others,Secondary,"<200,000",M-Pesa,5,0.17,0.82,0.47,1.0,Huawei,China,Premium,New,2159231,9.8,Physical Store,Card,0,2,0.0,0.461,1.0,0.816,1.0,0.8,0.378,0.56,1
CUST_03573,22,Female,Arusha,Christian,Chagga,No formal,"<200,000",Tigo Pesa,2,0.1,0.77,0.48,0.5,Tecno,China,Mid-Range,Used,284368,5.8,Online,Cash,0,2,0.453,0.278,1.0,0.919,0.6,1.0,0.611,0.69,1
CUST_00876,19,Male,Mwanza,Christian,Others,Secondary,"1,000,001-2,000,000",Halopesa,5,0.59,0.4,0.62,0.0,Samsung,South Korea,Premium,New,601799,9.3,Physical Store,Mobile Money,0,2,0.799,0.577,1.0,0.934,1.0,1.0,1.016,0.84,1
CUST_02818,27,Male,Mwanza,Muslim,Sukuma,Bachelor,"200,000-500,000",None,1,0.34,0.97,0.7,0.7,Xiaomi,China,Mid-Range,New,487562,6.5,Physical Store,Mobile Money,0,2,0.0,0.455,0.9,0.583,1.0,1.0,0.508,0.69,1
CUST_00394,40,Female,Mbeya,Muslim,Chagga,Diploma,"<200,000",M-Pesa,2,0.11,0.92,0.37,0.3,Tecno,China,Mid-Range,New,454296,7.8,Physical Store,Cash,0,2,0.0,0.289,0.9,0.75,1.0,1.0,0.431,0.78,1
CUST_02090,43,Female,Mbeya,Christian,Gogo,Primary,"<200,000",Airtel Money,4,0.39,0.81,0.39,0.7,Samsung,South Korea,Premium,New,2172228,8.9,Physical Store,Cash,1,1,0.0,0.347,1.0,0.687,1.0,1.0,0.584,0.5,1
CUST_03328,31,Female,Mbeya,Christian,Others,Primary,"500,001-1,000,000",M-Pesa,3,0.37,0.65,0.89,0.3,Oppo,China,Mid-Range,New,452527,6.4,Physical Store,Cash,1,2,0.265,0.57,1.0,0.675,1.0,1.0,0.656,0.69,1
CUST_03659,29,Female,Morogoro,Muslim,Others,Secondary,"1,000,001-2,000,000",M-Pesa,3,0.39,0.11,0.4,0.7,Samsung,South Korea,Premium,New,1174301,9.2,Mobile,Cash,0,11,0.892,0.368,0.9,1.105,1.0,1.0,0.683,0.72,1
CUST_01740,29,Female,Mbeya,Muslim,Nyamwezi,Primary,"200,000-500,000",M-Pesa,5,0.27,0.97,0.46,0.5,Nokia,Finland,Mid-Range,New,338634,6.6,Online,Cash,0,2,0.179,0.304,0.9,0.751,1.0,1.0,0.431,0.73,1
CUST_02550,19,Male,Tanga,Muslim,Others,Primary,"500,001-1,000,000",Tigo Pesa,3,0.37,0.78,0.87,0.3,Oppo,China,Mid-Range,New,472261,6.8,Online,Mobile Money,0,1,0.079,0.592,0.9,0.982,1.0,1.0,0.597,0.71,1
CUST_00605,40,Male,Mwanza,Christian,Others,Secondary,"<200,000",M-Pesa,1,0.68,0.84,0.53,0.3,Tecno,China,Mid-Range,Used,466194,6.4,Physical Store,Cash,0,1,0.021,0.339,1.0,0.59,0.6,1.0,0.645,0.69,1
CUST_04855,25,Female,Mbeya,Muslim,Haya,Primary,"500,001-1,000,000",Halopesa,5,0.27,0.76,0.36,0.3,Oppo,China,Mid-Range,New,570468,6.3,Online,Mobile Money,0,2,0.0,0.227,0.9,0.612,1.0,1.0,0.442,0.66,1
CUST_04852,15,Female,Dodoma,Christian,Others,Primary,"200,000-500,000",M-Pesa,5,0.27,0.71,0.86,0.7,Huawei,China,Premium,New,1256211,9.6,Physical Store,Cash,0,1,0.257,0.826,1.0,0.967,1.0,1.0,0.592,0.72,1
CUST_04099,29,Female,Tanga,Christian,Others,Secondary,"1,000,001-2,000,000",Tigo Pesa,4,0.22,0.45,0.88,0.0,Samsung,South Korea,Premium,New,1411496,8.3,Physical Store,Mobile Money,0,2,0.471,0.73,1.0,1.124,1.0,1.0,0.824,0.62,0
CUST_00348,21,Male,Morogoro,Muslim,Others,Diploma,"<200,000",M-Pesa,1,0.05,0.83,0.73,0.3,Oppo,China,Mid-Range,New,295420,6.1,Physical Store,Mobile Money,0,2,0.387,0.445,0.9,0.727,1.0,1.0,0.544,0.71,1
CUST_03334,28,Female,Mwanza,Christian,Others,Secondary,"200,000-500,000",M-Pesa,4,0.31,0.91,0.47,0.3,Samsung,South Korea,Premium,New,1817982,8.1,Physical Store,Cash,0,12,0.0,0.381,1.0,1.009,1.0,1.0,0.368,0.52,1
CUST_02873,31,Female,Arusha,Muslim,Others,Primary,"200,000-500,000",Tigo Pesa,3,0.53,0.74,0.38,0.3,Oppo,China,Mid-Range,Used,190148,5.4,Mobile,Card,0,1,0.648,0.205,0.9,0.961,0.6,1.0,0.731,0.69,1
CUST_03596,31,Female,Arusha,Muslim,Others,Secondary,"200,000-500,000",M-Pesa,2,0.48,0.76,0.41,0.3,Nokia,Finland,Mid-Range,New,386067,7.6,Mobile,Cash,1,2,0.266,0.312,0.9,0.678,1.0,1.0,0.499,0.78,1
CUST_04135,15,Female,Dar es Salaam,Muslim,Others,Secondary,"200,000-500,000",M-Pesa,4,0.32,0.89,0.7,0.7,Samsung,South Korea,Premium,New,1659027,8.1,Physical Store,Cash,0,2,0.0,0.567,0.9,1.109,1.0,1.0,0.586,0.55,0
CUST_02723,26,Male,Mwanza,Christian,Others,No formal,"200,000-500,000",M-Pesa,5,0.12,0.94,0.87,0.0,Tecno,China,Mid-Range,New,430466,7.4,Online,Cash,0,1,0.0,0.644,1.0,0.95,1.0,1.0,0.586,0.76,0
CUST_01832,38,Female,Dar es Salaam,Muslim,Sukuma,Secondary,"<200,000",Airtel Money,3,0.5,0.86,0.76,0.5,Xiaomi,China,Mid-Range,New,406421,6.3,Online,Cash,0,12,0.126,0.479,0.9,0.897,1.0,1.0,0.576,0.7,1
CUST_00301,28,Female,Zanzibar,Christian,Chagga,Primary,"1,000,001-2,000,000",Halopesa,3,0.55,0.23,0.85,0.0,Infinix,China,Mid-Range,New,295716,7.1,Online,Mobile Money,1,2,0.83,0.603,1.0,0.971,1.0,1.0,0.873,0.77,1
CUST_04766,28,Male,Zanzibar,Muslim,Nyamwezi,No formal,"1,000,001-2,000,000",Halopesa,5,0.13,0.18,0.68,0.5,Oppo,China,Mid-Range,Used,467314,6.3,Physical Store,Mobile Money,1,1,0.79,0.428,0.9,0.974,0.6,1.0,0.555,0.68,0
CUST_00986,22,Male,Morogoro,Christian,Others,Bachelor,"200,000-500,000",Tigo Pesa,3,0.2,0.88,0.59,0.0,Oppo,China,Mid-Range,Used,467520,5.2,Online,Mobile Money,0,12,0.0,0.307,1.0,0.742,0.6,1.0,0.32,0.62,1
CUST_03109,33,Female,Dar es Salaam,Muslim,Others,Secondary,"200,000-500,000",Airtel Money,2,0.08,0.76,0.63,0.5,Tecno,China,Mid-Range,New,299950,6.0,Online,Mobile Money,1,2,0.43,0.378,0.9,0.625,1.0,1.0,0.694,0.7,1
CUST_01117,47,Female,Morogoro,Christian,Others,Diploma,"500,001-1,000,000",None,4,0.69,0.46,0.89,0.3,Apple,USA,Premium,New,887000,9.5,Physical Store,Mobile Money,0,2,0.66,0.845,1.0,0.636,1.0,1.0,0.854,0.79,1
CUST_00262,31,Male,Dar es Salaam,Christian,Others,Primary,"200,000-500,000",M-Pesa,1,0.41,0.82,0.31,0.3,Nokia,Finland,Mid-Range,New,437317,6.8,Online,Card,0,11,0.104,0.211,1.0,0.719,1.0,1.0,0.51,0.72,0
CUST_01237,26,Male,Tanga,Muslim,Nyamwezi,Diploma,"<200,000",M-Pesa,3,0.29,0.96,0.86,0.5,Itel,China,Budget,New,164661,7.0,Physical Store,Cash,0,2,0.0,0.602,0.9,0.743,1.0,1.0,0.658,0.79,1
CUST_04659,32,Female,Mwanza,Christian,Others,Secondary,"500,001-1,000,000",Tigo Pesa,5,0.48,0.42,0.88,0.7,Infinix,China,Mid-Range,New,337451,7.6,Physical Store,Mobile Money,0,1,0.646,0.669,1.0,0.726,1.0,1.0,0.835,0.79,1
CUST_03628,36,Female,Dodoma,Christian,Sukuma,No formal,"200,000-500,000",M-Pesa,4,0.2,0.9,0.68,0.0,Xiaomi,China,Mid-Range,New,413424,6.6,Physical Store,Mobile Money,0,1,0.07,0.449,1.0,0.807,1.0,1.0,0.593,0.71,1
CUST_02154,15,Female,Morogoro,Christian,Others,Primary,"<200,000",None,4,0.23,1.0,0.45,0.0,Apple,USA,Premium,New,2496153,8.3,Physical Store,Mobile Money,1,1,0.0,0.374,1.0,0.638,1.0,1.0,0.628,0.4,1
CUST_01626,36,Male,Morogoro,Muslim,Others,No formal,"<200,000",M-Pesa,3,0.34,0.85,0.61,0.3,Huawei,China,Premium,New,1696831,9.5,Physical Store,Cash,0,2,0.0,0.58,0.9,0.508,1.0,1.0,0.625,0.63,0
CUST_01402,27,Female,Mwanza,Christian,Sukuma,Secondary,">2,000,000",Tigo Pesa,3,0.46,0.49,0.9,0.5,Samsung,South Korea,Premium,New,897960,9.1,Mobile,Mobile Money,1,2,0.633,0.819,1.0,0.969,1.0,1.0,0.816,0.77,1
CUST_03220,24,Male,Dar es Salaam,Christian,Nyamwezi,Primary,"500,001-1,000,000",Airtel Money,2,0.28,0.44,0.74,0.3,Oppo,China,Mid-Range,New,345029,7.2,Physical Store,Mobile Money,1,1,0.62,0.533,1.0,0.922,1.0,1.0,0.825,0.76,1
CUST_03575,43,Female,Dodoma,Muslim,Others,Secondary,"200,000-500,000",None,3,0.22,0.71,0.56,0.7,Nokia,Finland,Mid-Range,New,421387,7.5,Physical Store,Cash,1,2,0.252,0.42,0.9,0.734,1.0,1.0,0.435,0.77,1
CUST_04985,15,Male,Zanzibar,Christian,Nyamwezi,Primary,"<200,000",Tigo Pesa,4,0.14,0.95,0.83,0.0,Nokia,Finland,Mid-Range,New,338392,7.2,Physical Store,Mobile Money,0,1,0.196,0.598,1.0,0.863,1.0,1.0,0.582,0.76,1
CUST_00507,29,Female,Zanzibar,Christian,Chagga,Bachelor,"200,000-500,000",Airtel Money,3,0.12,0.71,0.57,0.5,Apple,USA,Premium,New,1561991,9.8,Physical Store,Cash,1,2,0.076,0.559,1.0,1.02,1.0,1.0,0.592,0.68,1
CUST_04074,15,Female,Dar es Salaam,Muslim,Others,Primary,"1,000,001-2,000,000",M-Pesa,4,0.59,0.42,0.41,0.5,Itel,China,Budget,New,174983,6.5,Physical Store,Cash,0,2,0.51,0.266,0.9,0.64,1.0,1.0,0.571,0.76,1
CUST_00695,15,Male,Mwanza,Christian,Haya,Secondary,"1,000,001-2,000,000",None,3,0.39,0.26,0.42,0.3,Tecno,China,Mid-Range,New,584187,7.5,Mobile,Mobile Money,0,2,0.62,0.315,1.0,0.862,1.0,1.0,0.613,0.73,1
CUST_01515,15,Male,Dodoma,Christian,Others,Primary,"<200,000",M-Pesa,2,0.36,0.95,0.37,0.5,Huawei,China,Premium,New,1381386,9.0,Physical Store,Cash,1,12,0.0,0.333,1.0,0.691,1.0,1.0,0.276,0.66,1
CUST_00104,32,Male,Dodoma,Muslim,Chagga,No formal,"1,000,001-2,000,000",Tigo Pesa,2,0.46,0.41,0.31,0.3,Infinix,China,Mid-Range,New,519880,6.7,Physical Store,Mobile Money,0,2,0.467,0.208,0.9,0.697,1.0,1.0,0.631,0.7,1
CUST_03143,37,Female,Mwanza,Muslim,Others,Primary,"1,000,001-2,000,000",Tigo Pesa,2,0.13,0.2,0.36,0.0,Samsung,South Korea,Premium,New,1338888,8.6,Physical Store,Mobile Money,0,2,0.777,0.31,0.9,1.153,1.0,1.0,0.672,0.65,1
CUST_01125,41,Male,Dar es Salaam,Muslim,Others,Primary,"500,001-1,000,000",Airtel Money,5,0.34,0.41,0.84,0.5,Infinix,China,Mid-Range,New,563341,6.3,Mobile,Mobile Money,1,12,0.423,0.529,0.9,0.924,1.0,1.0,0.658,0.67,1
CUST_03605,34,Male,Dar es Salaam,Christian,Chagga,Primary,"500,001-1,000,000",Tigo Pesa,4,0.6,0.69,0.78,0.3,Tecno,China,Mid-Range,New,457150,7.0,Physical Store,Mobile Money,0,2,0.211,0.546,1.0,0.773,1.0,1.0,0.505,0.73,0
CUST_01439,21,Male,Dar es Salaam,Christian,Gogo,Secondary,"200,000-500,000",Tigo Pesa,4,0.45,0.92,0.63,0.3,Itel,China,Budget,New,236524,5.6,Online,Cash,1,2,0.0,0.353,1.0,0.631,1.0,1.0,0.433,0.69,1
CUST_03425,38,Female,Mbeya,Muslim,Sukuma,Primary,">2,000,000",M-Pesa,2,0.24,0.42,0.71,0.3,Vivo,China,Mid-Range,New,277408,7.0,Physical Store,Mobile Money,0,2,0.709,0.497,0.9,0.916,1.0,1.0,0.683,0.76,1
CUST_03920,33,Male,Dar es Salaam,Christian,Haya,Secondary,"500,001-1,000,000",M-Pesa,3,0.14,0.74,0.54,0.3,Samsung,South Korea,Premium,New,798198,9.6,Physical Store,Cash,0,2,0.508,0.518,1.0,1.0,1.0,1.0,0.694,0.82,1
CUST_04749,25,Female,Zanzibar,Muslim,Others,Primary,"200,000-500,000",M-Pesa,2,0.22,0.84,0.31,0.7,Itel,China,Budget,Used,180899,3.5,Physical Store,Cash,1,2,0.0,0.108,0.9,0.517,0.6,1.0,0.344,0.57,0
CUST_00990,30,Female,Mbeya,Christian,Others,Primary,"500,001-1,000,000",M-Pesa,4,0.34,0.43,0.81,0.0,Xiaomi,China,Mid-Range,New,484955,7.7,Mobile,Cash,0,12,0.479,0.624,1.0,0.667,1.0,1.0,0.364,0.77,1
CUST_03697,33,Male,Tanga,Muslim,Others,Secondary,">2,000,000",Airtel Money,4,0.46,0.32,0.75,0.5,Tecno,China,Mid-Range,New,417453,6.5,Online,Cash,0,1,0.666,0.488,0.9,0.553,1.0,1.0,0.871,0.71,0
CUST_01074,30,Female,Dar es Salaam,Christian,Gogo,Diploma,">2,000,000",Airtel Money,4,0.28,0.29,0.73,0.3,Infinix,China,Mid-Range,New,353852,7.6,Online,Mobile Money,0,2,0.743,0.555,1.0,0.76,1.0,1.0,0.673,0.79,1
CUST_01796,15,Male,Arusha,Muslim,Chagga,Diploma,"<200,000",M-Pesa,4,0.45,0.75,0.85,0.7,Xiaomi,China,Mid-Range,Used,172842,5.5,Mobile,Mobile Money,0,2,0.676,0.468,0.9,0.753,0.6,1.0,0.651,0.7,1
CUST_02846,26,Male,Dar es Salaam,Christian,Others,Secondary,"200,000-500,000",Airtel Money,4,0.36,0.85,0.86,0.7,Huawei,China,Premium,New,759774,8.9,Physical Store,Cash,0,2,0.462,0.765,1.0,0.688,1.0,1.0,0.665,0.78,1
CUST_03535,15,Female,Dodoma,Christian,Sukuma,Secondary,"200,000-500,000",Tigo Pesa,4,0.2,0.89,0.79,0.5,Apple,USA,Premium,New,1884334,8.9,Physical Store,Cash,0,1,0.0,0.703,1.0,0.961,1.0,1.0,0.861,0.56,1
CUST_03044,34,Female,Morogoro,Christian,Sukuma,Secondary,"200,000-500,000",Tigo Pesa,2,0.31,0.84,0.42,0.3,Tecno,China,Mid-Range,New,527069,7.0,Physical Store,Mobile Money,1,2,0.0,0.294,1.0,0.867,1.0,1.0,0.513,0.71,0
CUST_03001,34,Male,Arusha,Muslim,Nyamwezi,No formal,"500,001-1,000,000",None,3,0.1,0.75,0.85,0.7,Samsung,South Korea,Premium,New,1205939,8.4,Physical Store,Cash,0,1,0.246,0.714,0.9,1.116,1.0,1.0,0.613,0.66,1
CUST_00741,21,Male,Dar es Salaam,Muslim,Others,No formal,">2,000,000",Airtel Money,3,0.1,0.17,0.69,0.3,Apple,USA,Premium,New,2446613,9.7,Physical Store,Cash,1,2,0.653,0.669,0.9,0.956,1.0,1.0,0.857,0.49,1
CUST_01271,39,Female,Zanzibar,Muslim,Others,Primary,"1,000,001-2,000,000",M-Pesa,3,0.42,0.36,0.88,0.5,Xiaomi,China,Mid-Range,New,573454,7.3,Physical Store,Mobile Money,0,1,0.484,0.642,0.9,0.745,1.0,1.0,0.613,0.72,0
CUST_02248,40,Male,Dar es Salaam,Christian,Sukuma,Diploma,"<200,000",M-Pesa,5,0.17,0.86,0.34,0.3,Tecno,China,Mid-Range,New,371589,6.1,Online,Cash,0,2,0.201,0.207,1.0,0.547,1.0,1.0,0.415,0.69,1
CUST_01002,25,Female,Arusha,Christian,Others,Secondary,"500,001-1,000,000",M-Pesa,3,0.31,0.58,0.51,0.5,Samsung,South Korea,Premium,New,1875808,8.2,Online,Cash,0,2,0.093,0.418,1.0,1.018,1.0,1.0,0.732,0.52,1
CUST_03815,22,Female,Dar es Salaam,Christian,Chagga,Diploma,"500,001-1,000,000",Airtel Money,5,0.21,0.45,0.43,0.5,Xiaomi,China,Mid-Range,New,357939,6.0,Physical Store,Cash,1,11,0.597,0.258,1.0,0.691,1.0,1.0,0.696,0.69,1
CUST_00938,31,Female,Dar es Salaam,Christian,Chagga,Secondary,"200,000-500,000",M-Pesa,2,0.23,0.91,0.52,0.5,Apple,USA,Premium,New,2157855,9.4,Physical Store,Cash,0,12,0.0,0.489,1.0,1.094,1.0,1.0,0.442,0.53,1
CUST_02891,38,Male,Arusha,Christian,Others,Secondary,"<200,000",M-Pesa,2,0.15,0.99,0.84,0.5,Xiaomi,China,Mid-Range,New,543254,7.1,Physical Store,Card,1,12,0.0,0.596,1.0,0.774,1.0,1.0,0.548,0.72,1
CUST_01208,42,Male,Dar es Salaam,Christian,Others,Bachelor,"500,001-1,000,000",Tigo Pesa,3,0.23,0.49,0.73,0.5,Tecno,China,Mid-Range,New,257952,6.3,Physical Store,Cash,0,2,0.684,0.46,1.0,0.908,1.0,1.0,0.765,0.73,1
CUST_01875,16,Male,Dar es Salaam,Christian,Nyamwezi,Primary,"500,001-1,000,000",None,3,0.34,0.51,0.54,0.5,Apple,USA,Premium,Used,1179391,8.5,Physical Store,Mobile Money,0,2,0.499,0.459,1.0,0.712,0.6,1.0,0.651,0.67,1
CUST_03492,15,Female,Morogoro,Christian,Sukuma,Secondary,"200,000-500,000",Halopesa,2,0.25,0.86,0.59,1.0,Nokia,Finland,Mid-Range,New,296488,6.3,Online,Cash,0,2,0.363,0.372,1.0,0.593,1.0,0.8,0.535,0.72,1
CUST_04314,40,Female,Mbeya,Christian,Others,Diploma,"500,001-1,000,000",Airtel Money,3,0.3,0.65,0.84,0.0,Itel,China,Budget,New,228919,6.2,Physical Store,Mobile Money,0,2,0.008,0.521,1.0,0.624,1.0,1.0,0.379,0.73,1
CUST_04159,23,Female,Dodoma,Christian,Sukuma,No formal,"1,000,001-2,000,000",M-Pesa,4,0.13,0.16,0.75,0.0,Apple,USA,Premium,New,2486902,8.9,Online,Mobile Money,0,2,0.668,0.668,1.0,0.619,1.0,1.0,0.654,0.44,1
CUST_01265,29,Male,Dodoma,Christian,Sukuma,Primary,"200,000-500,000",Tigo Pesa,3,0.35,0.86,0.8,0.0,Vivo,China,Mid-Range,New,505811,7.2,Physical Store,Cash,0,2,0.0,0.576,1.0,0.568,1.0,1.0,0.55,0.73,0
CUST_00540,32,Male,Dar es Salaam,Christian,Others,Secondary,"200,000-500,000",M-Pesa,3,0.4,0.81,0.74,0.5,Nokia,Finland,Mid-Range,Used,340154,5.5,Physical Store,Cash,1,2,0.311,0.407,1.0,0.519,0.6,1.0,0.396,0.66,1
CUST_02111,39,Female,Mwanza,Muslim,Sukuma,Primary,"200,000-500,000",M-Pesa,2,0.51,0.78,0.36,0.7,Tecno,China,Mid-Range,Used,227232,7.0,Online,Mobile Money,0,1,0.557,0.252,0.9,0.891,0.6,1.0,0.639,0.77,0
CUST_04682,43,Female,Dar es Salaam,Muslim,Others,Primary,"1,000,001-2,000,000",Airtel Money,5,0.22,0.13,0.35,0.3,Infinix,China,Mid-Range,New,526475,7.5,Physical Store,Mobile Money,0,12,0.829,0.262,0.9,0.762,1.0,1.0,0.776,0.74,1
CUST_04471,37,Male,Arusha,Other,Others,Diploma,"<200,000",Tigo Pesa,3,0.17,0.92,0.41,0.7,Apple,USA,Premium,New,2441149,8.5,Physical Store,Cash,0,2,0.0,0.348,1.0,0.722,1.0,1.0,0.626,0.42,1
CUST_01977,34,Male,Morogoro,Christian,Sukuma,Secondary,"<200,000",Tigo Pesa,3,0.08,0.88,0.7,0.0,Nokia,Finland,Mid-Range,New,323937,7.8,Online,Mobile Money,1,1,0.287,0.546,1.0,0.721,1.0,1.0,0.617,0.8,1
CUST_02851,23,Female,Morogoro,Christian,Others,Diploma,"1,000,001-2,000,000",Airtel Money,5,0.15,0.12,0.75,0.0,Infinix,China,Mid-Range,New,537486,6.3,Physical Store,Mobile Money,1,2,0.839,0.473,1.0,0.77,1.0,1.0,0.808,0.67,1
CUST_02341,16,Male,Zanzibar,Christian,Chagga,Primary,"200,000-500,000",Airtel Money,3,0.61,0.83,0.64,0.0,Nokia,Finland,Mid-Range,New,535543,6.7,Mobile,Cash,0,2,0.0,0.429,1.0,0.966,1.0,1.0,0.648,0.69,1
CUST_01609,30,Female,Dar es Salaam,Christian,Gogo,Bachelor,"<200,000",M-Pesa,4,0.39,0.93,0.61,0.3,Nokia,Finland,Mid-Range,Used,476562,6.2,Physical Store,Cash,0,2,0.0,0.378,1.0,0.609,0.6,1.0,0.44,0.68,0
CUST_01716,47,Female,Zanzibar,Christian,Others,No formal,"1,000,001-2,000,000",M-Pesa,2,0.35,0.47,0.51,0.5,Vivo,China,Mid-Range,New,312917,7.9,Physical Store,Mobile Money,1,1,0.632,0.403,1.0,0.645,1.0,1.0,0.773,0.81,1
CUST_04066,30,Male,Dodoma,Christian,Sukuma,No formal,"1,000,001-2,000,000",Tigo Pesa,2,0.51,0.12,0.85,0.3,Xiaomi,China,Mid-Range,Used,193329,6.1,Mobile,Mobile Money,1,1,0.942,0.518,1.0,0.991,0.6,1.0,0.639,0.73,1
CUST_01875,16,Male,Dar es Salaam,Christian,Nyamwezi,Primary,"500,001-1,000,000",None,3,0.34,0.51,0.54,0.5,Samsung,South Korea,Premium,New,1590281,9.1,Physical Store,Cash,0,2,0.324,0.491,1.0,0.869,1.0,1.0,0.75,0.63,1
CUST_03461,36,Female,Arusha,Muslim,Others,Secondary,"200,000-500,000",M-Pesa,3,0.31,0.79,0.65,0.3,Oppo,China,Mid-Range,New,429242,6.3,Online,Card,0,1,0.152,0.41,0.9,0.887,1.0,1.0,0.516,0.69,1
CUST_01126,21,Female,Tanga,Christian,Nyamwezi,Primary,"<200,000",M-Pesa,1,0.04,0.74,0.39,0.5,Tecno,China,Mid-Range,New,400218,6.6,Online,Cash,0,2,0.26,0.257,1.0,0.594,1.0,1.0,0.474,0.72,1
CUST_01089,21,Female,Tanga,Muslim,Others,Bachelor,"<200,000",None,4,0.42,0.77,0.88,0.5,Xiaomi,China,Mid-Range,New,580584,7.4,Physical Store,Mobile Money,0,2,0.0,0.651,0.9,0.942,1.0,1.0,0.461,0.73,1
CUST_01065,39,Female,Dar es Salaam,Christian,Haya,Diploma,"500,001-1,000,000",Tigo Pesa,3,0.17,0.48,0.62,0.0,Nokia,Finland,Mid-Range,New,503984,6.7,Physical Store,Mobile Money,0,2,0.395,0.415,1.0,0.562,1.0,1.0,0.55,0.7,1
CUST_01560,15,Male,Arusha,Muslim,Gogo,Secondary,"<200,000",M-Pesa,3,0.09,0.94,0.81,0.3,Xiaomi,China,Mid-Range,New,559067,7.0,Physical Store,Mobile Money,0,2,0.0,0.567,0.9,0.569,1.0,1.0,0.488,0.71,1
CUST_01908,39,Male,Morogoro,Christian,Others,No formal,"200,000-500,000",Tigo Pesa,3,0.49,0.94,0.85,0.3,Vivo,China,Mid-Range,Used,265244,6.8,Physical Store,Mobile Money,0,2,0.377,0.578,1.0,0.889,0.6,1.0,0.474,0.75,1
CUST_01604,16,Male,Dodoma,Christian,Others,Secondary,"<200,000",Tigo Pesa,3,0.41,0.72,0.44,0.5,Huawei,China,Premium,New,2369693,8.0,Physical Store,Mobile Money,0,2,0.0,0.352,1.0,0.6,1.0,1.0,0.563,0.41,1
CUST_04689,18,Male,Arusha,Christian,Nyamwezi,No formal,"<200,000",Airtel Money,3,0.45,0.74,0.65,0.7,Nokia,Finland,Mid-Range,New,523607,7.9,Physical Store,Cash,0,1,0.031,0.514,1.0,0.802,1.0,1.0,0.642,0.77,1
CUST_00111,15,Male,Dar es Salaam,Muslim,Others,Diploma,"1,000,001-2,000,000",Airtel Money,5,0.49,0.39,0.77,0.5,Samsung,South Korea,Premium,New,1918148,8.5,Online,Mobile Money,0,1,0.377,0.654,0.9,0.747,1.0,1.0,0.695,0.53,1
CUST_01447,21,Female,Mbeya,Muslim,Chagga,Diploma,"500,001-1,000,000",Airtel Money,4,0.2,0.49,0.67,0.3,Vivo,China,Mid-Range,New,292886,6.8,Physical Store,Cash,0,2,0.641,0.456,0.9,0.59,1.0,1.0,0.677,0.75,0
CUST_02037,29,Male,Dodoma,Christian,Nyamwezi,Secondary,"200,000-500,000",Airtel Money,1,0.39,0.83,0.51,0.0,Apple,USA,Premium,New,2002247,8.1,Mobile,Mobile Money,0,2,0.0,0.413,1.0,0.7,1.0,1.0,0.497,0.49,1
CUST_02421,29,Male,Arusha,Christian,Others,Diploma,"200,000-500,000",M-Pesa,4,0.36,0.73,0.77,0.3,Huawei,China,Premium,New,979051,8.7,Physical Store,Mobile Money,0,2,0.404,0.67,1.0,0.594,1.0,1.0,0.674,0.73,1
CUST_04519,41,Female,Dar es Salaam,Muslim,Nyamwezi,Secondary,"500,001-1,000,000",Airtel Money,4,0.01,0.63,0.59,0.5,Xiaomi,China,Mid-Range,New,288144,6.7,Physical Store,Cash,1,7,0.546,0.395,0.9,0.609,1.0,1.0,0.703,0.74,0
CUST_01749,23,Female,Arusha,Christian,Others,Secondary,"500,001-1,000,000",M-Pesa,5,0.23,0.51,0.81,0.5,Vivo,China,Mid-Range,New,256456,7.5,Physical Store,Cash,1,2,0.673,0.608,1.0,0.81,1.0,1.0,0.698,0.8,0
CUST_02409,15,Male,Arusha,Christian,Others,Primary,"<200,000",Tigo Pesa,2,0.19,0.84,0.34,0.0,Samsung,South Korea,Premium,New,1382495,9.8,Physical Store,Mobile Money,0,1,0.032,0.333,1.0,0.828,1.0,1.0,0.491,0.71,1
CUST_04981,42,Female,Mwanza,Christian,Others,Primary,"200,000-500,000",M-Pesa,2,0.05,0.9,0.63,0.5,Oppo,China,Mid-Range,New,338571,8.0,Physical Store,Cash,1,2,0.238,0.504,1.0,0.744,1.0,1.0,0.614,0.81,1
CUST_01364,36,Male,Dodoma,Muslim,Others,No formal,"<200,000",M-Pesa,2,0.17,0.87,0.35,0.7,Apple,USA,Premium,New,2422505,10.0,Physical Store,Mobile Money,0,2,0.0,0.35,0.9,0.674,1.0,1.0,0.516,0.52,0
CUST_02933,27,Female,Mbeya,Muslim,Chagga,Secondary,"<200,000",Airtel Money,4,0.29,0.94,0.72,0.5,Samsung,South Korea,Premium,New,1571020,8.7,Mobile,Cash,1,2,0.0,0.626,0.9,0.678,1.0,1.0,0.614,0.61,1
CUST_01809,43,Female,Mwanza,Christian,Haya,Diploma,"<200,000",None,4,0.6,0.83,0.43,0.0,Tecno,China,Mid-Range,New,567370,6.9,Online,Mobile Money,0,12,0.0,0.297,1.0,0.628,1.0,1.0,0.216,0.7,0
CUST_02772,36,Male,Zanzibar,Christian,Nyamwezi,Primary,"<200,000",Halopesa,4,0.14,0.79,0.49,0.7,Tecno,China,Mid-Range,New,592325,7.2,Physical Store,Mobile Money,0,1,0.0,0.353,1.0,0.859,1.0,1.0,0.51,0.71,1
CUST_00383,43,Female,Morogoro,Muslim,Chagga,Diploma,"200,000-500,000",Airtel Money,3,0.59,0.92,0.32,0.5,Nokia,Finland,Mid-Range,New,548800,6.9,Physical Store,Mobile Money,1,10,0.0,0.221,0.9,0.895,1.0,1.0,0.444,0.7,1
CUST_03367,34,Female,Dodoma,Christian,Others,Primary,"200,000-500,000",M-Pesa,3,0.27,0.84,0.39,0.0,Samsung,South Korea,Premium,New,852220,9.4,Physical Store,Mobile Money,0,2,0.403,0.367,1.0,1.174,1.0,1.0,0.858,0.79,1
CUST_04381,18,Female,Dar es Salaam,Muslim,Others,Primary,"500,001-1,000,000",Tigo Pesa,5,0.08,0.63,0.4,0.0,Nokia,Finland,Mid-Range,New,501401,7.9,Physical Store,Mobile Money,0,2,0.21,0.316,0.9,0.786,1.0,1.0,0.529,0.77,1
CUST_02647,28,Female,Tanga,Other,Makonde,Primary,"500,001-1,000,000",Airtel Money,2,0.05,0.73,0.42,0.0,Huawei,China,Premium,New,1266816,8.3,Physical Store,Card,0,2,0.229,0.349,1.0,0.802,1.0,1.0,0.513,0.64,1
CUST_01489,21,Male,Zanzibar,Christian,Sukuma,Bachelor,"200,000-500,000",Halopesa,2,0.32,0.76,0.43,0.7,Apple,USA,Premium,New,2209684,8.4,Physical Store,Mobile Money,0,2,0.0,0.361,1.0,1.023,1.0,1.0,0.421,0.46,1
CUST_00036,32,Male,Dar es Salaam,Christian,Sukuma,Primary,"<200,000",M-Pesa,2,0.09,0.91,0.32,0.5,Nokia,Finland,Mid-Range,New,437848,7.3,Physical Store,Mobile Money,0,2,0.004,0.234,1.0,0.993,1.0,1.0,0.461,0.75,1
CUST_00668,32,Male,Arusha,Christian,Others,Primary,"<200,000",Airtel Money,3,0.18,0.92,0.84,0.7,Tecno,China,Mid-Range,New,383561,7.4,Physical Store,Mobile Money,0,12,0.118,0.622,1.0,0.926,1.0,1.0,0.513,0.77,0
CUST_03849,15,Female,Dodoma,Christian,Haya,Primary,"500,001-1,000,000",Halopesa,2,0.44,0.5,0.49,0.7,Huawei,China,Premium,Used,1779589,7.5,Online,Card,0,1,0.259,0.368,1.0,0.84,0.6,1.0,0.496,0.49,0
CUST_02139,27,Male,Mwanza,Christian,Nyamwezi,Diploma,"500,001-1,000,000",M-Pesa,1,0.07,0.54,0.88,0.5,Oppo,China,Mid-Range,New,260301,6.9,Mobile,Mobile Money,0,2,0.649,0.607,1.0,0.973,1.0,1.0,0.735,0.76,0
CUST_02151,24,Male,Dar es Salaam,Christian,Others,Primary,"1,000,001-2,000,000",Tigo Pesa,3,0.35,0.33,0.37,0.3,Huawei,China,Premium,New,637334,8.9,Physical Store,Mobile Money,0,12,0.825,0.329,1.0,0.557,1.0,1.0,0.817,0.81,0
CUST_00174,25,Male,Dar es Salaam,Muslim,Others,Primary,"500,001-1,000,000",Airtel Money,2,0.3,0.43,0.63,0.5,Huawei,China,Premium,New,1199672,8.1,Mobile,Cash,1,2,0.57,0.51,0.9,0.732,1.0,1.0,0.727,0.65,1
CUST_02721,38,Female,Mbeya,Christian,Haya,Secondary,"200,000-500,000",Tigo Pesa,2,0.53,0.82,0.76,0.7,Oppo,China,Mid-Range,New,340436,6.4,Online,Mobile Money,0,2,0.302,0.486,1.0,0.808,1.0,1.0,0.564,0.72,1
CUST_03885,15,Female,Morogoro,Christian,Others,No formal,"200,000-500,000",M-Pesa,3,0.22,0.95,0.58,0.5,Oppo,China,Mid-Range,New,257335,6.9,Online,Cash,1,2,0.389,0.4,1.0,0.791,1.0,1.0,0.617,0.76,1
CUST_01095,41,Female,Tanga,Christian,Gogo,Secondary,"200,000-500,000",M-Pesa,4,0.44,0.76,0.48,0.5,Huawei,China,Premium,New,1673951,8.2,Physical Store,Mobile Money,1,2,0.0,0.394,1.0,0.718,1.0,1.0,0.414,0.56,1
CUST_04264,33,Male,Zanzibar,Muslim,Others,No formal,"500,001-1,000,000",M-Pesa,2,0.09,0.8,0.62,0.0,Tecno,China,Mid-Range,New,544017,7.7,Physical Store,Cash,0,1,0.0,0.477,0.9,0.675,1.0,1.0,0.587,0.75,1
CUST_02509,52,Female,Mbeya,Christian,Others,Diploma,"200,000-500,000",M-Pesa,3,0.31,0.85,0.37,0.5,Samsung,South Korea,Premium,New,1789522,9.6,Physical Store,Mobile Money,0,1,0.0,0.355,1.0,0.734,1.0,1.0,0.594,0.62,1
CUST_00430,30,Female,Dar es Salaam,Muslim,Others,Bachelor,"<200,000",M-Pesa,3,0.3,0.71,0.63,0.3,Oppo,China,Mid-Range,New,387418,7.6,Physical Store,Mobile Money,0,2,0.312,0.479,0.9,0.508,1.0,1.0,0.49,0.78,1
CUST_01312,19,Male,Dodoma,Christian,Makonde,Secondary,"200,000-500,000",M-Pesa,5,0.64,0.79,0.59,0.3,Nokia,Finland,Mid-Range,New,350528,6.0,Online,Cash,0,2,0.308,0.354,1.0,0.773,1.0,1.0,0.449,0.69,1
CUST_01640,15,Male,Dar es Salaam,Christian,Haya,Secondary,"1,000,001-2,000,000",M-Pesa,1,0.3,0.39,0.79,0.5,Tecno,China,Mid-Range,New,392607,7.4,Physical Store,Mobile Money,0,1,0.617,0.585,1.0,0.836,1.0,1.0,0.765,0.77,1
CUST_01236,29,Female,Arusha,Muslim,Chagga,Primary,"200,000-500,000",Tigo Pesa,4,0.42,0.76,0.83,0.3,Tecno,China,Mid-Range,New,465966,6.8,Online,Mobile Money,1,2,0.115,0.564,0.9,0.941,1.0,1.0,0.485,0.71,1
CUST_03464,32,Female,Mbeya,Christian,Others,Primary,"500,001-1,000,000",None,2,0.34,0.45,0.32,0.0,Samsung,South Korea,Premium,New,960388,9.7,Physical Store,Mobile Money,1,1,0.64,0.31,1.0,0.895,1.0,1.0,0.63,0.79,1
CUST_03796,21,Male,Mwanza,Muslim,Sukuma,Primary,"1,000,001-2,000,000",Tigo Pesa,3,0.23,0.18,0.51,0.5,Tecno,China,Mid-Range,New,428125,7.8,Online,Cash,1,12,0.807,0.398,0.9,0.509,1.0,1.0,0.617,0.78,1
CUST_04562,34,Male,Dodoma,Christian,Nyamwezi,Primary,"200,000-500,000",Airtel Money,3,0.31,0.97,0.44,0.0,Samsung,South Korea,Premium,New,2378174,9.0,Physical Store,Cash,0,1,0.0,0.396,1.0,0.678,1.0,1.0,0.269,0.46,0
CUST_01814,23,Male,Dodoma,Muslim,Others,Primary,"500,001-1,000,000",Airtel Money,3,0.38,0.59,0.85,0.5,Apple,USA,Premium,New,2407867,9.6,Online,Mobile Money,0,2,0.0,0.816,0.9,0.707,1.0,1.0,0.527,0.49,1
CUST_01250,21,Female,Mbeya,Christian,Others,No formal,"500,001-1,000,000",M-Pesa,1,0.34,0.65,0.55,0.3,Apple,USA,Premium,New,1625737,9.3,Physical Store,Cash,0,1,0.119,0.512,1.0,0.727,1.0,1.0,0.706,0.63,1
CUST_01581,28,Male,Dar es Salaam,Christian,Others,Diploma,"200,000-500,000",M-Pesa,3,0.16,1.0,0.53,0.3,Itel,China,Budget,New,100767,4.9,Physical Store,Cash,0,2,0.328,0.26,1.0,0.508,1.0,1.0,0.416,0.67,0
CUST_02202,15,Female,Arusha,Muslim,Others,Bachelor,"200,000-500,000",Tigo Pesa,4,0.2,0.93,0.39,0.5,Tecno,China,Mid-Range,New,385807,7.4,Mobile,Mobile Money,0,2,0.103,0.289,0.9,0.527,1.0,1.0,0.242,0.77,1
CUST_02925,21,Male,Morogoro,Christian,Others,Primary,"500,001-1,000,000",M-Pesa,2,0.58,0.65,0.54,0.0,Apple,USA,Premium,New,1693078,9.7,Mobile,Mobile Money,0,2,0.083,0.524,1.0,0.963,1.0,1.0,0.533,0.64,1
CUST_04363,42,Male,Mwanza,Christian,Sukuma,Diploma,"500,001-1,000,000",M-Pesa,5,0.14,0.66,0.72,0.3,Huawei,China,Premium,New,902431,8.2,Physical Store,Mobile Money,0,1,0.504,0.59,1.0,0.756,1.0,1.0,0.695,0.71,1
CUST_03380,15,Male,Dar es Salaam,Christian,Others,Secondary,"<200,000",Tigo Pesa,4,0.2,0.79,0.82,0.5,Huawei,China,Premium,New,1783273,8.3,Physical Store,Mobile Money,0,1,0.0,0.681,1.0,0.722,1.0,1.0,0.598,0.54,1
CUST_04198,26,Female,Morogoro,Muslim,Nyamwezi,Secondary,"<200,000",M-Pesa,3,0.2,0.92,0.78,0.0,Huawei,China,Premium,New,1347283,9.6,Online,Mobile Money,0,2,0.0,0.749,0.9,0.57,1.0,1.0,0.537,0.71,1
CUST_03161,22,Male,Arusha,Other,Others,Diploma,"1,000,001-2,000,000",M-Pesa,4,0.33,0.14,0.41,0.0,Vivo,China,Mid-Range,New,346955,7.4,Online,Cash,0,2,0.879,0.303,1.0,0.538,1.0,1.0,0.666,0.77,1
CUST_00561,28,Female,Dar es Salaam,Christian,Chagga,Secondary,"1,000,001-2,000,000",Tigo Pesa,3,0.36,0.44,0.56,0.7,Xiaomi,China,Mid-Range,New,405420,7.6,Online,Mobile Money,0,1,0.554,0.426,1.0,0.764,1.0,1.0,0.729,0.77,0
CUST_00208,24,Male,Mbeya,Christian,Sukuma,Primary,"<200,000",Tigo Pesa,5,0.24,0.97,0.42,0.5,Vivo,China,Mid-Range,New,441913,8.0,Physical Store,Cash,0,2,0.0,0.336,1.0,0.528,1.0,1.0,0.258,0.79,0
CUST_00773,28,Female,Tanga,Christian,Gogo,Bachelor,"500,001-1,000,000",Tigo Pesa,1,0.38,0.52,0.52,0.3,Samsung,South Korea,Premium,New,932878,8.4,Physical Store,Mobile Money,0,1,0.596,0.437,1.0,0.646,1.0,1.0,0.386,0.72,1
CUST_01399,18,Male,Dodoma,Muslim,Others,No formal,"200,000-500,000",Airtel Money,4,0.21,0.75,0.58,0.5,Infinix,China,Mid-Range,New,377593,7.9,Online,Card,0,1,0.292,0.458,0.9,0.976,1.0,1.0,0.579,0.8,1
CUST_03499,16,Male,Arusha,Christian,Haya,No formal,"<200,000",Halopesa,3,0.11,0.91,0.49,0.3,Apple,USA,Premium,New,664149,9.1,Physical Store,Mobile Money,1,1,0.496,0.446,1.0,1.2,1.0,1.0,0.718,0.81,1
CUST_02102,37,Male,Arusha,Christian,Others,Secondary,"200,000-500,000",Tigo Pesa,3,0.45,0.79,0.51,0.3,Nokia,Finland,Mid-Range,New,551760,6.4,Physical Store,Card,0,2,0.0,0.326,1.0,0.72,1.0,1.0,0.491,0.67,1
CUST_02016,38,Female,Dodoma,Muslim,Haya,Diploma,"200,000-500,000",Tigo Pesa,4,0.13,0.77,0.73,0.0,Apple,USA,Premium,New,1954804,8.1,Physical Store,Cash,0,2,0.0,0.591,0.9,0.934,1.0,1.0,0.468,0.5,1
CUST_02929,15,Female,Mbeya,Muslim,Sukuma,Secondary,"<200,000",M-Pesa,4,0.04,0.8,0.59,0.5,Xiaomi,China,Mid-Range,Used,150549,5.1,Physical Store,Mobile Money,0,2,0.699,0.301,0.9,0.947,0.6,1.0,0.675,0.68,1
CUST_03017,39,Female,Dar es Salaam,Muslim,Others,Diploma,"200,000-500,000",Airtel Money,1,0.47,0.87,0.51,0.3,Samsung,South Korea,Premium,New,1224769,9.3,Online,Mobile Money,0,2,0.112,0.474,0.9,1.192,1.0,1.0,0.799,0.71,1
CUST_01300,31,Female,Zanzibar,Muslim,Others,Secondary,"<200,000",Halopesa,4,0.62,0.94,0.88,0.3,Xiaomi,China,Mid-Range,New,377256,7.8,Physical Store,Card,0,2,0.113,0.686,0.9,0.669,1.0,1.0,0.559,0.79,1
CUST_02271,28,Male,Dar es Salaam,Muslim,Others,Secondary,"1,000,001-2,000,000",Tigo Pesa,3,0.15,0.39,0.32,0.0,Vivo,China,Mid-Range,New,514022,7.6,Physical Store,Mobile Money,1,2,0.499,0.243,0.9,0.928,1.0,1.0,0.46,0.75,1
CUST_03096,22,Male,Dodoma,Christian,Others,Secondary,"200,000-500,000",Airtel Money,4,0.46,0.84,0.56,0.3,Itel,China,Budget,Used,191704,5.7,Mobile,Cash,1,12,0.0,0.319,1.0,0.671,0.6,1.0,0.538,0.7,1
CUST_01675,33,Male,Arusha,Christian,Others,Secondary,"200,000-500,000",M-Pesa,4,0.14,0.73,0.87,0.5,Infinix,China,Mid-Range,New,560936,6.0,Online,Mobile Money,0,2,0.0,0.522,1.0,0.923,1.0,1.0,0.606,0.65,1
CUST_04015,30,Male,Tanga,Christian,Others,Diploma,"200,000-500,000",Halopesa,2,0.39,0.98,0.41,0.0,Oppo,China,Mid-Range,New,293561,7.7,Online,Cash,0,1,0.281,0.316,1.0,0.78,1.0,1.0,0.566,0.8,1
CUST_01818,23,Male,Mwanza,Christian,Chagga,Secondary,"<200,000",Halopesa,1,0.07,0.74,0.41,0.3,Tecno,China,Mid-Range,New,484120,6.5,Physical Store,Cash,0,2,0.104,0.266,1.0,0.541,1.0,1.0,0.386,0.69,1
CUST_00885,43,Female,Mwanza,Muslim,Others,Secondary,"200,000-500,000",M-Pesa,5,0.13,0.85,0.64,0.3,Oppo,China,Mid-Range,New,466876,7.7,Physical Store,Cash,0,2,0.008,0.493,0.9,0.967,1.0,1.0,0.481,0.77,1
CUST_01074,30,Female,Dar es Salaam,Christian,Gogo,Diploma,">2,000,000",Airtel Money,4,0.28,0.29,0.73,0.3,Huawei,China,Premium,New,2403540,9.5,Physical Store,Cash,0,2,0.419,0.694,1.0,0.752,1.0,1.0,0.789,0.49,1
CUST_03964,15,Male,Tanga,Muslim,Others,Primary,"200,000-500,000",M-Pesa,4,0.28,1.0,0.68,0.3,Oppo,China,Mid-Range,New,532504,7.5,Online,Mobile Money,0,1,0.0,0.51,0.9,0.939,1.0,1.0,0.521,0.74,1
CUST_02759,39,Male,Morogoro,Christian,Chagga,No formal,"<200,000",M-Pesa,5,0.44,0.73,0.73,0.0,Huawei,China,Premium,New,966445,8.2,Physical Store,Mobile Money,0,2,0.412,0.599,1.0,0.699,1.0,1.0,0.663,0.7,1
CUST_04829,22,Female,Arusha,Muslim,Chagga,Primary,"<200,000",Airtel Money,5,0.41,1.0,0.6,0.3,Samsung,South Korea,Premium,New,1248760,9.7,Online,Mobile Money,0,2,0.0,0.582,0.9,1.131,1.0,1.0,0.498,0.73,1
CUST_04187,34,Female,Zanzibar,Christian,Others,No formal,"200,000-500,000",M-Pesa,2,0.43,0.76,0.45,0.3,Infinix,China,Mid-Range,New,384232,7.8,Physical Store,Cash,1,1,0.27,0.351,1.0,0.932,1.0,1.0,0.618,0.79,1
CUST_01709,16,Female,Arusha,Muslim,Others,Secondary,"200,000-500,000",Halopesa,3,0.27,0.8,0.54,0.3,Apple,USA,Premium,New,2417629,8.5,Physical Store,Cash,0,2,0.0,0.459,0.9,1.044,1.0,1.0,0.532,0.43,1
CUST_00935,48,Male,Dar es Salaam,Christian,Others,Primary,"1,000,001-2,000,000",Airtel Money,4,0.21,0.22,0.63,0.0,Samsung,South Korea,Premium,New,1418544,9.2,Physical Store,Mobile Money,0,1,0.74,0.58,1.0,0.872,1.0,1.0,0.81,0.67,1
CUST_00789,29,Female,Arusha,Christian,Others,Secondary,"500,001-1,000,000",Tigo Pesa,5,0.2,0.47,0.68,0.5,Huawei,China,Premium,New,1371564,8.6,Physical Store,Mobile Money,0,1,0.463,0.585,1.0,0.512,1.0,1.0,0.718,0.64,1
CUST_03750,27,Male,Dar es Salaam,Muslim,Chagga,Primary,"200,000-500,000",M-Pesa,5,0.12,0.84,0.47,0.5,Nokia,Finland,Mid-Range,New,513714,7.6,Physical Store,Cash,0,2,0.0,0.357,0.9,0.578,1.0,1.0,0.352,0.75,1
CUST_00525,39,Female,Mwanza,Muslim,Haya,Secondary,"200,000-500,000",M-Pesa,3,0.19,0.72,0.83,0.3,Vivo,China,Mid-Range,Used,455497,5.1,Physical Store,Mobile Money,0,2,0.18,0.423,0.9,0.914,0.6,1.0,0.704,0.61,0
CUST_03305,37,Male,Mbeya,Muslim,Others,Primary,"500,001-1,000,000",Tigo Pesa,3,0.26,0.65,0.42,0.5,Infinix,China,Mid-Range,New,366770,6.0,Online,Mobile Money,0,12,0.404,0.252,0.9,0.68,1.0,1.0,0.54,0.69,1
CUST_01827,20,Female,Zanzibar,Christian,Others,Primary,"200,000-500,000",Halopesa,3,0.35,0.73,0.81,0.3,Nokia,Finland,Mid-Range,New,445855,6.2,Physical Store,Mobile Money,0,1,0.186,0.502,1.0,0.609,1.0,1.0,0.557,0.68,1
CUST_00038,15,Male,Tanga,Christian,Others,Primary,"200,000-500,000",M-Pesa,2,0.24,0.8,0.37,0.7,Apple,USA,Premium,New,1907182,8.8,Physical Store,Mobile Money,0,2,0.0,0.326,1.0,0.603,1.0,1.0,0.394,0.55,1
CUST_02610,26,Female,Morogoro,Christian,Chagga,Master+,"500,001-1,000,000",Tigo Pesa,1,0.18,0.56,0.8,0.0,Itel,China,Budget,New,222386,5.1,Physical Store,Cash,0,2,0.17,0.408,1.0,0.876,1.0,1.0,0.507,0.66,0
CUST_03694,51,Female,Dar es Salaam,Christian,Others,No formal,"200,000-500,000",Tigo Pesa,4,0.35,0.89,0.84,0.5,Oppo,China,Mid-Range,New,416817,6.3,Physical Store,Card,0,2,0.073,0.529,1.0,0.828,1.0,1.0,0.485,0.69,1
CUST_04138,16,Female,Zanzibar,Christian,Others,Secondary,"200,000-500,000",Halopesa,1,0.16,0.94,0.66,0.5,Huawei,China,Premium,New,1195343,8.8,Physical Store,Cash,0,12,0.064,0.581,1.0,0.877,1.0,1.0,0.438,0.69,0
CUST_02215,33,Female,Dar es Salaam,Other,Nyamwezi,Diploma,">2,000,000",Halopesa,3,0.2,0.44,0.66,0.3,Apple,USA,Premium,New,2306500,8.5,Physical Store,Cash,1,2,0.154,0.561,1.0,0.641,1.0,1.0,0.49,0.45,0
CUST_03060,41,Male,Arusha,Christian,Sukuma,Secondary,"200,000-500,000",Airtel Money,3,0.32,0.72,0.78,0.7,Apple,USA,Premium,New,2046854,8.5,Physical Store,Mobile Money,0,2,0.0,0.663,1.0,0.762,1.0,1.0,0.749,0.5,1
CUST_04430,25,Female,Dar es Salaam,Christian,Sukuma,Diploma,"500,001-1,000,000",M-Pesa,2,0.31,0.56,0.69,0.3,Huawei,China,Premium,Used,397654,7.8,Online,Card,0,12,0.814,0.538,1.0,0.634,0.6,1.0,0.79,0.79,1
CUST_01033,35,Female,Dar es Salaam,Muslim,Others,Bachelor,"<200,000",M-Pesa,5,0.02,0.88,0.32,0.0,Huawei,China,Premium,New,2081265,8.1,Mobile,Cash,0,12,0.0,0.259,0.9,0.805,1.0,1.0,0.544,0.47,1
CUST_03029,46,Male,Dar es Salaam,Muslim,Others,Secondary,"200,000-500,000",Airtel Money,3,0.22,0.7,0.47,0.3,Huawei,China,Premium,New,1795559,8.8,Physical Store,Cash,0,2,0.0,0.414,0.9,0.976,1.0,1.0,0.508,0.57,1
CUST_01927,33,Male,Dodoma,Muslim,Others,Primary,"<200,000",Airtel Money,4,0.42,0.71,0.53,0.5,Tecno,China,Mid-Range,New,568200,7.2,Physical Store,Cash,0,12,0.0,0.382,0.9,0.869,1.0,1.0,0.393,0.72,1
CUST_00277,20,Male,Dar es Salaam,Christian,Others,Diploma,"200,000-500,000",M-Pesa,4,0.08,0.88,0.58,0.7,Huawei,China,Premium,New,1378633,9.9,Physical Store,Cash,1,2,0.0,0.574,1.0,0.841,1.0,1.0,0.56,0.72,1
CUST_04645,32,Female,Zanzibar,Christian,Haya,Diploma,"1,000,001-2,000,000",M-Pesa,4,0.16,0.5,0.52,0.3,Infinix,China,Mid-Range,New,350083,7.3,Physical Store,Cash,1,2,0.562,0.38,1.0,0.658,1.0,1.0,0.623,0.77,0
CUST_00824,28,Male,Arusha,Muslim,Others,Bachelor,"<200,000",Halopesa,2,0.43,0.84,0.75,0.7,Huawei,China,Premium,New,2029126,9.2,Physical Store,Cash,0,2,0.0,0.69,0.9,0.52,1.0,1.0,0.444,0.55,1
CUST_04924,31,Male,Dar es Salaam,Muslim,Nyamwezi,No formal,"<200,000",Airtel Money,5,0.34,0.78,0.66,0.3,Samsung,South Korea,Premium,New,2379226,8.1,Online,Cash,1,2,0.0,0.535,0.9,1.145,1.0,1.0,0.623,0.41,1
CUST_02679,35,Male,Morogoro,Muslim,Others,Bachelor,"200,000-500,000",Tigo Pesa,4,0.2,0.95,0.68,0.5,Samsung,South Korea,Premium,New,1960671,9.5,Physical Store,Cash,0,2,0.0,0.646,0.9,0.729,1.0,1.0,0.432,0.58,1
CUST_01187,38,Male,Dar es Salaam,Christian,Others,Diploma,"200,000-500,000",Tigo Pesa,4,0.08,0.93,0.85,0.3,Huawei,China,Premium,New,857379,10.0,Physical Store,Cash,0,2,0.336,0.85,1.0,0.652,1.0,1.0,0.55,0.83,1
CUST_00872,28,Male,Arusha,Christian,Gogo,Secondary,"<200,000",Halopesa,5,0.11,0.81,0.45,0.7,Infinix,China,Mid-Range,New,506296,7.6,Physical Store,Cash,1,11,0.0,0.342,1.0,0.593,1.0,1.0,0.626,0.75,1
CUST_01393,46,Female,Dar es Salaam,Christian,Others,Primary,"200,000-500,000",Halopesa,3,0.69,0.89,0.3,1.0,Tecno,China,Mid-Range,New,465040,6.1,Physical Store,Mobile Money,0,2,0.0,0.183,1.0,0.795,1.0,0.8,0.361,0.67,1
CUST_01259,28,Female,Dar es Salaam,Christian,Haya,No formal,"200,000-500,000",Halopesa,5,0.07,0.99,0.62,0.3,Nokia,Finland,Mid-Range,New,557711,6.4,Physical Store,Cash,0,2,0.0,0.397,1.0,0.646,1.0,1.0,0.429,0.67,1
CUST_04236,41,Female,Dar es Salaam,Christian,Nyamwezi,Primary,"<200,000",Tigo Pesa,2,0.09,0.94,0.68,0.3,Samsung,South Korea,Premium,Used,1974776,8.8,Physical Store,Card,0,2,0.0,0.598,1.0,1.009,0.6,1.0,0.531,0.53,1
CUST_01287,15,Female,Mwanza,Other,Others,Primary,"<200,000",M-Pesa,2,0.16,0.83,0.36,0.3,Apple,USA,Premium,New,657998,8.4,Physical Store,Mobile Money,0,2,0.545,0.302,1.0,0.783,1.0,1.0,0.751,0.77,1
CUST_01312,19,Male,Dodoma,Christian,Makonde,Secondary,"200,000-500,000",M-Pesa,5,0.64,0.79,0.59,0.3,Vivo,China,Mid-Range,New,294545,6.2,Physical Store,Cash,0,1,0.418,0.366,1.0,0.727,1.0,1.0,0.506,0.71,1
CUST_02118,31,Male,Mbeya,Christian,Others,Primary,"200,000-500,000",Airtel Money,2,0.22,0.77,0.65,0.5,Xiaomi,China,Mid-Range,New,548797,6.6,Physical Store,Mobile Money,0,2,0.0,0.429,1.0,0.523,1.0,1.0,0.51,0.69,1
CUST_02265,21,Female,Dodoma,Christian,Others,Primary,"<200,000",M-Pesa,2,0.35,0.97,0.68,1.0,Nokia,Finland,Mid-Range,Used,258945,5.5,Physical Store,Cash,1,2,0.372,0.374,1.0,0.638,0.6,0.8,0.566,0.68,1
CUST_00094,24,Female,Arusha,Muslim,Gogo,No formal,"500,001-1,000,000",Tigo Pesa,3,0.43,0.44,0.31,0.5,Tecno,China,Mid-Range,New,519520,7.6,Physical Store,Cash,0,2,0.429,0.236,0.9,0.937,1.0,1.0,0.516,0.75,1
CUST_04331,23,Female,Dar es Salaam,Christian,Others,Secondary,"500,001-1,000,000",M-Pesa,2,0.21,0.52,0.66,0.0,Apple,USA,Premium,Used,1652068,8.4,Physical Store,Mobile Money,0,11,0.284,0.554,1.0,0.815,0.6,1.0,0.616,0.57,1
CUST_00903,21,Female,Mwanza,Muslim,Others,Bachelor,"<200,000",M-Pesa,2,0.48,0.89,0.85,0.3,Vivo,China,Mid-Range,New,554761,6.6,Physical Store,Mobile Money,1,1,0.0,0.561,0.9,0.716,1.0,1.0,0.449,0.69,1
CUST_01368,15,Male,Mwanza,Muslim,Sukuma,Bachelor,"<200,000",M-Pesa,3,0.11,0.78,0.75,0.0,Nokia,Finland,Mid-Range,New,256443,7.5,Physical Store,Cash,0,1,0.5,0.562,0.9,0.951,1.0,1.0,0.582,0.8,1
CUST_03829,19,Female,Dar es Salaam,Christian,Others,Secondary,"500,001-1,000,000",Tigo Pesa,4,0.29,0.42,0.42,0.7,Huawei,China,Premium,New,1063535,8.1,Physical Store,Cash,1,1,0.628,0.34,1.0,0.787,1.0,1.0,0.548,0.67,1
CUST_03487,38,Female,Arusha,Muslim,Others,Primary,"500,001-1,000,000",M-Pesa,1,0.07,0.68,0.84,0.0,Nokia,Finland,Mid-Range,Used,377177,5.3,Online,Cash,1,1,0.359,0.445,0.9,0.646,0.6,1.0,0.576,0.64,1
CUST_00243,38,Male,Zanzibar,Muslim,Nyamwezi,Secondary,"200,000-500,000",Tigo Pesa,5,0.35,0.78,0.32,0.5,Oppo,China,Mid-Range,Used,295369,5.4,Physical Store,Cash,0,1,0.424,0.173,0.9,0.58,0.6,1.0,0.397,0.66,0
CUST_04857,26,Female,Dar es Salaam,Christian,Others,Primary,"<200,000",M-Pesa,3,0.4,0.92,0.61,1.0,Tecno,China,Mid-Range,New,441172,6.3,Physical Store,Cash,1,2,0.0,0.384,1.0,0.832,1.0,0.8,0.516,0.69,1
CUST_01778,38,Female,Dar es Salaam,Muslim,Nyamwezi,Primary,"500,001-1,000,000",Tigo Pesa,1,0.23,0.46,0.37,0.3,Tecno,China,Mid-Range,New,483753,6.9,Mobile,Card,0,2,0.444,0.255,0.9,0.945,1.0,1.0,0.482,0.72,1
CUST_00094,24,Female,Arusha,Muslim,Gogo,No formal,"500,001-1,000,000",Tigo Pesa,3,0.43,0.44,0.31,0.5,Tecno,China,Mid-Range,New,381176,7.6,Physical Store,Mobile Money,1,12,0.581,0.236,0.9,0.935,1.0,1.0,0.59,0.78,1
CUST_02512,28,Male,Dar es Salaam,Christian,Others,No formal,"<200,000",Tigo Pesa,2,0.11,0.96,0.72,0.5,Itel,China,Budget,New,217472,5.3,Physical Store,Mobile Money,0,1,0.0,0.382,1.0,0.876,1.0,1.0,0.535,0.67,1
CUST_02359,18,Male,Dar es Salaam,Muslim,Sukuma,Secondary,"<200,000",M-Pesa,3,0.35,0.84,0.48,0.5,Samsung,South Korea,Premium,New,1025275,8.1,Physical Store,Cash,0,2,0.282,0.389,0.9,1.055,1.0,1.0,0.496,0.68,1
CUST_02130,26,Female,Dar es Salaam,Christian,Sukuma,Bachelor,"<200,000",Tigo Pesa,4,0.18,0.87,0.44,0.7,Oppo,China,Mid-Range,New,552063,7.8,Physical Store,Mobile Money,0,1,0.0,0.343,1.0,0.644,1.0,1.0,0.357,0.76,1
CUST_02147,26,Male,Arusha,Christian,Others,Primary,"1,000,001-2,000,000",M-Pesa,5,0.17,0.43,0.83,0.5,Infinix,China,Mid-Range,Used,472354,5.6,Online,Card,0,1,0.492,0.465,1.0,0.562,0.6,1.0,0.61,0.64,1
CUST_01721,15,Female,Dar es Salaam,Christian,Others,Secondary,"200,000-500,000",None,2,0.27,0.71,0.41,0.3,Infinix,China,Mid-Range,New,584327,6.3,Physical Store,Mobile Money,0,11,0.0,0.258,1.0,0.657,1.0,1.0,0.318,0.66,1
CUST_03538,23,Female,Arusha,Christian,Others,Secondary,"500,001-1,000,000",Tigo Pesa,3,0.16,0.5,0.68,0.3,Huawei,China,Premium,New,2190265,9.9,Physical Store,Cash,1,2,0.087,0.673,1.0,0.585,1.0,1.0,0.588,0.56,1
CUST_04843,30,Female,Mbeya,Christian,Nyamwezi,Secondary,"1,000,001-2,000,000",Tigo Pesa,3,0.12,0.49,0.67,0.5,Tecno,China,Mid-Range,New,454618,7.9,Mobile,Cash,0,8,0.443,0.529,1.0,0.508,1.0,1.0,0.497,0.78,0
CUST_01546,34,Female,Dar es Salaam,Christian,Others,No formal,"200,000-500,000",Airtel Money,3,0.21,0.98,0.54,0.3,Apple,USA,Premium,New,1898195,8.4,Online,Mobile Money,1,2,0.0,0.454,1.0,0.92,1.0,1.0,0.525,0.52,1
CUST_02981,27,Male,Dar es Salaam,Muslim,Nyamwezi,Primary,"500,001-1,000,000",M-Pesa,4,0.2,0.44,0.88,0.0,Vivo,China,Mid-Range,New,293781,6.6,Physical Store,Cash,0,2,0.677,0.581,0.9,0.503,1.0,1.0,0.654,0.74,1
CUST_03205,28,Male,Mwanza,Christian,Others,Secondary,"500,001-1,000,000",M-Pesa,5,0.38,0.54,0.76,0.0,Oppo,China,Mid-Range,New,420373,6.1,Online,Cash,0,2,0.432,0.464,1.0,0.509,1.0,1.0,0.697,0.68,1
CUST_02173,34,Female,Tanga,Christian,Others,Secondary,"<200,000",M-Pesa,1,0.35,0.84,0.84,0.5,Nokia,Finland,Mid-Range,New,423863,6.8,Physical Store,Cash,0,2,0.11,0.571,1.0,0.673,1.0,1.0,0.475,0.72,0
CUST_01593,31,Female,Zanzibar,Christian,Others,Primary,"200,000-500,000",Halopesa,3,0.2,0.93,0.51,0.3,Infinix,China,Mid-Range,New,443291,6.1,Physical Store,Mobile Money,0,11,0.0,0.311,1.0,0.639,1.0,1.0,0.436,0.68,1
CUST_00204,22,Female,Dar es Salaam,Muslim,Others,No formal,"500,001-1,000,000",Tigo Pesa,3,0.38,0.8,0.75,0.3,Infinix,China,Mid-Range,New,468258,7.8,Physical Store,Mobile Money,0,2,0.063,0.585,0.9,0.919,1.0,1.0,0.605,0.77,0
CUST_01602,29,Female,Mwanza,Christian,Chagga,Secondary,"500,001-1,000,000",M-Pesa,3,0.07,0.56,0.34,0.5,Nokia,Finland,Mid-Range,New,426672,7.2,Physical Store,Cash,1,2,0.403,0.245,1.0,0.935,1.0,1.0,0.698,0.75,1
CUST_02712,21,Male,Zanzibar,Christian,Others,No formal,"200,000-500,000",M-Pesa,4,0.66,0.97,0.8,0.3,Infinix,China,Mid-Range,New,334669,7.1,Online,Cash,1,2,0.188,0.568,1.0,0.654,1.0,1.0,0.569,0.76,1
CUST_02992,49,Female,Mwanza,Muslim,Others,No formal,"500,001-1,000,000",M-Pesa,1,0.18,0.72,0.67,0.3,Nokia,Finland,Mid-Range,New,419668,7.2,Online,Cash,0,1,0.245,0.482,0.9,0.921,1.0,1.0,0.489,0.75,1
CUST_03995,24,Male,Mbeya,Christian,Nyamwezi,Secondary,"<200,000",Airtel Money,5,0.2,0.85,0.6,0.5,Itel,China,Budget,New,190058,4.6,Physical Store,Cash,1,12,0.0,0.276,1.0,0.731,1.0,1.0,0.399,0.64,0
CUST_04722,30,Female,Dodoma,Muslim,Gogo,No formal,"200,000-500,000",M-Pesa,4,0.45,0.88,0.75,0.3,Huawei,China,Premium,New,2429989,8.3,Physical Store,Mobile Money,0,2,0.0,0.622,0.9,0.702,1.0,1.0,0.528,0.41,0
CUST_01947,35,Female,Dar es Salaam,Christian,Others,Secondary,"500,001-1,000,000",M-Pesa,1,0.39,0.72,0.86,1.0,Nokia,Finland,Mid-Range,New,541483,6.4,Online,Cash,1,2,0.025,0.55,1.0,0.59,1.0,0.8,0.483,0.68,1
CUST_00165,15,Male,Dar es Salaam,Muslim,Makonde,Bachelor,"200,000-500,000",M-Pesa,3,0.17,0.84,0.63,0.3,Huawei,China,Premium,New,1674217,9.6,Online,Cash,0,2,0.0,0.605,0.9,0.963,1.0,1.0,0.493,0.64,1
CUST_03506,30,Male,Tanga,Christian,Nyamwezi,Secondary,"500,001-1,000,000",Airtel Money,4,0.38,0.7,0.88,0.3,Tecno,China,Mid-Range,New,293977,7.9,Physical Store,Cash,0,2,0.486,0.695,1.0,0.997,1.0,1.0,0.834,0.82,1
CUST_04090,19,Male,Dar es Salaam,Christian,Others,No formal,"200,000-500,000",M-Pesa,5,0.37,0.79,0.43,0.3,Samsung,South Korea,Premium,New,1281292,9.9,Physical Store,Mobile Money,0,2,0.156,0.426,1.0,0.832,1.0,1.0,0.593,0.74,1
CUST_02930,17,Female,Arusha,Muslim,Chagga,Diploma,"200,000-500,000",Tigo Pesa,1,0.08,0.71,0.66,0.5,Infinix,China,Mid-Range,New,400729,7.0,Physical Store,Cash,0,11,0.289,0.462,0.9,0.887,1.0,1.0,0.59,0.74,0
CUST_01319,34,Female,Mbeya,Muslim,Others,Secondary,"200,000-500,000",None,4,0.73,0.84,0.79,0.7,Xiaomi,China,Mid-Range,New,334994,7.5,Physical Store,Mobile Money,0,2,0.297,0.592,0.9,0.68,1.0,1.0,0.553,0.78,1
CUST_02224,39,Female,Dodoma,Christian,Others,Secondary,">2,000,000",Tigo Pesa,1,0.05,0.41,0.6,0.3,Nokia,Finland,Mid-Range,New,544846,7.4,Physical Store,Cash,0,12,0.442,0.444,1.0,0.842,1.0,1.0,0.64,0.74,0
CUST_01501,28,Female,Dodoma,Christian,Others,Primary,"500,001-1,000,000",Airtel Money,4,0.19,0.74,0.46,0.3,Xiaomi,China,Mid-Range,New,390883,6.1,Physical Store,Cash,1,2,0.277,0.281,1.0,0.503,1.0,1.0,0.497,0.69,1
CUST_02540,21,Female,Mbeya,Christian,Others,Secondary,"500,001-1,000,000",M-Pesa,2,0.21,0.71,0.61,0.3,Vivo,China,Mid-Range,New,295224,7.6,Physical Store,Mobile Money,0,2,0.476,0.464,1.0,0.805,1.0,1.0,0.737,0.8,1
CUST_02549,33,Female,Tanga,Christian,Gogo,Primary,"200,000-500,000",M-Pesa,3,0.4,0.71,0.4,0.3,Tecno,China,Mid-Range,New,283597,7.0,Physical Store,Cash,0,2,0.497,0.28,1.0,0.931,1.0,1.0,0.533,0.76,1
CUST_02455,33,Male,Dar es Salaam,Christian,Sukuma,Bachelor,"<200,000",M-Pesa,4,0.5,0.75,0.81,0.5,Infinix,China,Mid-Range,New,371318,6.9,Physical Store,Mobile Money,1,1,0.304,0.559,1.0,0.647,1.0,1.0,0.587,0.74,0
CUST_02464,34,Male,Arusha,Muslim,Sukuma,Primary,"1,000,001-2,000,000",Tigo Pesa,1,0.53,0.36,0.51,0.0,Oppo,China,Mid-Range,Used,475969,5.3,Physical Store,Cash,1,2,0.572,0.27,0.9,0.697,0.6,1.0,0.54,0.62,1
CUST_03636,24,Male,Mwanza,Muslim,Others,No formal,">2,000,000",Airtel Money,1,0.28,0.12,0.49,0.3,Apple,USA,Premium,New,1484411,8.6,Online,Mobile Money,1,2,0.852,0.421,0.9,1.037,1.0,1.0,0.632,0.62,1
CUST_00213,16,Female,Arusha,Christian,Others,Secondary,"200,000-500,000",Tigo Pesa,4,0.21,0.84,0.76,0.0,Oppo,China,Mid-Range,New,527036,6.5,Physical Store,Cash,0,2,0.0,0.494,1.0,0.948,1.0,1.0,0.433,0.68,1
CUST_02561,20,Female,Dar es Salaam,Muslim,Sukuma,Secondary,"200,000-500,000",Tigo Pesa,5,0.43,0.79,0.84,1.0,Vivo,China,Mid-Range,Used,389290,5.9,Physical Store,Cash,0,12,0.231,0.496,0.9,0.548,0.6,0.8,0.433,0.68,1
CUST_02110,15,Female,Tanga,Muslim,Others,Secondary,"500,001-1,000,000",M-Pesa,2,0.13,0.64,0.52,0.5,Nokia,Finland,Mid-Range,Used,265605,5.7,Physical Store,Mobile Money,0,2,0.575,0.296,0.9,0.689,0.6,1.0,0.638,0.69,1
CUST_04979,36,Female,Dar es Salaam,Christian,Others,Bachelor,"200,000-500,000",Tigo Pesa,1,0.32,0.89,0.54,0.3,Oppo,China,Mid-Range,New,499225,7.5,Physical Store,Cash,1,2,0.0,0.405,1.0,0.607,1.0,1.0,0.446,0.75,0
CUST_00531,28,Female,Zanzibar,Christian,Others,Diploma,"1,000,001-2,000,000",M-Pesa,1,0.88,0.33,0.62,0.0,Infinix,China,Mid-Range,New,303330,6.4,Online,Card,0,2,0.75,0.397,1.0,0.807,1.0,1.0,0.902,0.72,1
CUST_00069,31,Female,Tanga,Muslim,Others,Diploma,"<200,000",Halopesa,5,0.29,0.95,0.8,0.5,Infinix,China,Mid-Range,New,354118,6.1,Physical Store,Cash,1,2,0.159,0.488,0.9,0.875,1.0,1.0,0.494,0.7,1
CUST_01141,32,Male,Arusha,Muslim,Sukuma,No formal,"200,000-500,000",None,2,0.27,1.0,0.33,0.3,Nokia,Finland,Mid-Range,New,311007,7.9,Mobile,Cash,0,2,0.222,0.261,0.9,0.742,1.0,1.0,0.435,0.81,1
CUST_02164,15,Male,Dodoma,Christian,Sukuma,Secondary,"1,000,001-2,000,000",Tigo Pesa,3,0.34,0.49,0.79,0.0,Samsung,South Korea,Premium,New,863484,9.1,Physical Store,Mobile Money,0,2,0.647,0.719,1.0,1.109,1.0,1.0,0.676,0.77,0
CUST_00896,38,Female,Mwanza,Christian,Nyamwezi,No formal,"200,000-500,000",Tigo Pesa,2,0.25,0.77,0.8,0.5,Samsung,South Korea,Premium,New,1226836,8.4,Physical Store,Cash,0,2,0.213,0.672,1.0,0.61,1.0,1.0,0.647,0.66,1
CUST_04935,34,Male,Dar es Salaam,Muslim,Makonde,Bachelor,"200,000-500,000",Halopesa,2,0.23,0.97,0.58,0.3,Apple,USA,Premium,New,1162575,8.7,Physical Store,Mobile Money,0,2,0.06,0.505,0.9,1.053,1.0,1.0,0.55,0.69,1
CUST_04918,27,Male,Morogoro,Muslim,Others,Primary,"<200,000",Halopesa,3,0.01,0.87,0.51,0.3,Tecno,China,Mid-Range,New,533587,6.8,Physical Store,Card,1,1,0.0,0.347,0.9,0.553,1.0,1.0,0.295,0.7,1
CUST_00836,15,Female,Mbeya,Christian,Others,Primary,"200,000-500,000",M-Pesa,1,0.32,0.89,0.51,0.5,Infinix,China,Mid-Range,New,263305,7.2,Physical Store,Cash,0,1,0.414,0.367,1.0,0.832,1.0,1.0,0.597,0.78,1
CUST_02242,21,Female,Mbeya,Muslim,Others,Diploma,"1,000,001-2,000,000",Halopesa,2,0.47,0.22,0.89,0.3,Infinix,China,Mid-Range,New,550940,6.1,Mobile,Mobile Money,0,2,0.697,0.543,0.9,0.653,1.0,1.0,0.694,0.66,1
CUST_02928,24,Male,Mbeya,Christian,Others,Primary,"<200,000",M-Pesa,2,0.01,0.84,0.82,0.0,Samsung,South Korea,Premium,New,1998054,8.6,Physical Store,Card,1,2,0.0,0.705,1.0,1.098,1.0,1.0,0.682,0.52,1
CUST_03639,23,Male,Mbeya,Christian,Others,Secondary,"200,000-500,000",Tigo Pesa,3,0.11,0.78,0.6,1.0,Vivo,China,Mid-Range,New,339965,6.6,Physical Store,Cash,0,1,0.337,0.396,1.0,0.645,1.0,0.8,0.503,0.73,1
CUST_01644,23,Female,Tanga,Muslim,Sukuma,Diploma,"200,000-500,000",M-Pesa,2,0.1,0.8,0.43,0.5,Huawei,China,Premium,New,1679506,9.9,Online,Cash,1,2,0.0,0.426,0.9,0.941,1.0,1.0,0.528,0.66,1
CUST_04864,39,Female,Dodoma,Muslim,Others,Secondary,"<200,000",M-Pesa,4,0.62,0.87,0.64,0.0,Itel,China,Budget,New,182991,6.8,Physical Store,Mobile Money,0,2,0.0,0.435,0.9,0.964,1.0,1.0,0.512,0.77,0
CUST_02319,37,Male,Dar es Salaam,Christian,Sukuma,Secondary,"1,000,001-2,000,000",Airtel Money,1,0.32,0.48,0.36,0.5,Infinix,China,Mid-Range,New,306721,6.5,Physical Store,Mobile Money,0,2,0.632,0.234,1.0,0.777,1.0,1.0,0.616,0.73,1
CUST_00012,33,Female,Dar es Salaam,Christian,Others,Secondary,"200,000-500,000",M-Pesa,4,0.25,0.97,0.66,0.0,Samsung,South Korea,Premium,New,2425789,8.6,Physical Store,Mobile Money,1,1,0.0,0.568,1.0,0.86,1.0,1.0,0.731,0.43,1
CUST_01440,37,Male,Zanzibar,Muslim,Others,Secondary,"<200,000",M-Pesa,3,0.18,0.83,0.47,0.3,Nokia,Finland,Mid-Range,New,460438,7.5,Online,Mobile Money,0,2,0.045,0.352,0.9,0.597,1.0,1.0,0.392,0.76,1
CUST_02792,35,Male,Dar es Salaam,Christian,Others,Diploma,"<200,000",M-Pesa,4,0.37,0.71,0.58,0.3,Itel,China,Budget,New,198493,5.0,Physical Store,Mobile Money,0,12,0.06,0.29,1.0,0.71,1.0,1.0,0.456,0.66,1
CUST_02736,18,Female,Arusha,Christian,Chagga,Primary,"<200,000",Airtel Money,1,0.14,0.87,0.78,1.0,Vivo,China,Mid-Range,New,521812,7.4,Online,Cash,0,2,0.0,0.577,1.0,0.902,1.0,0.8,0.635,0.74,1
CUST_04481,36,Male,Zanzibar,Muslim,Sukuma,Secondary,"500,001-1,000,000",Tigo Pesa,3,0.25,0.47,0.71,0.5,Infinix,China,Mid-Range,Used,331606,6.5,Physical Store,Mobile Money,0,1,0.61,0.461,0.9,0.84,0.6,1.0,0.58,0.72,1
CUST_02557,28,Male,Arusha,Christian,Others,No formal,">2,000,000",Tigo Pesa,5,0.46,0.23,0.37,0.7,Oppo,China,Mid-Range,Used,424225,6.9,Physical Store,Cash,0,2,0.756,0.255,1.0,0.902,0.6,1.0,0.78,0.73,0
CUST_04903,50,Female,Dar es Salaam,Christian,Others,Diploma,"200,000-500,000",M-Pesa,3,0.12,0.98,0.84,0.3,Huawei,China,Premium,New,2079934,8.7,Physical Store,Cash,0,2,0.0,0.731,1.0,0.966,1.0,1.0,0.468,0.51,1
CUST_02480,28,Male,Arusha,Muslim,Makonde,Primary,"<200,000",Halopesa,5,0.08,0.78,0.32,0.7,Nokia,Finland,Mid-Range,New,407209,6.6,Physical Store,Mobile Money,0,1,0.206,0.211,0.9,0.799,1.0,1.0,0.484,0.71,1
CUST_00346,25,Female,Dar es Salaam,Christian,Others,Secondary,"500,001-1,000,000",Tigo Pesa,4,0.13,0.43,0.52,0.5,Apple,USA,Premium,New,2118712,8.7,Physical Store,Card,0,2,0.241,0.452,1.0,0.652,1.0,1.0,0.664,0.5,1
CUST_01596,38,Female,Mbeya,Christian,Sukuma,Secondary,"1,000,001-2,000,000",M-Pesa,2,0.48,0.35,0.35,0.0,Infinix,China,Mid-Range,New,373876,6.3,Physical Store,Mobile Money,1,2,0.673,0.22,1.0,0.597,1.0,1.0,0.659,0.7,1
CUST_01906,33,Female,Morogoro,Christian,Nyamwezi,Secondary,"200,000-500,000",Tigo Pesa,3,0.36,0.93,0.5,0.7,Nokia,Finland,Mid-Range,New,325706,6.5,Physical Store,Cash,1,2,0.243,0.325,1.0,0.542,1.0,1.0,0.416,0.72,0
CUST_04838,33,Male,Mwanza,Christian,Haya,Secondary,"200,000-500,000",Tigo Pesa,5,0.51,0.94,0.49,0.0,Samsung,South Korea,Premium,New,1536110,8.0,Mobile,Mobile Money,0,12,0.0,0.392,1.0,1.114,1.0,1.0,0.333,0.57,1
CUST_02508,16,Female,Dodoma,Christian,Sukuma,Diploma,"200,000-500,000",Airtel Money,4,0.23,0.93,0.63,0.5,Huawei,China,Premium,New,1225299,9.1,Physical Store,Cash,0,2,0.05,0.573,1.0,0.969,1.0,1.0,0.527,0.7,1
CUST_00355,32,Male,Tanga,Christian,Others,Diploma,"1,000,001-2,000,000",M-Pesa,5,0.33,0.36,0.31,1.0,Huawei,China,Premium,New,1939141,9.0,Physical Store,Mobile Money,0,9,0.418,0.279,1.0,0.996,1.0,0.8,0.374,0.55,1
CUST_03245,15,Female,Tanga,Christian,Chagga,Secondary,"<200,000",M-Pesa,2,0.17,0.94,0.43,0.5,Oppo,China,Mid-Range,Used,386497,6.2,Online,Mobile Money,0,2,0.092,0.267,1.0,0.504,0.6,1.0,0.457,0.69,1
CUST_03278,29,Male,Dodoma,Christian,Haya,Secondary,"500,001-1,000,000",Tigo Pesa,2,0.2,0.46,0.71,1.0,Nokia,Finland,Mid-Range,New,347233,7.2,Online,Card,0,1,0.601,0.511,1.0,0.717,1.0,0.8,0.807,0.76,1
CUST_03347,36,Male,Dar es Salaam,Christian,Others,Bachelor,"200,000-500,000",Airtel Money,5,0.66,0.71,0.56,0.5,Itel,China,Budget,New,239903,6.7,Physical Store,Mobile Money,0,2,0.0,0.375,1.0,0.71,1.0,1.0,0.742,0.75,1
CUST_03329,30,Male,Zanzibar,Other,Chagga,Primary,">2,000,000",Airtel Money,3,0.2,0.3,0.31,0.7,Oppo,China,Mid-Range,New,449066,7.6,Physical Store,Cash,1,2,0.663,0.236,1.0,0.91,1.0,1.0,0.81,0.77,1
CUST_03060,41,Male,Arusha,Christian,Sukuma,Secondary,"200,000-500,000",Airtel Money,3,0.32,0.72,0.78,0.7,Nokia,Finland,Mid-Range,New,540894,7.6,Physical Store,Mobile Money,0,2,0.026,0.593,1.0,0.562,1.0,1.0,0.595,0.75,1
CUST_04695,25,Female,Dar es Salaam,Muslim,Chagga,Secondary,"<200,000",M-Pesa,1,0.11,0.7,0.75,0.0,Huawei,China,Premium,New,1814244,8.2,Online,Card,0,2,0.0,0.615,0.9,0.859,1.0,1.0,0.418,0.53,1
CUST_04105,15,Male,Morogoro,Christian,Others,No formal,"500,001-1,000,000",Tigo Pesa,3,0.31,0.72,0.88,0.3,Apple,USA,Premium,New,1420185,8.2,Physical Store,Mobile Money,0,2,0.148,0.722,1.0,0.85,1.0,1.0,0.745,0.61,1
CUST_00174,25,Male,Dar es Salaam,Muslim,Others,Primary,"500,001-1,000,000",Airtel Money,2,0.3,0.43,0.63,0.5,Infinix,China,Mid-Range,New,260278,7.1,Online,Mobile Money,0,1,0.72,0.447,0.9,0.874,1.0,1.0,0.715,0.77,1
CUST_02411,21,Male,Tanga,Christian,Nyamwezi,Primary,"500,001-1,000,000",Tigo Pesa,4,0.33,0.78,0.61,0.5,Tecno,China,Mid-Range,New,321076,6.7,Physical Store,Cash,0,2,0.374,0.409,1.0,0.809,1.0,1.0,0.658,0.74,1
CUST_02198,31,Female,Dar es Salaam,Christian,Others,Diploma,"500,001-1,000,000",Tigo Pesa,5,0.31,0.66,0.65,0.5,Apple,USA,Premium,New,1048544,8.7,Online,Mobile Money,0,2,0.423,0.565,1.0,1.186,1.0,1.0,0.706,0.71,1
CUST_03619,38,Female,Mwanza,Christian,Makonde,No formal,"1,000,001-2,000,000",Tigo Pesa,5,0.29,0.2,0.34,0.3,Tecno,China,Mid-Range,New,580326,6.8,Physical Store,Mobile Money,0,2,0.71,0.231,1.0,0.732,1.0,1.0,0.754,0.69,1
CUST_03079,22,Male,Tanga,Muslim,Others,Primary,"1,000,001-2,000,000",Tigo Pesa,5,0.32,0.15,0.88,0.0,Nokia,Finland,Mid-Range,New,391610,7.9,Physical Store,Mobile Money,1,2,0.853,0.695,0.9,0.912,1.0,1.0,0.88,0.8,1
CUST_02189,23,Female,Mbeya,Christian,Others,Bachelor,"500,001-1,000,000",M-Pesa,4,0.28,0.65,0.43,0.5,Infinix,China,Mid-Range,Used,459202,6.2,Mobile,Card,1,12,0.254,0.267,1.0,0.89,0.6,1.0,0.745,0.68,1
CUST_03972,28,Male,Mwanza,Christian,Gogo,Secondary,"1,000,001-2,000,000",M-Pesa,2,0.17,0.46,0.73,1.0,Tecno,China,Mid-Range,Used,378877,6.4,Online,Cash,0,2,0.564,0.467,1.0,0.958,0.6,0.8,0.682,0.71,1
CUST_01071,26,Female,Dodoma,Christian,Others,Bachelor,"500,001-1,000,000",Halopesa,5,0.22,0.67,0.5,0.3,Apple,USA,Premium,New,2034619,8.1,Physical Store,Mobile Money,0,12,0.0,0.405,1.0,1.159,1.0,1.0,0.773,0.48,1
CUST_04591,33,Male,Tanga,Christian,Others,Bachelor,"<200,000",Halopesa,5,0.32,0.93,0.58,0.7,Nokia,Finland,Mid-Range,New,488862,6.3,Online,Cash,1,2,0.0,0.365,1.0,0.608,1.0,1.0,0.273,0.68,1
CUST_02092,15,Male,Mbeya,Christian,Chagga,Secondary,"<200,000",M-Pesa,3,0.4,0.9,0.42,0.0,Tecno,China,Mid-Range,New,300329,7.6,Physical Store,Mobile Money,0,11,0.324,0.319,1.0,0.965,1.0,1.0,0.555,0.8,1
CUST_04623,35,Female,Mwanza,Christian,Makonde,Primary,"500,001-1,000,000",Halopesa,1,0.27,0.52,0.43,0.5,Oppo,China,Mid-Range,New,513114,7.7,Physical Store,Cash,0,2,0.333,0.331,1.0,0.735,1.0,1.0,0.653,0.76,1
CUST_02147,26,Male,Arusha,Christian,Others,Primary,"1,000,001-2,000,000",M-Pesa,5,0.17,0.43,0.83,0.5,Samsung,South Korea,Premium,New,1639586,9.0,Mobile,Card,1,1,0.412,0.747,1.0,1.09,1.0,1.0,0.683,0.61,1
CUST_02071,22,Male,Mbeya,Muslim,Sukuma,Diploma,"<200,000",Tigo Pesa,4,0.35,0.91,0.74,0.3,Tecno,China,Mid-Range,New,459525,7.9,Physical Store,Card,0,2,0.0,0.585,0.9,0.853,1.0,1.0,0.569,0.78,1
CUST_04861,15,Female,Dar es Salaam,Christian,Others,Diploma,"200,000-500,000",Tigo Pesa,5,0.76,0.87,0.74,0.3,Samsung,South Korea,Premium,Used,1030802,7.3,Physical Store,Cash,1,2,0.253,0.54,1.0,0.613,0.6,1.0,0.575,0.63,1
CUST_02932,27,Female,Dar es Salaam,Christian,Others,Secondary,"200,000-500,000",M-Pesa,3,0.15,0.95,0.39,0.3,Samsung,South Korea,Premium,Used,1807664,9.0,Physical Store,Mobile Money,0,1,0.0,0.351,1.0,1.006,0.6,1.0,0.363,0.58,1
CUST_02793,19,Male,Dodoma,Muslim,Others,Secondary,"500,001-1,000,000",M-Pesa,3,0.14,0.71,0.36,0.7,Xiaomi,China,Mid-Range,New,327782,7.5,Physical Store,Cash,0,2,0.418,0.27,0.9,0.699,1.0,1.0,0.592,0.78,1
CUST_00411,24,Female,Mwanza,Christian,Others,No formal,"200,000-500,000",Tigo Pesa,2,0.07,0.94,0.81,0.3,Tecno,China,Mid-Range,New,296308,7.5,Physical Store,Mobile Money,0,2,0.304,0.608,1.0,0.627,1.0,1.0,0.6,0.79,1
CUST_04174,23,Female,Dar es Salaam,Christian,Makonde,Secondary,"<200,000",Tigo Pesa,2,0.47,0.89,0.86,0.5,Samsung,South Korea,Premium,New,2007745,8.4,Physical Store,Cash,0,1,0.0,0.722,1.0,0.975,1.0,1.0,0.653,0.5,1
CUST_03573,22,Female,Arusha,Christian,Chagga,No formal,"<200,000",Tigo Pesa,2,0.1,0.77,0.48,0.5,Infinix,China,Mid-Range,New,595215,6.3,Online,Mobile Money,0,11,0.0,0.302,1.0,0.843,1.0,1.0,0.561,0.66,1
CUST_04060,15,Male,Zanzibar,Muslim,Others,Diploma,"200,000-500,000",Airtel Money,3,0.13,0.75,0.34,0.5,Tecno,China,Mid-Range,New,331816,6.8,Physical Store,Mobile Money,0,2,0.378,0.231,0.9,0.563,1.0,1.0,0.532,0.74,1
CUST_02810,18,Female,Dar es Salaam,Christian,Haya,Secondary,"1,000,001-2,000,000",Airtel Money,2,0.28,0.47,0.58,0.3,Apple,USA,Premium,New,2276476,9.9,Physical Store,Card,0,2,0.108,0.574,1.0,0.814,1.0,1.0,0.385,0.54,0
CUST_01987,30,Male,Tanga,Christian,Others,Primary,"<200,000",Tigo Pesa,4,0.46,0.77,0.84,0.5,Xiaomi,China,Mid-Range,New,255174,6.2,Physical Store,Card,1,11,0.509,0.521,1.0,0.637,1.0,1.0,0.769,0.72,1
CUST_00713,39,Female,Dar es Salaam,Christian,Gogo,Primary,"<200,000",Airtel Money,3,0.3,0.93,0.63,0.7,Tecno,China,Mid-Range,Used,272429,5.7,Physical Store,Cash,0,1,0.367,0.359,1.0,0.933,0.6,1.0,0.607,0.69,1
CUST_01513,33,Female,Zanzibar,Muslim,Others,Secondary,"500,001-1,000,000",Airtel Money,4,0.1,0.77,0.76,0.5,Tecno,China,Mid-Range,New,545851,7.6,Physical Store,Mobile Money,1,2,0.0,0.578,0.9,0.993,1.0,1.0,0.425,0.75,0
CUST_01481,35,Male,Dar es Salaam,Muslim,Nyamwezi,Primary,"500,001-1,000,000",Halopesa,4,0.35,0.42,0.43,0.3,Apple,USA,Premium,New,1343093,8.3,Physical Store,Mobile Money,1,10,0.53,0.357,0.9,1.146,1.0,1.0,0.779,0.63,1
CUST_00444,37,Female,Mbeya,Christian,Chagga,Secondary,"200,000-500,000",M-Pesa,2,0.24,0.81,0.53,0.7,Tecno,China,Mid-Range,New,359822,6.1,Physical Store,Mobile Money,0,1,0.271,0.323,1.0,0.722,1.0,1.0,0.664,0.69,0
CUST_01582,40,Female,Dodoma,Christian,Sukuma,No formal,"<200,000",M-Pesa,1,0.08,0.77,0.31,0.3,Tecno,China,Mid-Range,New,299215,6.2,Online,Cash,0,2,0.424,0.192,1.0,0.568,1.0,1.0,0.445,0.71,1
CUST_02863,21,Female,Mwanza,Christian,Others,Primary,"<200,000",M-Pesa,3,0.46,0.99,0.38,0.0,Xiaomi,China,Mid-Range,New,321715,6.5,Mobile,Cash,1,1,0.204,0.247,1.0,0.916,1.0,1.0,0.327,0.73,0
CUST_04633,18,Male,Tanga,Muslim,Others,Diploma,"200,000-500,000",M-Pesa,4,0.22,0.79,0.83,0.0,Apple,USA,Premium,New,1995041,8.7,Physical Store,Cash,0,12,0.0,0.722,0.9,0.726,1.0,1.0,0.628,0.52,1
CUST_04442,30,Female,Morogoro,Christian,Sukuma,Primary,"<200,000",Tigo Pesa,5,0.26,0.76,0.62,0.5,Tecno,China,Mid-Range,Used,185184,6.1,Physical Store,Cash,1,2,0.648,0.378,1.0,0.836,0.6,1.0,0.762,0.73,1
CUST_01225,17,Male,Mwanza,Christian,Others,Secondary,"200,000-500,000",M-Pesa,4,0.53,0.99,0.68,0.7,Vivo,China,Mid-Range,New,594234,6.1,Physical Store,Card,0,2,0.0,0.415,1.0,0.669,1.0,1.0,0.446,0.65,1
CUST_04081,33,Male,Dar es Salaam,Christian,Others,Diploma,"200,000-500,000",Airtel Money,4,0.12,0.97,0.57,0.5,Infinix,China,Mid-Range,New,505914,6.7,Physical Store,Cash,0,2,0.0,0.382,1.0,0.745,1.0,1.0,0.423,0.7,1
CUST_01646,29,Female,Zanzibar,Christian,Others,No formal,"200,000-500,000",Airtel Money,3,0.35,0.96,0.68,0.7,Apple,USA,Premium,New,1075128,9.8,Physical Store,Mobile Money,0,2,0.14,0.666,1.0,0.775,1.0,1.0,0.81,0.77,0
CUST_04074,15,Female,Dar es Salaam,Muslim,Others,Primary,"1,000,001-2,000,000",M-Pesa,4,0.59,0.42,0.41,0.5,Samsung,South Korea,Premium,New,1935962,8.5,Online,Mobile Money,0,2,0.322,0.348,0.9,0.652,1.0,1.0,0.477,0.52,1
CUST_01171,15,Male,Arusha,Muslim,Others,Master+,"500,001-1,000,000",Tigo Pesa,3,0.03,0.65,0.47,0.0,Infinix,China,Mid-Range,New,482279,6.4,Online,Cash,0,1,0.216,0.301,0.9,0.709,1.0,1.0,0.403,0.69,1
CUST_00705,22,Male,Zanzibar,Muslim,Others,Secondary,"<200,000",M-Pesa,2,0.11,0.74,0.6,0.3,Itel,China,Budget,New,173150,5.7,Physical Store,Cash,0,1,0.146,0.342,0.9,0.99,1.0,1.0,0.509,0.71,1
CUST_02189,23,Female,Mbeya,Christian,Others,Bachelor,"500,001-1,000,000",M-Pesa,4,0.28,0.65,0.43,0.5,Apple,USA,Premium,New,959228,9.2,Physical Store,Cash,0,2,0.48,0.396,1.0,1.126,1.0,1.0,0.75,0.76,1
CUST_01982,29,Female,Morogoro,Christian,Chagga,Secondary,"500,001-1,000,000",M-Pesa,5,0.21,0.55,0.9,0.5,Itel,China,Budget,New,103625,5.2,Physical Store,Cash,1,1,0.62,0.468,1.0,0.799,1.0,1.0,0.643,0.69,0
CUST_00007,22,Female,Arusha,Christian,Others,Primary,"<200,000",M-Pesa,2,0.06,0.94,0.41,0.7,Nokia,Finland,Mid-Range,New,569534,7.6,Online,Mobile Money,1,11,0.0,0.312,1.0,0.994,1.0,1.0,0.548,0.74,1
CUST_04715,20,Female,Arusha,Muslim,Chagga,Diploma,"<200,000",Airtel Money,2,0.08,0.88,0.54,0.0,Huawei,China,Premium,New,1892437,8.8,Physical Store,Mobile Money,1,2,0.0,0.475,0.9,0.947,1.0,1.0,0.366,0.55,1
CUST_02975,22,Male,Dar es Salaam,Christian,Others,Primary,"<200,000",Airtel Money,2,0.17,0.76,0.82,0.7,Huawei,China,Premium,New,1080799,9.6,Physical Store,Cash,0,2,0.315,0.787,1.0,0.687,1.0,1.0,0.652,0.76,1
CUST_03001,34,Male,Arusha,Muslim,Nyamwezi,No formal,"500,001-1,000,000",None,3,0.1,0.75,0.85,0.7,Huawei,China,Premium,New,1938702,8.7,Physical Store,Cash,0,2,0.0,0.739,0.9,0.988,1.0,1.0,0.492,0.53,1
CUST_00521,43,Male,Mwanza,Christian,Sukuma,No formal,"500,001-1,000,000",M-Pesa,2,0.17,0.6,0.31,0.5,Samsung,South Korea,Premium,New,1305620,9.7,Physical Store,Cash,1,2,0.347,0.301,1.0,1.085,1.0,1.0,0.681,0.72,0
CUST_00598,33,Female,Mwanza,Muslim,Gogo,Secondary,"200,000-500,000",Airtel Money,3,0.16,0.77,0.39,0.5,Apple,USA,Premium,New,2211810,9.0,Physical Store,Cash,1,12,0.0,0.351,0.9,0.956,1.0,1.0,0.454,0.5,1
CUST_04940,24,Male,Zanzibar,Christian,Others,Secondary,"<200,000",M-Pesa,3,0.31,0.79,0.35,0.5,Apple,USA,Premium,New,744474,8.4,Physical Store,Cash,1,1,0.51,0.294,1.0,0.862,1.0,1.0,0.885,0.76,1
CUST_02216,27,Male,Arusha,Christian,Others,Primary,"500,001-1,000,000",M-Pesa,5,0.14,0.58,0.71,1.0,Tecno,China,Mid-Range,New,514708,7.7,Physical Store,Cash,1,2,0.254,0.547,1.0,0.529,1.0,0.8,0.442,0.76,0
CUST_00493,45,Female,Morogoro,Muslim,Haya,Diploma,"200,000-500,000",M-Pesa,1,0.34,0.76,0.76,0.7,Nokia,Finland,Mid-Range,New,301487,7.9,Physical Store,Cash,0,1,0.427,0.6,0.9,0.532,1.0,1.0,0.58,0.81,1
CUST_01463,21,Male,Tanga,Christian,Others,No formal,"500,001-1,000,000",M-Pesa,4,0.37,0.8,0.81,0.5,Xiaomi,China,Mid-Range,New,530230,6.2,Physical Store,Mobile Money,0,1,0.0,0.502,1.0,0.757,1.0,1.0,0.534,0.67,1
CUST_03003,33,Male,Mwanza,Christian,Others,Secondary,"1,000,001-2,000,000",Airtel Money,1,0.53,0.35,0.42,0.5,Samsung,South Korea,Premium,New,750324,8.2,Physical Store,Cash,1,2,0.781,0.344,1.0,0.668,1.0,1.0,0.678,0.74,0
CUST_01144,39,Female,Arusha,Christian,Others,Primary,"200,000-500,000",M-Pesa,5,0.32,0.82,0.32,0.3,Nokia,Finland,Mid-Range,New,389670,7.9,Online,Card,0,1,0.201,0.253,1.0,0.781,1.0,1.0,0.501,0.8,1
CUST_02772,36,Male,Zanzibar,Christian,Nyamwezi,Primary,"<200,000",Halopesa,4,0.14,0.79,0.49,0.7,Tecno,China,Mid-Range,New,310227,6.0,Physical Store,Cash,0,2,0.387,0.294,1.0,0.672,1.0,1.0,0.812,0.7,1
CUST_00754,16,Male,Tanga,Christian,Others,Primary,"<200,000",M-Pesa,4,0.12,0.92,0.73,0.0,Tecno,China,Mid-Range,New,442903,7.1,Physical Store,Card,0,1,0.0,0.518,1.0,0.757,1.0,1.0,0.377,0.74,1
CUST_02753,35,Male,Tanga,Christian,Gogo,No formal,"1,000,001-2,000,000",M-Pesa,4,0.14,0.37,0.76,0.3,Nokia,Finland,Mid-Range,New,304401,7.8,Physical Store,Cash,0,2,0.718,0.593,1.0,0.579,1.0,1.0,0.577,0.81,1
CUST_01188,15,Male,Arusha,Muslim,Gogo,Secondary,"500,001-1,000,000",Airtel Money,3,0.39,0.68,0.6,0.3,Tecno,China,Mid-Range,New,546971,6.4,Physical Store,Card,0,2,0.07,0.384,0.9,0.707,1.0,1.0,0.296,0.67,1
CUST_02362,24,Male,Dar es Salaam,Muslim,Sukuma,Secondary,"<200,000",Halopesa,2,0.42,0.77,0.6,0.3,Oppo,China,Mid-Range,New,439107,7.7,Physical Store,Mobile Money,0,2,0.155,0.462,0.9,0.901,1.0,1.0,0.467,0.77,1
CUST_01995,15,Female,Dar es Salaam,Muslim,Nyamwezi,Secondary,"200,000-500,000",Airtel Money,4,0.23,0.83,0.72,0.5,Huawei,China,Premium,New,2113870,9.2,Online,Mobile Money,1,12,0.0,0.662,0.9,0.552,1.0,1.0,0.474,0.53,1
CUST_02141,23,Female,Dodoma,Christian,Nyamwezi,Secondary,"200,000-500,000",M-Pesa,4,0.66,0.8,0.39,1.0,Samsung,South Korea,Premium,New,1486372,8.6,Physical Store,Mobile Money,1,2,0.009,0.335,1.0,1.19,1.0,0.8,0.605,0.62,1
CUST_04960,38,Female,Mbeya,Muslim,Others,Primary,"500,001-1,000,000",Halopesa,1,0.2,0.43,0.78,0.7,Huawei,China,Premium,Used,1279602,7.6,Online,Card,0,1,0.541,0.593,0.9,0.701,0.6,1.0,0.427,0.6,0
CUST_03874,21,Male,Tanga,Christian,Chagga,Primary,"500,001-1,000,000",Airtel Money,1,0.25,0.79,0.56,0.0,Vivo,China,Mid-Range,New,428962,6.6,Online,Card,0,2,0.153,0.37,1.0,0.772,1.0,1.0,0.383,0.71,1
CUST_04398,23,Female,Morogoro,Muslim,Others,Secondary,"200,000-500,000",Airtel Money,5,0.38,0.86,0.86,0.7,Infinix,China,Mid-Range,New,422519,7.1,Physical Store,Cash,0,2,0.092,0.611,0.9,0.908,1.0,1.0,0.578,0.74,1
CUST_01541,15,Male,Zanzibar,Muslim,Others,Primary,"200,000-500,000",M-Pesa,3,0.31,0.87,0.71,0.3,Samsung,South Korea,Premium,New,1591555,8.1,Physical Store,Cash,0,12,0.0,0.575,0.9,1.031,1.0,1.0,0.606,0.57,1
CUST_01883,15,Female,Mwanza,Christian,Others,Bachelor,"200,000-500,000",Halopesa,4,0.44,0.92,0.77,0.0,Huawei,China,Premium,New,1439701,8.9,Online,Mobile Money,1,2,0.0,0.685,1.0,0.777,1.0,1.0,0.601,0.65,0
CUST_01122,23,Male,Mwanza,Christian,Others,Bachelor,"200,000-500,000",Airtel Money,2,0.29,0.83,0.71,0.0,Samsung,South Korea,Premium,New,2014700,8.4,Physical Store,Mobile Money,0,2,0.0,0.596,1.0,0.963,1.0,1.0,0.645,0.5,1
CUST_01087,34,Male,Morogoro,Muslim,Nyamwezi,Secondary,"500,001-1,000,000",Tigo Pesa,4,0.16,0.71,0.87,0.3,Samsung,South Korea,Premium,New,1661794,9.7,Physical Store,Card,0,1,0.017,0.844,0.9,1.19,1.0,1.0,0.798,0.65,1
CUST_00693,34,Male,Dar es Salaam,Christian,Sukuma,Bachelor,"<200,000",M-Pesa,3,0.19,0.77,0.6,0.3,Vivo,China,Mid-Range,New,560668,7.5,Physical Store,Cash,0,1,0.0,0.45,1.0,0.885,1.0,1.0,0.311,0.74,1
CUST_02420,45,Female,Dar es Salaam,Christian,Others,No formal,"500,001-1,000,000",M-Pesa,5,0.14,0.55,0.51,0.0,Apple,USA,Premium,New,1367459,8.9,Online,Cash,0,11,0.373,0.454,1.0,0.674,1.0,1.0,0.465,0.66,1
CUST_04355,33,Female,Morogoro,Muslim,Others,Diploma,"200,000-500,000",Tigo Pesa,2,0.21,0.99,0.31,0.5,Nokia,Finland,Mid-Range,New,347164,6.6,Physical Store,Mobile Money,0,1,0.141,0.205,0.9,0.851,1.0,1.0,0.495,0.73,1
CUST_01261,17,Male,Dodoma,Christian,Sukuma,Diploma,"200,000-500,000",M-Pesa,3,0.1,0.95,0.78,0.0,Infinix,China,Mid-Range,New,530240,6.3,Physical Store,Mobile Money,0,2,0.0,0.491,1.0,0.938,1.0,1.0,0.598,0.67,1
CUST_02201,33,Male,Dodoma,Muslim,Chagga,Diploma,"<200,000",M-Pesa,5,0.15,0.96,0.62,0.3,Nokia,Finland,Mid-Range,New,545901,7.8,Online,Cash,0,2,0.0,0.484,0.9,0.916,1.0,1.0,0.515,0.76,0
CUST_03041,32,Male,Arusha,Christian,Others,Secondary,"500,001-1,000,000",M-Pesa,2,0.3,0.71,0.8,0.3,Samsung,South Korea,Premium,New,766391,9.2,Physical Store,Mobile Money,0,1,0.547,0.736,1.0,0.916,1.0,1.0,0.75,0.8,1
CUST_01213,21,Female,Arusha,Muslim,Sukuma,Secondary,"500,001-1,000,000",M-Pesa,3,0.31,0.43,0.34,0.5,Infinix,China,Mid-Range,Used,333599,5.7,Online,Mobile Money,0,2,0.641,0.194,0.9,0.632,0.6,1.0,0.619,0.68,1
CUST_04523,39,Male,Mwanza,Christian,Others,Secondary,"1,000,001-2,000,000",M-Pesa,4,0.34,0.36,0.61,0.7,Xiaomi,China,Mid-Range,New,448701,7.1,Mobile,Cash,0,1,0.596,0.433,1.0,0.672,1.0,1.0,0.798,0.74,1
CUST_01155,15,Female,Arusha,Christian,Nyamwezi,Bachelor,"200,000-500,000",Airtel Money,2,0.67,0.7,0.78,0.7,Apple,USA,Premium,New,1497487,9.0,Physical Store,Cash,0,1,0.126,0.702,1.0,0.879,1.0,1.0,0.584,0.64,1
CUST_04670,15,Male,Arusha,Christian,Others,Secondary,"500,001-1,000,000",Tigo Pesa,1,0.29,0.68,0.42,0.5,Samsung,South Korea,Premium,New,1553732,9.6,Physical Store,Cash,1,2,0.12,0.403,1.0,1.112,1.0,1.0,0.42,0.67,0
CUST_03982,23,Male,Mwanza,Muslim,Others,Secondary,"200,000-500,000",Halopesa,3,0.3,0.74,0.61,0.0,Tecno,China,Mid-Range,New,532354,6.1,Physical Store,Cash,1,2,0.015,0.372,0.9,0.887,1.0,1.0,0.562,0.66,1
CUST_02323,15,Female,Arusha,Muslim,Sukuma,Primary,"500,001-1,000,000",M-Pesa,3,0.37,0.43,0.66,0.3,Samsung,South Korea,Premium,New,1737993,8.1,Physical Store,Mobile Money,0,2,0.377,0.535,0.9,1.185,1.0,1.0,0.748,0.54,0
CUST_01492,15,Female,Tanga,Christian,Others,Secondary,"500,001-1,000,000",M-Pesa,3,0.17,0.41,0.51,0.7,Infinix,China,Mid-Range,New,297502,6.0,Physical Store,Cash,1,1,0.695,0.306,1.0,0.814,1.0,1.0,0.702,0.7,1
CUST_04905,37,Male,Arusha,Christian,Makonde,Primary,"200,000-500,000",M-Pesa,3,0.14,0.91,0.61,0.5,Nokia,Finland,Mid-Range,New,522808,6.5,Physical Store,Mobile Money,0,12,0.0,0.396,1.0,0.96,1.0,1.0,0.326,0.69,1
CUST_03976,23,Male,Tanga,Christian,Nyamwezi,Secondary,"200,000-500,000",Tigo Pesa,3,0.72,0.76,0.83,0.5,Infinix,China,Mid-Range,Used,444260,5.2,Online,Mobile Money,0,2,0.156,0.432,1.0,0.63,0.6,1.0,0.661,0.62,1
CUST_02373,15,Male,Tanga,Christian,Others,No formal,"500,001-1,000,000",M-Pesa,5,0.08,0.5,0.45,0.7,Itel,China,Budget,New,220628,5.3,Physical Store,Card,1,12,0.265,0.239,1.0,0.755,1.0,1.0,0.561,0.67,1
CUST_01047,32,Female,Dar es Salaam,Muslim,Others,Secondary,"<200,000",Tigo Pesa,3,0.29,0.91,0.37,0.5,Infinix,China,Mid-Range,New,558373,6.9,Mobile,Cash,0,1,0.0,0.255,0.9,0.902,1.0,1.0,0.438,0.7,1
CUST_00962,16,Male,Mwanza,Christian,Others,Secondary,">2,000,000",Airtel Money,5,0.14,0.48,0.39,0.7,Apple,USA,Premium,Used,612111,7.0,Physical Store,Cash,0,1,0.755,0.273,1.0,0.748,0.6,1.0,0.629,0.7,1
CUST_01360,33,Male,Arusha,Christian,Chagga,Bachelor,"200,000-500,000",Airtel Money,1,0.09,0.95,0.34,0.5,Nokia,Finland,Mid-Range,New,473792,7.5,Physical Store,Card,0,2,0.0,0.255,1.0,0.624,1.0,1.0,0.353,0.76,1
CUST_01551,21,Male,Morogoro,Christian,Gogo,Primary,"500,001-1,000,000",Tigo Pesa,4,0.21,0.65,0.66,0.5,Tecno,China,Mid-Range,New,414307,6.6,Physical Store,Mobile Money,0,1,0.327,0.436,1.0,0.98,1.0,1.0,0.572,0.71,1
CUST_02735,23,Male,Dar es Salaam,Christian,Others,Secondary,"500,001-1,000,000",Tigo Pesa,1,0.34,0.46,0.88,0.3,Huawei,China,Premium,New,2247839,9.1,Mobile,Mobile Money,0,12,0.138,0.801,1.0,0.922,1.0,1.0,0.63,0.5,1
CUST_01855,35,Female,Tanga,Christian,Nyamwezi,Diploma,">2,000,000",Airtel Money,1,0.31,0.45,0.67,0.5,Nokia,Finland,Mid-Range,New,275675,6.3,Physical Store,Cash,0,1,0.69,0.422,1.0,0.915,1.0,1.0,0.692,0.72,0
CUST_03556,35,Male,Dar es Salaam,Christian,Gogo,Primary,"<200,000",Tigo Pesa,3,0.2,0.79,0.88,0.5,Apple,USA,Premium,New,2238464,8.2,Physical Store,Cash,0,2,0.0,0.722,1.0,0.724,1.0,1.0,0.542,0.44,1
CUST_01152,20,Male,Mwanza,Christian,Nyamwezi,Bachelor,"200,000-500,000",M-Pesa,2,0.24,0.87,0.45,0.0,Itel,China,Budget,Used,180395,4.4,Physical Store,Cash,0,2,0.0,0.198,1.0,0.723,0.6,1.0,0.443,0.63,1
CUST_02116,23,Female,Arusha,Christian,Sukuma,Primary,"200,000-500,000",Tigo Pesa,4,0.03,0.96,0.76,1.0,Xiaomi,China,Mid-Range,New,439816,7.5,Online,Mobile Money,0,2,0.0,0.57,1.0,0.882,1.0,0.8,0.506,0.76,1
CUST_01309,30,Male,Mbeya,Muslim,Nyamwezi,Bachelor,"200,000-500,000",Airtel Money,5,0.29,0.7,0.87,0.5,Oppo,China,Mid-Range,New,388185,6.2,Physical Store,Mobile Money,0,2,0.321,0.539,0.9,0.568,1.0,1.0,0.606,0.69,1
CUST_03300,27,Female,Arusha,Christian,Others,Bachelor,"<200,000",M-Pesa,5,0.32,0.8,0.39,0.3,Infinix,China,Mid-Range,New,363794,6.1,Physical Store,Cash,0,1,0.272,0.238,1.0,0.748,1.0,1.0,0.543,0.69,1
CUST_04339,15,Female,Dodoma,Other,Makonde,Bachelor,">2,000,000",None,5,0.43,0.41,0.38,0.7,Itel,China,Budget,Used,130827,4.6,Physical Store,Mobile Money,0,2,0.642,0.175,1.0,0.639,0.6,1.0,0.787,0.65,0
CUST_03950,47,Male,Morogoro,Muslim,Sukuma,Primary,"1,000,001-2,000,000",Tigo Pesa,4,0.29,0.48,0.35,0.0,Tecno,China,Mid-Range,Used,205786,5.3,Mobile,Cash,1,2,0.753,0.186,0.9,0.807,0.6,1.0,0.603,0.68,1
CUST_03258,45,Male,Dar es Salaam,Muslim,Others,Bachelor,"1,000,001-2,000,000",Tigo Pesa,5,0.14,0.19,0.34,0.3,Apple,USA,Premium,New,2085631,8.2,Physical Store,Card,0,2,0.67,0.279,0.9,1.014,1.0,1.0,0.824,0.47,1
CUST_01143,40,Female,Morogoro,Muslim,Others,Primary,"200,000-500,000",Tigo Pesa,3,0.28,0.78,0.74,0.5,Oppo,China,Mid-Range,New,388564,7.0,Physical Store,Mobile Money,0,2,0.242,0.518,0.9,0.722,1.0,1.0,0.686,0.74,1
CUST_00152,19,Male,Tanga,Muslim,Sukuma,Primary,"<200,000",M-Pesa,2,0.26,0.72,0.6,0.5,Huawei,China,Premium,New,2356233,8.4,Physical Store,Cash,1,2,0.0,0.504,0.9,0.849,1.0,1.0,0.526,0.43,1
CUST_02706,26,Female,Mbeya,Christian,Gogo,Secondary,"500,001-1,000,000",Airtel Money,4,0.43,0.48,0.8,0.3,Tecno,China,Mid-Range,Used,401424,6.1,Physical Store,Mobile Money,0,2,0.518,0.488,1.0,0.581,0.6,1.0,0.665,0.69,1
CUST_02134,26,Male,Dar es Salaam,Christian,Others,Secondary,"1,000,001-2,000,000",None,1,0.46,0.44,0.57,0.3,Oppo,China,Mid-Range,New,286631,6.6,Online,Mobile Money,0,2,0.685,0.376,1.0,0.956,1.0,1.0,0.751,0.74,1
CUST_04384,26,Female,Mwanza,Muslim,Nyamwezi,Primary,"200,000-500,000",Tigo Pesa,2,0.45,0.97,0.85,0.3,Apple,USA,Premium,New,2497972,8.6,Mobile,Cash,0,1,0.0,0.731,0.9,1.127,1.0,1.0,0.569,0.42,1
CUST_01839,31,Female,Arusha,Muslim,Others,Diploma,"<200,000",Airtel Money,4,0.18,0.89,0.55,0.3,Tecno,China,Mid-Range,Used,281543,6.2,Online,Cash,1,1,0.374,0.341,0.9,0.757,0.6,1.0,0.675,0.72,0
CUST_02986,28,Male,Dar es Salaam,Christian,Sukuma,Bachelor,"<200,000",Tigo Pesa,5,0.21,0.8,0.49,0.3,Apple,USA,Premium,New,938899,9.3,Physical Store,Cash,0,2,0.374,0.456,1.0,0.833,1.0,1.0,0.401,0.77,1
CUST_04350,34,Female,Mwanza,Christian,Sukuma,Primary,"<200,000",M-Pesa,5,0.81,0.89,0.37,0.7,Tecno,China,Mid-Range,New,268627,7.4,Physical Store,Mobile Money,0,2,0.402,0.274,1.0,0.579,1.0,1.0,0.67,0.79,1
CUST_01717,34,Female,Mbeya,Other,Chagga,No formal,"<200,000",M-Pesa,3,0.47,0.76,0.3,0.5,Huawei,China,Premium,New,893789,9.2,Physical Store,Mobile Money,1,2,0.434,0.276,1.0,0.543,1.0,1.0,0.601,0.77,1
CUST_00683,31,Male,Dar es Salaam,Christian,Chagga,Secondary,"500,001-1,000,000",Halopesa,2,0.41,0.74,0.53,0.5,Xiaomi,China,Mid-Range,New,576343,7.3,Mobile,Cash,0,2,0.0,0.387,1.0,0.922,1.0,1.0,0.608,0.72,1
CUST_00064,19,Male,Dodoma,Christian,Gogo,Primary,"200,000-500,000",M-Pesa,2,0.64,0.77,0.87,0.5,Infinix,China,Mid-Range,New,592486,7.5,Physical Store,Cash,0,1,0.0,0.652,1.0,0.733,1.0,1.0,0.5,0.73,1
CUST_02947,19,Male,Zanzibar,Christian,Others,Secondary,"500,001-1,000,000",Halopesa,1,0.37,0.4,0.32,0.3,Huawei,China,Premium,New,1121673,8.5,Online,Card,0,2,0.626,0.272,1.0,0.707,1.0,1.0,0.569,0.69,1
CUST_04334,25,Female,Arusha,Christian,Others,Primary,"200,000-500,000",Tigo Pesa,2,0.28,0.75,0.68,0.7,Infinix,China,Mid-Range,New,342071,6.4,Physical Store,Cash,1,2,0.359,0.435,1.0,0.627,1.0,1.0,0.578,0.72,1
CUST_03669,18,Female,Zanzibar,Christian,Chagga,Secondary,"500,001-1,000,000",M-Pesa,4,0.37,0.68,0.61,0.7,Apple,USA,Premium,New,2056175,8.8,Physical Store,Cash,0,2,0.0,0.537,1.0,1.094,1.0,1.0,0.651,0.52,1
CUST_01910,30,Female,Dar es Salaam,Christian,Others,Primary,"500,001-1,000,000",M-Pesa,3,0.62,0.48,0.37,0.3,Tecno,China,Mid-Range,New,528632,6.4,Online,Cash,0,12,0.366,0.237,1.0,0.723,1.0,1.0,0.498,0.68,1
CUST_01286,24,Female,Mwanza,Christian,Others,Primary,"<200,000",Airtel Money,3,0.57,0.71,0.8,1.0,Itel,China,Budget,Used,53742,5.9,Physical Store,Cash,0,12,0.746,0.472,1.0,0.863,0.6,0.8,0.622,0.74,0
CUST_03291,27,Female,Mwanza,Christian,Nyamwezi,Diploma,"200,000-500,000",M-Pesa,3,0.62,0.79,0.82,0.3,Tecno,China,Mid-Range,New,413378,6.1,Physical Store,Mobile Money,0,2,0.184,0.5,1.0,0.77,1.0,1.0,0.658,0.68,1
CUST_02900,40,Female,Mbeya,Christian,Sukuma,No formal,"200,000-500,000",None,2,0.11,0.99,0.83,0.5,Oppo,China,Mid-Range,New,545605,7.7,Physical Store,Mobile Money,0,2,0.0,0.639,1.0,0.508,1.0,1.0,0.416,0.75,1
CUST_03315,19,Female,Arusha,Muslim,Others,Primary,">2,000,000",Airtel Money,4,0.2,0.12,0.51,0.3,Samsung,South Korea,Premium,New,711383,9.3,Physical Store,Cash,0,2,0.929,0.474,0.9,1.097,1.0,1.0,0.598,0.82,1
CUST_01658,18,Female,Arusha,Christian,Others,Diploma,"200,000-500,000",Airtel Money,3,0.08,0.76,0.79,0.3,Infinix,China,Mid-Range,New,327962,7.8,Physical Store,Mobile Money,0,1,0.377,0.616,1.0,0.797,1.0,1.0,0.569,0.8,1
CUST_02580,27,Female,Morogoro,Christian,Others,Primary,"200,000-500,000",M-Pesa,1,0.14,0.94,0.78,0.5,Tecno,China,Mid-Range,Used,239493,5.4,Physical Store,Cash,0,2,0.437,0.421,1.0,0.725,0.6,1.0,0.703,0.68,1
CUST_04111,32,Male,Tanga,Other,Haya,Primary,"500,001-1,000,000",Airtel Money,1,0.38,0.57,0.83,0.3,Huawei,China,Premium,New,920075,8.2,Physical Store,Cash,0,2,0.563,0.681,1.0,0.788,1.0,1.0,0.807,0.71,0
CUST_00153,34,Male,Dodoma,Christian,Sukuma,Primary,"<200,000",M-Pesa,4,0.19,0.84,0.44,0.5,Apple,USA,Premium,New,914367,9.0,Physical Store,Cash,0,2,0.36,0.396,1.0,1.178,1.0,1.0,0.618,0.76,1
CUST_01526,35,Male,Mbeya,Christian,Sukuma,Diploma,"<200,000",Halopesa,4,0.23,0.81,0.57,0.7,Tecno,China,Mid-Range,New,571317,6.2,Mobile,Mobile Money,0,2,0.0,0.353,1.0,0.665,1.0,1.0,0.459,0.66,1
CUST_02862,21,Female,Mwanza,Christian,Nyamwezi,Primary,"200,000-500,000",M-Pesa,3,0.45,0.82,0.68,0.5,Vivo,China,Mid-Range,New,515458,7.7,Physical Store,Cash,0,2,0.0,0.524,1.0,0.596,1.0,1.0,0.493,0.76,0
CUST_01937,35,Female,Mwanza,Muslim,Sukuma,Secondary,"500,001-1,000,000",M-Pesa,2,0.34,0.57,0.86,1.0,Huawei,China,Premium,New,849979,9.2,Physical Store,Cash,0,2,0.596,0.791,0.9,0.851,1.0,0.8,0.645,0.78,1
CUST_02827,27,Male,Arusha,Muslim,Others,Bachelor,"500,001-1,000,000",M-Pesa,3,0.48,0.72,0.7,0.3,Tecno,China,Mid-Range,New,514921,7.8,Physical Store,Cash,1,12,0.073,0.546,0.9,0.759,1.0,1.0,0.529,0.77,1
CUST_00916,28,Female,Dodoma,Christian,Others,Secondary,"200,000-500,000",Tigo Pesa,3,0.07,1.0,0.6,0.0,Nokia,Finland,Mid-Range,New,562630,7.1,Mobile,Cash,1,11,0.0,0.426,1.0,0.85,1.0,1.0,0.303,0.71,1
CUST_04309,28,Male,Mbeya,Christian,Others,Primary,"500,001-1,000,000",M-Pesa,5,0.44,0.76,0.51,1.0,Samsung,South Korea,Premium,New,2131196,8.1,Physical Store,Cash,1,11,0.0,0.413,1.0,1.167,1.0,0.8,0.495,0.46,1
CUST_01896,27,Male,Dar es Salaam,Christian,Others,Secondary,"1,000,001-2,000,000",Airtel Money,3,0.36,0.43,0.61,0.3,Apple,USA,Premium,New,952496,9.2,Physical Store,Mobile Money,0,2,0.659,0.561,1.0,1.028,1.0,1.0,0.771,0.76,1
CUST_00186,44,Male,Dar es Salaam,Christian,Others,Bachelor,"500,001-1,000,000",Airtel Money,4,0.6,0.7,0.74,0.5,Nokia,Finland,Mid-Range,New,566305,6.5,Physical Store,Mobile Money,0,2,0.009,0.481,1.0,0.534,1.0,1.0,0.485,0.68,1
CUST_01391,32,Female,Dodoma,Christian,Others,Bachelor,"200,000-500,000",M-Pesa,3,0.56,0.95,0.85,0.3,Infinix,China,Mid-Range,New,598802,6.1,Physical Store,Cash,1,2,0.0,0.518,1.0,0.795,1.0,1.0,0.585,0.65,1
CUST_00344,24,Male,Dar es Salaam,Christian,Others,Diploma,">2,000,000",M-Pesa,2,0.29,0.42,0.38,1.0,Apple,USA,Premium,New,717693,8.8,Physical Store,Mobile Money,0,2,0.749,0.334,1.0,0.697,1.0,0.8,0.719,0.78,1
CUST_03993,40,Male,Mbeya,Christian,Others,No formal,"<200,000",Airtel Money,4,0.09,0.84,0.3,0.5,Huawei,China,Premium,New,1965611,8.9,Physical Store,Mobile Money,1,2,0.0,0.267,1.0,0.945,1.0,1.0,0.515,0.54,1
CUST_02671,28,Male,Morogoro,Christian,Others,Secondary,"<200,000",Tigo Pesa,2,0.22,0.94,0.43,0.3,Xiaomi,China,Mid-Range,New,438997,7.5,Physical Store,Cash,1,2,0.0,0.322,1.0,0.849,1.0,1.0,0.434,0.76,1
CUST_04773,32,Female,Zanzibar,Muslim,Chagga,Primary,"200,000-500,000",Halopesa,5,0.2,0.74,0.75,0.5,Apple,USA,Premium,New,1213022,8.4,Physical Store,Card,1,1,0.252,0.63,0.9,0.899,1.0,1.0,0.567,0.66,0
CUST_00331,31,Male,Arusha,Muslim,Haya,Secondary,"500,001-1,000,000",Airtel Money,5,0.15,0.66,0.89,0.7,Apple,USA,Premium,New,1043780,8.7,Physical Store,Mobile Money,1,1,0.426,0.774,0.9,0.939,1.0,1.0,0.615,0.71,1
CUST_04341,40,Male,Dar es Salaam,Muslim,Haya,Secondary,"<200,000",Tigo Pesa,3,0.14,0.93,0.88,0.3,Xiaomi,China,Mid-Range,New,504878,6.0,Physical Store,Cash,0,1,0.0,0.528,0.9,0.929,1.0,1.0,0.641,0.66,1
CUST_04759,33,Female,Dodoma,Christian,Others,Secondary,"500,001-1,000,000",M-Pesa,1,0.31,0.78,0.61,0.0,Nokia,Finland,Mid-Range,New,491655,7.7,Physical Store,Cash,0,2,0.041,0.47,1.0,0.691,1.0,1.0,0.665,0.76,1
CUST_03475,32,Female,Mbeya,Muslim,Others,Primary,"500,001-1,000,000",M-Pesa,2,0.35,0.73,0.88,0.3,Nokia,Finland,Mid-Range,New,585223,6.1,Physical Store,Cash,1,12,0.0,0.537,0.9,0.717,1.0,1.0,0.71,0.65,1
CUST_04853,16,Male,Morogoro,Christian,Others,Primary,"500,001-1,000,000",M-Pesa,3,0.6,0.66,0.68,0.5,Apple,USA,Premium,New,1542026,8.7,Physical Store,Mobile Money,0,11,0.152,0.592,1.0,0.91,1.0,1.0,0.559,0.61,1
CUST_02576,36,Male,Mwanza,Christian,Others,Bachelor,"<200,000",M-Pesa,3,0.11,0.94,0.36,0.3,Huawei,China,Premium,New,630318,9.0,Online,Cash,0,2,0.506,0.324,1.0,0.815,1.0,1.0,0.684,0.81,1
CUST_03494,29,Male,Zanzibar,Muslim,Haya,Diploma,"200,000-500,000",Airtel Money,3,0.13,0.85,0.41,0.5,Tecno,China,Mid-Range,Used,283510,5.5,Physical Store,Cash,0,1,0.398,0.226,0.9,0.671,0.6,1.0,0.653,0.67,0
CUST_01641,19,Female,Arusha,Christian,Sukuma,Secondary,"<200,000",Airtel Money,3,0.44,0.91,0.63,0.0,Xiaomi,China,Mid-Range,Used,183649,5.0,Physical Store,Cash,1,2,0.582,0.315,1.0,0.63,0.6,1.0,0.734,0.66,1
CUST_02933,27,Female,Mbeya,Muslim,Chagga,Secondary,"<200,000",Airtel Money,4,0.29,0.94,0.72,0.5,Tecno,China,Mid-Range,Used,178919,7.0,Online,Cash,0,2,0.58,0.504,0.9,0.506,0.6,1.0,0.597,0.78,1
CUST_00418,24,Male,Arusha,Christian,Others,Primary,"500,001-1,000,000",Tigo Pesa,4,0.3,0.42,0.89,0.3,Xiaomi,China,Mid-Range,Used,288509,6.6,Physical Store,Mobile Money,0,2,0.697,0.587,1.0,0.921,0.6,1.0,0.515,0.74,1
CUST_00183,19,Female,Morogoro,Christian,Others,Secondary,"200,000-500,000",M-Pesa,3,0.21,0.9,0.54,0.0,Itel,China,Budget,New,81923,5.7,Physical Store,Cash,0,2,0.508,0.308,1.0,0.785,1.0,1.0,0.672,0.73,1
CUST_04439,32,Female,Tanga,Christian,Nyamwezi,Secondary,"500,001-1,000,000",M-Pesa,3,0.35,0.71,0.51,0.0,Infinix,China,Mid-Range,New,268122,6.2,Physical Store,Cash,0,2,0.524,0.316,1.0,0.791,1.0,1.0,0.552,0.72,1
CUST_03501,26,Male,Dar es Salaam,Muslim,Nyamwezi,Primary,"200,000-500,000",M-Pesa,4,0.47,0.96,0.35,0.5,Tecno,China,Mid-Range,New,325028,7.9,Online,Cash,0,2,0.22,0.276,0.9,0.934,1.0,1.0,0.49,0.81,1
CUST_03117,18,Female,Arusha,Christian,Others,Secondary,">2,000,000",M-Pesa,1,0.15,0.45,0.5,0.5,Oppo,China,Mid-Range,Used,133334,6.0,Mobile,Cash,0,2,0.85,0.3,1.0,0.632,0.6,1.0,0.715,0.73,0
CUST_00416,35,Female,Dodoma,Muslim,Others,Diploma,"200,000-500,000",Tigo Pesa,3,0.36,0.98,0.65,0.5,Samsung,South Korea,Premium,New,766590,8.9,Physical Store,Cash,1,2,0.374,0.578,0.9,1.023,1.0,1.0,0.435,0.78,1
CUST_01970,19,Female,Dar es Salaam,Christian,Others,Primary,"<200,000",M-Pesa,4,0.45,0.8,0.38,0.5,Apple,USA,Premium,Used,1170268,7.2,Physical Store,Mobile Money,0,2,0.22,0.274,1.0,0.755,0.6,1.0,0.651,0.6,1
CUST_00757,23,Female,Dar es Salaam,Christian,Others,Primary,"200,000-500,000",M-Pesa,4,0.29,0.89,0.86,0.3,Infinix,China,Mid-Range,Used,407077,6.3,Physical Store,Cash,1,2,0.094,0.542,1.0,0.999,0.6,1.0,0.334,0.7,1
CUST_02448,25,Female,Dar es Salaam,Muslim,Sukuma,Primary,"200,000-500,000",Halopesa,4,0.15,0.99,0.34,0.0,Tecno,China,Mid-Range,New,464936,6.2,Online,Card,1,9,0.0,0.211,0.9,0.897,1.0,1.0,0.494,0.68,1
CUST_03499,16,Male,Arusha,Christian,Haya,No formal,"<200,000",Halopesa,3,0.11,0.91,0.49,0.3,Itel,China,Budget,New,204634,6.9,Physical Store,Mobile Money,0,2,0.0,0.338,1.0,0.968,1.0,1.0,0.485,0.77,1
CUST_04785,20,Female,Dodoma,Muslim,Sukuma,Secondary,"200,000-500,000",Airtel Money,4,0.23,0.86,0.66,0.5,Nokia,Finland,Mid-Range,New,359930,7.1,Mobile,Cash,0,2,0.226,0.469,0.9,0.897,1.0,1.0,0.474,0.75,1
CUST_00313,39,Male,Dar es Salaam,Muslim,Makonde,Secondary,"200,000-500,000",Halopesa,2,0.2,0.85,0.47,0.3,Nokia,Finland,Mid-Range,New,460793,6.5,Physical Store,Card,0,2,0.021,0.306,0.9,0.868,1.0,1.0,0.414,0.7,1
CUST_01593,31,Female,Zanzibar,Christian,Others,Primary,"200,000-500,000",Halopesa,3,0.2,0.93,0.51,0.3,Apple,USA,Premium,Used,1006592,7.1,Online,Cash,1,2,0.22,0.362,1.0,0.635,0.6,1.0,0.356,0.62,1
CUST_00178,25,Female,Dar es Salaam,Christian,Others,Secondary,"200,000-500,000",M-Pesa,5,0.44,0.9,0.78,0.3,Nokia,Finland,Mid-Range,New,592876,6.6,Physical Store,Mobile Money,0,2,0.0,0.515,1.0,0.681,1.0,1.0,0.455,0.68,1
CUST_03786,34,Female,Morogoro,Muslim,Sukuma,Primary,"200,000-500,000",Airtel Money,5,0.09,0.85,0.62,0.5,Infinix,China,Mid-Range,New,335609,6.3,Physical Store,Cash,0,2,0.287,0.391,0.9,0.647,1.0,1.0,0.526,0.71,0
CUST_00100,30,Female,Mbeya,Christian,Others,Primary,"1,000,001-2,000,000",M-Pesa,4,0.22,0.13,0.54,0.0,Tecno,China,Mid-Range,New,339597,6.3,Physical Store,Cash,0,2,0.89,0.34,1.0,0.94,1.0,1.0,0.666,0.71,1
CUST_00820,22,Female,Morogoro,Muslim,Makonde,Primary,"<200,000",Tigo Pesa,2,0.19,0.74,0.65,1.0,Tecno,China,Mid-Range,New,357119,7.8,Physical Store,Mobile Money,0,12,0.339,0.507,0.9,0.631,1.0,0.8,0.597,0.8,1
CUST_03123,34,Female,Dodoma,Muslim,Others,Diploma,"200,000-500,000",Airtel Money,4,0.19,0.8,0.53,0.3,Vivo,China,Mid-Range,New,365537,6.5,Online,Mobile Money,0,2,0.269,0.344,0.9,0.923,1.0,1.0,0.597,0.72,1
CUST_04943,15,Male,Mwanza,Christian,Others,Diploma,"<200,000",M-Pesa,3,0.32,0.82,0.57,0.3,Tecno,China,Mid-Range,New,459590,6.1,Physical Store,Cash,0,1,0.058,0.348,1.0,0.588,1.0,1.0,0.47,0.67,1
CUST_04884,33,Male,Dodoma,Muslim,Chagga,Bachelor,"500,001-1,000,000",M-Pesa,3,0.39,0.57,0.77,0.3,Nokia,Finland,Mid-Range,New,521624,7.9,Physical Store,Mobile Money,1,2,0.257,0.608,0.9,0.904,1.0,1.0,0.56,0.77,1
CUST_03029,46,Male,Dar es Salaam,Muslim,Others,Secondary,"200,000-500,000",Airtel Money,3,0.22,0.7,0.47,0.3,Infinix,China,Mid-Range,Used,440044,5.8,Mobile,Mobile Money,0,1,0.23,0.273,0.9,0.728,0.6,1.0,0.405,0.66,1
CUST_00844,23,Female,Dodoma,Christian,Sukuma,No formal,"1,000,001-2,000,000",Tigo Pesa,4,0.52,0.16,0.35,0.3,Apple,USA,Premium,New,1807270,8.5,Physical Store,Card,0,1,0.759,0.298,1.0,1.099,1.0,1.0,0.723,0.55,1
CUST_01049,22,Female,Arusha,Christian,Others,No formal,"500,001-1,000,000",Tigo Pesa,5,0.26,0.57,0.88,0.5,Infinix,China,Mid-Range,New,567210,7.7,Physical Store,Card,0,2,0.192,0.678,1.0,0.928,1.0,1.0,0.572,0.75,1
CUST_01974,31,Female,Zanzibar,Christian,Sukuma,Bachelor,"200,000-500,000",Halopesa,3,0.33,0.79,0.83,0.5,Tecno,China,Mid-Range,New,447070,6.9,Online,Mobile Money,0,2,0.117,0.573,1.0,0.82,1.0,1.0,0.499,0.72,1
CUST_04051,28,Male,Dar es Salaam,Christian,Gogo,Secondary,"1,000,001-2,000,000",Halopesa,5,0.17,0.17,0.88,0.7,Infinix,China,Mid-Range,New,445347,7.1,Physical Store,Card,0,10,0.811,0.625,1.0,0.906,1.0,1.0,0.71,0.74,1
CUST_01175,15,Female,Mwanza,Christian,Others,Secondary,"500,001-1,000,000",Halopesa,4,0.28,0.61,0.46,0.5,Tecno,China,Mid-Range,New,355106,6.8,Physical Store,Cash,0,12,0.458,0.313,1.0,0.903,1.0,1.0,0.513,0.74,1
CUST_03634,42,Female,Dodoma,Christian,Haya,Primary,"1,000,001-2,000,000",M-Pesa,3,0.59,0.31,0.64,0.3,Samsung,South Korea,Premium,New,1340381,9.9,Physical Store,Mobile Money,1,1,0.654,0.634,1.0,0.64,1.0,1.0,0.672,0.73,1
CUST_01720,36,Male,Dodoma,Christian,Nyamwezi,Diploma,"500,001-1,000,000",M-Pesa,3,0.42,0.62,0.66,0.5,Huawei,China,Premium,New,1175765,8.1,Online,Cash,0,2,0.393,0.535,1.0,0.968,1.0,1.0,0.613,0.65,0
CUST_02128,15,Female,Dodoma,Christian,Sukuma,Secondary,">2,000,000",M-Pesa,3,0.07,0.19,0.6,0.0,Apple,USA,Premium,New,647116,8.2,Physical Store,Mobile Money,1,2,0.898,0.492,1.0,0.881,1.0,1.0,0.79,0.76,1
CUST_02566,29,Female,Arusha,Christian,Others,Secondary,"200,000-500,000",Tigo Pesa,4,0.28,0.92,0.36,0.0,Itel,China,Budget,New,214481,6.2,Physical Store,Mobile Money,1,1,0.0,0.223,1.0,0.555,1.0,1.0,0.471,0.73,1
CUST_01264,49,Female,Mbeya,Christian,Others,Secondary,"200,000-500,000",Tigo Pesa,4,0.08,0.76,0.45,0.0,Tecno,China,Mid-Range,New,397078,6.3,Physical Store,Mobile Money,0,2,0.246,0.284,1.0,0.795,1.0,1.0,0.239,0.7,1
CUST_02123,15,Female,Dar es Salaam,Muslim,Others,Primary,"<200,000",Tigo Pesa,5,0.38,0.81,0.81,0.3,Nokia,Finland,Mid-Range,New,559572,7.8,Physical Store,Card,0,2,0.0,0.632,0.9,0.897,1.0,1.0,0.634,0.76,1
CUST_03836,20,Female,Dar es Salaam,Other,Nyamwezi,No formal,"500,001-1,000,000",M-Pesa,2,0.28,0.54,0.33,0.5,Apple,USA,Premium,Used,1143343,8.8,Physical Store,Cash,0,2,0.485,0.29,1.0,1.089,0.6,1.0,0.654,0.7,1
CUST_03598,30,Female,Dar es Salaam,Christian,Others,Secondary,"<200,000",M-Pesa,4,0.59,0.9,0.69,0.0,Infinix,China,Mid-Range,New,550874,7.9,Physical Store,Card,0,2,0.0,0.545,1.0,0.841,1.0,1.0,0.507,0.76,1
CUST_01518,35,Female,Dar es Salaam,Christian,Makonde,Secondary,"200,000-500,000",M-Pesa,2,0.22,0.76,0.61,0.3,Tecno,China,Mid-Range,New,396608,6.0,Online,Cash,1,2,0.246,0.366,1.0,0.693,1.0,1.0,0.543,0.68,0
CUST_04923,31,Male,Mbeya,Christian,Gogo,Secondary,"200,000-500,000",Tigo Pesa,5,0.23,0.84,0.8,0.5,Apple,USA,Premium,New,1338348,9.8,Mobile,Mobile Money,0,2,0.063,0.784,1.0,0.835,1.0,1.0,0.785,0.72,1
CUST_03606,36,Male,Zanzibar,Christian,Others,Primary,"1,000,001-2,000,000",Tigo Pesa,4,0.26,0.47,0.38,0.7,Tecno,China,Mid-Range,New,331489,6.1,Physical Store,Card,0,9,0.611,0.232,1.0,0.983,1.0,1.0,0.724,0.7,1
CUST_03544,34,Female,Mwanza,Muslim,Others,Diploma,"<200,000",M-Pesa,3,0.17,0.71,0.76,0.5,Samsung,South Korea,Premium,New,886831,9.9,Physical Store,Cash,0,2,0.475,0.752,0.9,1.193,1.0,1.0,0.648,0.82,1
CUST_03799,25,Female,Dodoma,Christian,Others,Secondary,"200,000-500,000",Tigo Pesa,3,0.28,0.86,0.68,0.7,Samsung,South Korea,Premium,New,1276278,8.5,Physical Store,Mobile Money,0,2,0.085,0.578,1.0,0.773,1.0,1.0,0.595,0.65,0
CUST_04584,15,Male,Tanga,Christian,Others,Secondary,"200,000-500,000",M-Pesa,2,0.22,0.89,0.49,0.5,Infinix,China,Mid-Range,New,414531,6.4,Physical Store,Cash,1,2,0.078,0.314,1.0,0.903,1.0,1.0,0.763,0.7,1
CUST_00775,22,Female,Morogoro,Christian,Others,Primary,"<200,000",Airtel Money,2,0.37,0.81,0.66,0.5,Infinix,China,Mid-Range,New,358884,6.1,Physical Store,Mobile Money,0,2,0.273,0.403,1.0,0.669,1.0,1.0,0.452,0.69,1
CUST_04343,34,Male,Mbeya,Muslim,Others,Diploma,"200,000-500,000",M-Pesa,4,0.26,0.8,0.39,0.3,Samsung,South Korea,Premium,New,687119,9.4,Mobile,Card,0,1,0.542,0.367,0.9,0.786,1.0,1.0,0.653,0.83,1
CUST_03198,35,Male,Dodoma,Muslim,Chagga,Diploma,"200,000-500,000",None,2,0.08,0.98,0.35,0.3,Samsung,South Korea,Premium,New,1167377,8.2,Physical Store,Mobile Money,0,1,0.047,0.287,0.9,0.735,1.0,1.0,0.725,0.66,1
CUST_02099,24,Female,Dodoma,Christian,Nyamwezi,No formal,"500,001-1,000,000",M-Pesa,2,0.5,0.66,0.47,0.0,Nokia,Finland,Mid-Range,New,407506,7.8,Physical Store,Card,1,1,0.328,0.367,1.0,0.587,1.0,1.0,0.619,0.79,1
CUST_04842,37,Male,Mbeya,Christian,Sukuma,Bachelor,"500,001-1,000,000",Airtel Money,1,0.41,0.64,0.38,0.7,Huawei,China,Premium,New,2285083,9.2,Physical Store,Cash,1,2,0.0,0.35,1.0,0.511,1.0,1.0,0.377,0.49,1
CUST_00899,21,Male,Zanzibar,Christian,Others,Primary,"200,000-500,000",Tigo Pesa,3,0.05,0.76,0.65,0.5,Infinix,China,Mid-Range,New,439362,6.4,Physical Store,Cash,0,2,0.165,0.416,1.0,0.757,1.0,1.0,0.481,0.7,1
CUST_04107,27,Female,Dodoma,Muslim,Others,No formal,"200,000-500,000",Tigo Pesa,5,0.72,0.86,0.72,0.3,Tecno,China,Mid-Range,New,256494,6.9,Physical Store,Cash,0,12,0.449,0.497,0.9,0.554,1.0,1.0,0.728,0.76,1
CUST_01446,32,Female,Dodoma,Christian,Nyamwezi,Master+,">2,000,000",Tigo Pesa,2,0.26,0.42,0.47,0.5,Samsung,South Korea,Premium,New,1329817,8.3,Physical Store,Cash,0,2,0.535,0.39,1.0,0.719,1.0,1.0,0.795,0.63,1
CUST_04494,28,Female,Mwanza,Christian,Others,Secondary,"<200,000",Airtel Money,1,0.5,0.72,0.33,0.3,Oppo,China,Mid-Range,New,489868,7.6,Physical Store,Mobile Money,0,1,0.118,0.251,1.0,0.928,1.0,1.0,0.567,0.76,1
CUST_02984,30,Male,Dar es Salaam,Other,Nyamwezi,Bachelor,"200,000-500,000",Airtel Money,3,0.23,0.85,0.54,0.5,Apple,USA,Premium,New,2266175,8.9,Physical Store,Cash,0,2,0.0,0.481,1.0,1.107,1.0,1.0,0.552,0.48,1
CUST_03498,43,Female,Mwanza,Christian,Chagga,No formal,">2,000,000",Tigo Pesa,3,0.12,0.26,0.74,0.7,Apple,USA,Premium,New,1011720,9.8,Online,Card,0,2,0.781,0.725,1.0,0.831,1.0,1.0,0.875,0.79,1
CUST_03402,25,Male,Dar es Salaam,Christian,Sukuma,Master+,">2,000,000",Tigo Pesa,3,0.15,0.27,0.62,0.5,Tecno,China,Mid-Range,New,434529,6.6,Physical Store,Cash,1,1,0.707,0.409,1.0,0.528,1.0,1.0,0.865,0.71,1
CUST_04576,28,Female,Dar es Salaam,Muslim,Gogo,Secondary,"<200,000",M-Pesa,2,0.37,0.96,0.63,0.3,Apple,USA,Premium,New,2116045,9.8,Physical Store,Mobile Money,0,9,0.0,0.617,0.9,0.911,1.0,1.0,0.522,0.56,1
CUST_01633,22,Male,Dar es Salaam,Muslim,Others,Primary,"200,000-500,000",Tigo Pesa,3,0.19,0.84,0.72,0.3,Infinix,China,Mid-Range,New,342812,7.9,Physical Store,Mobile Money,0,2,0.28,0.569,0.9,0.761,1.0,1.0,0.543,0.81,1
CUST_01985,22,Male,Morogoro,Christian,Sukuma,Primary,"1,000,001-2,000,000",Airtel Money,1,0.42,0.44,0.49,0.3,Tecno,China,Mid-Range,New,409692,6.1,Physical Store,Mobile Money,0,2,0.549,0.299,1.0,0.817,1.0,1.0,0.677,0.68,1
CUST_02020,23,Female,Dar es Salaam,Christian,Others,Diploma,"<200,000",Airtel Money,5,0.03,0.75,0.54,0.0,Apple,USA,Premium,New,1921701,8.2,Mobile,Mobile Money,0,1,0.0,0.443,1.0,0.715,1.0,1.0,0.489,0.51,1
CUST_03920,33,Male,Dar es Salaam,Christian,Haya,Secondary,"500,001-1,000,000",M-Pesa,3,0.14,0.74,0.54,0.3,Apple,USA,Premium,New,2041307,9.6,Physical Store,Mobile Money,1,2,0.0,0.518,1.0,1.006,1.0,1.0,0.571,0.57,1
CUST_01482,48,Male,Arusha,Christian,Others,No formal,"200,000-500,000",Halopesa,3,0.24,0.79,0.55,0.3,Infinix,China,Mid-Range,New,288746,7.8,Online,Card,1,1,0.43,0.429,1.0,0.512,1.0,1.0,0.557,0.81,1
CUST_02596,45,Male,Arusha,Christian,Haya,No formal,"200,000-500,000",Tigo Pesa,3,0.29,0.74,0.61,0.0,Apple,USA,Premium,New,1236879,9.3,Physical Store,Cash,0,1,0.237,0.567,1.0,1.189,1.0,1.0,0.587,0.71,1
CUST_01979,45,Female,Dar es Salaam,Christian,Others,Primary,"500,001-1,000,000",M-Pesa,2,0.21,0.72,0.36,0.5,Samsung,South Korea,Premium,New,1660444,9.6,Physical Store,Cash,0,10,0.004,0.346,1.0,1.168,1.0,1.0,0.396,0.64,1
CUST_02987,16,Female,Mwanza,Christian,Others,No formal,"500,001-1,000,000",Tigo Pesa,4,0.53,0.53,0.3,0.3,Vivo,China,Mid-Range,New,339765,6.4,Physical Store,Mobile Money,0,12,0.55,0.192,1.0,0.573,1.0,1.0,0.48,0.72,0
CUST_03922,25,Female,Dar es Salaam,Christian,Others,No formal,"500,001-1,000,000",Tigo Pesa,4,0.65,0.74,0.71,0.5,Nokia,Finland,Mid-Range,New,399367,7.3,Physical Store,Mobile Money,1,2,0.261,0.518,1.0,0.827,1.0,1.0,0.564,0.76,1
CUST_00886,23,Female,Dar es Salaam,Muslim,Others,Secondary,"<200,000",M-Pesa,3,0.65,0.87,0.39,0.5,Nokia,Finland,Mid-Range,New,264850,7.9,Physical Store,Mobile Money,0,2,0.424,0.308,0.9,0.92,1.0,1.0,0.677,0.82,1
CUST_03974,26,Male,Zanzibar,Muslim,Haya,Diploma,"200,000-500,000",M-Pesa,3,0.13,0.96,0.57,0.5,Oppo,China,Mid-Range,Used,198918,5.7,Physical Store,Cash,1,12,0.523,0.325,0.9,0.576,0.6,1.0,0.465,0.7,1
CUST_01260,30,Female,Dar es Salaam,Muslim,Others,No formal,"200,000-500,000",Tigo Pesa,2,0.24,0.95,0.48,0.7,Infinix,China,Mid-Range,Used,477442,6.4,Physical Store,Cash,0,2,0.0,0.307,0.9,0.67,0.6,1.0,0.455,0.69,1
CUST_01135,29,Male,Morogoro,Christian,Others,Primary,">2,000,000",M-Pesa,2,0.24,0.28,0.63,0.0,Samsung,South Korea,Premium,New,2238445,9.3,Physical Store,Cash,1,1,0.478,0.586,1.0,1.173,1.0,1.0,0.697,0.51,1
CUST_01538,44,Female,Dodoma,Muslim,Others,Primary,"200,000-500,000",M-Pesa,2,0.15,0.95,0.83,0.3,Nokia,Finland,Mid-Range,New,380146,7.9,Mobile,Cash,0,2,0.097,0.656,0.9,0.932,1.0,1.0,0.583,0.8,1
CUST_02962,48,Male,Mbeya,Muslim,Others,No formal,"500,001-1,000,000",Tigo Pesa,3,0.09,0.49,0.75,0.5,Infinix,China,Mid-Range,New,266174,6.1,Online,Mobile Money,0,2,0.674,0.458,0.9,0.63,1.0,1.0,0.748,0.71,1
CUST_03762,15,Male,Mwanza,Christian,Others,Secondary,"200,000-500,000",None,2,0.03,0.91,0.42,0.3,Tecno,China,Mid-Range,New,368546,7.8,Physical Store,Mobile Money,0,1,0.162,0.328,1.0,0.551,1.0,1.0,0.455,0.79,1
CUST_03954,15,Male,Dar es Salaam,Christian,Others,No formal,">2,000,000",None,3,0.29,0.15,0.38,0.5,Apple,USA,Premium,New,1838439,9.2,Physical Store,Cash,0,2,0.77,0.35,1.0,0.607,1.0,1.0,0.62,0.58,1
CUST_01272,27,Male,Mwanza,Christian,Chagga,Primary,"200,000-500,000",M-Pesa,1,0.32,0.72,0.74,0.0,Oppo,China,Mid-Range,Used,400269,5.4,Physical Store,Mobile Money,0,12,0.28,0.4,1.0,0.67,0.6,1.0,0.434,0.64,1
CUST_00723,37,Female,Mbeya,Christian,Sukuma,Secondary,"200,000-500,000",Tigo Pesa,2,0.65,0.94,0.4,0.3,Tecno,China,Mid-Range,Used,302193,5.3,Online,Mobile Money,0,1,0.29,0.212,1.0,0.683,0.6,1.0,0.573,0.66,1
CUST_04003,24,Female,Tanga,Muslim,Nyamwezi,Diploma,"<200,000",Airtel Money,3,0.48,0.83,0.66,0.0,Oppo,China,Mid-Range,Used,195463,6.7,Physical Store,Mobile Money,1,2,0.594,0.442,0.9,0.564,0.6,1.0,0.792,0.76,1
CUST_04410,26,Female,Dar es Salaam,Muslim,Others,Secondary,"200,000-500,000",M-Pesa,4,0.05,0.77,0.72,0.5,Nokia,Finland,Mid-Range,New,273984,6.6,Physical Store,Cash,0,2,0.473,0.475,0.9,0.567,1.0,1.0,0.831,0.74,1
CUST_02404,40,Male,Morogoro,Muslim,Haya,Primary,"200,000-500,000",M-Pesa,2,0.67,0.71,0.46,0.0,Infinix,China,Mid-Range,New,316863,6.0,Mobile,Cash,0,2,0.438,0.276,0.9,0.591,1.0,1.0,0.598,0.7,1
CUST_04191,38,Female,Dar es Salaam,Other,Haya,Bachelor,"<200,000",Halopesa,5,0.28,0.93,0.37,0.7,Infinix,China,Mid-Range,New,513390,6.5,Physical Store,Cash,0,2,0.0,0.24,1.0,0.781,1.0,1.0,0.657,0.69,1
CUST_02695,32,Male,Mbeya,Christian,Others,Primary,"<200,000",M-Pesa,3,0.11,0.89,0.85,0.7,Tecno,China,Mid-Range,New,263733,7.5,Physical Store,Cash,0,12,0.413,0.638,1.0,0.666,1.0,1.0,0.527,0.8,1
CUST_00195,31,Female,Dodoma,Christian,Others,Primary,"500,001-1,000,000",Tigo Pesa,2,0.32,0.56,0.78,0.7,Nokia,Finland,Mid-Range,New,289732,7.1,Online,Card,1,2,0.594,0.554,1.0,0.951,1.0,1.0,0.639,0.77,1
CUST_03000,29,Male,Morogoro,Christian,Others,Secondary,">2,000,000",Tigo Pesa,3,0.07,0.17,0.85,0.7,Huawei,China,Premium,New,2316720,9.0,Physical Store,Cash,1,2,0.672,0.765,1.0,0.684,1.0,1.0,0.822,0.48,1
CUST_01057,15,Male,Dar es Salaam,Christian,Haya,No formal,"200,000-500,000",Tigo Pesa,2,0.25,0.96,0.31,1.0,Infinix,China,Mid-Range,New,540616,6.4,Online,Card,0,1,0.0,0.198,1.0,0.707,1.0,0.8,0.459,0.68,1
CUST_00305,49,Female,Morogoro,Christian,Makonde,Secondary,"200,000-500,000",M-Pesa,3,0.2,0.7,0.88,0.3,Huawei,China,Premium,New,1875766,8.7,Physical Store,Mobile Money,0,2,0.0,0.766,1.0,0.725,1.0,1.0,0.441,0.55,1
CUST_04148,24,Male,Tanga,Christian,Chagga,Secondary,"200,000-500,000",M-Pesa,3,0.1,0.71,0.48,0.0,Infinix,China,Mid-Range,New,567299,6.2,Online,Mobile Money,0,2,0.0,0.298,1.0,0.776,1.0,1.0,0.5,0.66,0
CUST_00458,51,Female,Dodoma,Other,Sukuma,No formal,"500,001-1,000,000",Airtel Money,3,0.39,0.77,0.71,0.3,Vivo,China,Mid-Range,New,349689,6.2,Physical Store,Cash,0,2,0.327,0.44,1.0,0.69,1.0,1.0,0.51,0.7,1
CUST_03510,21,Male,Dar es Salaam,Muslim,Others,Primary,"200,000-500,000",M-Pesa,4,0.52,0.81,0.69,0.5,Infinix,China,Mid-Range,New,563326,7.3,Physical Store,Mobile Money,1,11,0.0,0.504,0.9,0.858,1.0,1.0,0.501,0.73,1
CUST_02421,29,Male,Arusha,Christian,Others,Diploma,"200,000-500,000",M-Pesa,4,0.36,0.73,0.77,0.3,Itel,China,Budget,New,128874,5.8,Physical Store,Cash,0,1,0.373,0.447,1.0,0.741,1.0,1.0,0.692,0.72,1
CUST_00505,15,Male,Zanzibar,Muslim,Others,Primary,"1,000,001-2,000,000",Halopesa,4,0.21,0.17,0.79,0.0,Huawei,China,Premium,New,621541,9.0,Physical Store,Cash,0,2,0.912,0.711,0.9,0.945,1.0,1.0,0.674,0.82,1
CUST_00037,36,Female,Zanzibar,Christian,Others,Primary,"<200,000",M-Pesa,3,0.22,0.71,0.45,0.5,Tecno,China,Mid-Range,Used,393656,5.8,Physical Store,Mobile Money,0,2,0.301,0.261,1.0,0.591,0.6,1.0,0.533,0.67,1
CUST_03501,26,Male,Dar es Salaam,Muslim,Nyamwezi,Primary,"200,000-500,000",M-Pesa,4,0.47,0.96,0.35,0.5,Infinix,China,Mid-Range,Used,362331,6.6,Mobile,Cash,1,2,0.13,0.231,0.9,0.832,0.6,1.0,0.734,0.72,1
CUST_01555,23,Female,Dodoma,Christian,Others,No formal,"500,001-1,000,000",M-Pesa,3,0.43,0.79,0.69,0.3,Tecno,China,Mid-Range,New,563952,6.0,Online,Mobile Money,0,12,0.0,0.414,1.0,0.995,1.0,1.0,0.572,0.65,1
CUST_00363,24,Female,Dar es Salaam,Muslim,Nyamwezi,Primary,"1,000,001-2,000,000",M-Pesa,2,0.33,0.21,0.72,0.5,Vivo,China,Mid-Range,Used,334312,6.0,Online,Cash,0,2,0.824,0.432,0.9,0.739,0.6,1.0,0.597,0.69,1
CUST_04351,39,Male,Dodoma,Muslim,Others,No formal,"200,000-500,000",Tigo Pesa,2,0.06,0.77,0.79,1.0,Infinix,China,Mid-Range,New,439864,6.8,Physical Store,Cash,0,1,0.153,0.537,0.9,0.677,1.0,0.8,0.465,0.72,1
CUST_04572,30,Female,Dar es Salaam,Christian,Others,Master+,"<200,000",Airtel Money,3,0.55,0.82,0.41,0.3,Samsung,South Korea,Premium,New,2328199,8.8,Physical Store,Mobile Money,0,1,0.0,0.361,1.0,0.89,1.0,1.0,0.567,0.46,1
CUST_04308,15,Male,Arusha,Christian,Others,Primary,"<200,000",M-Pesa,1,0.21,0.92,0.83,0.0,Tecno,China,Mid-Range,Used,336112,5.9,Physical Store,Mobile Money,1,2,0.227,0.49,1.0,0.561,0.6,1.0,0.607,0.69,1
CUST_02655,30,Male,Dar es Salaam,Christian,Others,Primary,"200,000-500,000",Tigo Pesa,3,0.05,0.89,0.36,0.5,Samsung,South Korea,Premium,New,1768025,8.4,Physical Store,Mobile Money,1,2,0.0,0.302,1.0,1.055,1.0,1.0,0.645,0.55,1
CUST_01396,31,Male,Zanzibar,Christian,Chagga,Bachelor,"1,000,001-2,000,000",M-Pesa,3,0.37,0.4,0.56,0.5,Itel,China,Budget,New,178513,6.8,Online,Mobile Money,1,1,0.524,0.381,1.0,0.921,1.0,1.0,0.7,0.77,0
CUST_04132,24,Male,Dar es Salaam,Christian,Others,Primary,">2,000,000",M-Pesa,1,0.14,0.18,0.9,0.3,Infinix,China,Mid-Range,New,517238,7.7,Online,Mobile Money,0,2,0.767,0.693,1.0,0.74,1.0,1.0,0.878,0.76,1
CUST_02155,15,Male,Mwanza,Christian,Chagga,No formal,"200,000-500,000",M-Pesa,2,0.58,0.76,0.46,0.5,Infinix,China,Mid-Range,New,432397,6.6,Physical Store,Mobile Money,0,1,0.178,0.304,1.0,0.708,1.0,1.0,0.503,0.71,1
CUST_04660,37,Female,Tanga,Christian,Chagga,Primary,"200,000-500,000",Tigo Pesa,4,0.19,0.92,0.87,0.3,Huawei,China,Premium,New,2418424,8.8,Physical Store,Cash,0,2,0.0,0.766,1.0,0.569,1.0,1.0,0.733,0.44,1
CUST_04379,20,Female,Dar es Salaam,Christian,Others,Bachelor,"200,000-500,000",M-Pesa,5,0.66,0.79,0.62,0.5,Tecno,China,Mid-Range,New,415647,7.7,Physical Store,Cash,0,12,0.179,0.477,1.0,0.548,1.0,1.0,0.725,0.78,1
CUST_03425,38,Female,Mbeya,Muslim,Sukuma,Primary,">2,000,000",M-Pesa,2,0.24,0.42,0.71,0.3,Xiaomi,China,Mid-Range,New,493339,6.4,Physical Store,Mobile Money,1,2,0.482,0.454,0.9,0.749,1.0,1.0,0.692,0.69,1
CUST_04850,29,Female,Dar es Salaam,Muslim,Others,Bachelor,">2,000,000",M-Pesa,4,0.41,0.38,0.65,0.3,Oppo,China,Mid-Range,New,435393,6.8,Mobile,Cash,0,2,0.586,0.442,0.9,0.666,1.0,1.0,0.627,0.72,1
CUST_00753,46,Female,Zanzibar,Christian,Others,Secondary,"500,001-1,000,000",Airtel Money,4,0.08,0.7,0.73,0.0,Tecno,China,Mid-Range,Used,477128,5.1,Physical Store,Card,0,1,0.165,0.372,1.0,0.533,0.6,1.0,0.551,0.61,1
CUST_01791,41,Female,Dodoma,Christian,Others,Diploma,"1,000,001-2,000,000",Tigo Pesa,5,0.37,0.44,0.4,0.5,Tecno,China,Mid-Range,New,413642,6.7,Physical Store,Mobile Money,0,2,0.545,0.268,1.0,0.974,1.0,1.0,0.734,0.72,0
CUST_03761,37,Male,Tanga,Christian,Makonde,Secondary,"500,001-1,000,000",Airtel Money,2,0.09,0.46,0.9,0.3,Xiaomi,China,Mid-Range,New,575293,7.3,Physical Store,Card,0,2,0.338,0.657,1.0,0.55,1.0,1.0,0.601,0.72,1
CUST_01278,15,Female,Mbeya,Christian,Sukuma,Secondary,"200,000-500,000",M-Pesa,4,0.35,0.97,0.81,1.0,Nokia,Finland,Mid-Range,New,491771,7.9,Online,Mobile Money,0,2,0.0,0.64,1.0,0.717,1.0,0.8,0.331,0.78,0
CUST_01758,21,Female,Mwanza,Christian,Others,No formal,"500,001-1,000,000",Airtel Money,4,0.45,0.77,0.52,0.5,Nokia,Finland,Mid-Range,New,256821,6.6,Physical Store,Cash,0,2,0.506,0.343,1.0,0.98,1.0,1.0,0.588,0.74,1
CUST_03623,41,Female,Arusha,Christian,Others,Diploma,"1,000,001-2,000,000",Tigo Pesa,5,0.27,0.39,0.56,0.5,Huawei,China,Premium,New,1210496,8.4,Physical Store,Mobile Money,1,2,0.607,0.47,1.0,0.865,1.0,1.0,0.683,0.66,1
CUST_01052,21,Male,Dar es Salaam,Muslim,Others,No formal,">2,000,000",M-Pesa,2,0.56,0.27,0.37,0.3,Tecno,China,Mid-Range,New,320601,6.6,Physical Store,Cash,0,1,0.784,0.244,0.9,0.523,1.0,1.0,0.637,0.73,1
CUST_03749,39,Male,Mwanza,Christian,Sukuma,Diploma,"1,000,001-2,000,000",M-Pesa,3,0.28,0.13,0.34,1.0,Samsung,South Korea,Premium,New,2222454,10.0,Physical Store,Cash,1,12,0.759,0.34,1.0,0.839,1.0,0.8,0.848,0.56,1
CUST_03230,33,Male,Mbeya,Other,Others,Primary,"200,000-500,000",M-Pesa,4,0.54,0.8,0.77,0.7,Tecno,China,Mid-Range,New,555938,7.0,Physical Store,Mobile Money,0,1,0.0,0.539,1.0,0.69,1.0,1.0,0.543,0.71,1
CUST_01279,32,Male,Morogoro,Muslim,Others,No formal,"500,001-1,000,000",Tigo Pesa,4,0.23,0.44,0.82,0.5,Samsung,South Korea,Premium,New,936502,8.1,Physical Store,Cash,0,2,0.657,0.664,0.9,0.702,1.0,1.0,0.846,0.7,1
CUST_04532,30,Male,Zanzibar,Christian,Sukuma,Primary,"<200,000",None,2,0.17,0.73,0.3,0.5,Vivo,China,Mid-Range,New,265476,7.6,Online,Mobile Money,1,12,0.516,0.228,1.0,0.608,1.0,1.0,0.5,0.8,1
CUST_03353,29,Female,Tanga,Christian,Others,Primary,"500,001-1,000,000",Tigo Pesa,5,0.36,0.47,0.47,0.5,Oppo,China,Mid-Range,New,582293,6.8,Physical Store,Card,1,12,0.316,0.32,1.0,0.611,1.0,1.0,0.474,0.69,1
CUST_00213,16,Female,Arusha,Christian,Others,Secondary,"200,000-500,000",Tigo Pesa,4,0.21,0.84,0.76,0.0,Vivo,China,Mid-Range,New,490314,6.1,Physical Store,Cash,1,2,0.0,0.464,1.0,0.749,1.0,1.0,0.39,0.67,1
CUST_04167,15,Male,Mbeya,Christian,Nyamwezi,Secondary,"500,001-1,000,000",Tigo Pesa,4,0.3,0.75,0.59,0.3,Nokia,Finland,Mid-Range,New,449819,6.9,Physical Store,Mobile Money,1,2,0.157,0.407,1.0,0.793,1.0,1.0,0.546,0.72,1
CUST_04693,25,Male,Mbeya,Christian,Others,No formal,"200,000-500,000",Halopesa,4,0.26,0.73,0.45,0.3,Samsung,South Korea,Premium,New,1858121,8.9,Physical Store,Cash,0,2,0.0,0.4,1.0,0.767,1.0,1.0,0.531,0.56,1
CUST_00506,15,Male,Mwanza,Muslim,Nyamwezi,Primary,"200,000-500,000",M-Pesa,5,0.23,0.76,0.69,0.5,Tecno,China,Mid-Range,New,481095,7.8,Physical Store,Mobile Money,0,12,0.086,0.538,0.9,0.544,1.0,1.0,0.413,0.77,1
CUST_02106,45,Male,Morogoro,Christian,Others,Primary,"500,001-1,000,000",M-Pesa,3,0.32,0.5,0.85,0.3,Vivo,China,Mid-Range,New,515949,7.3,Physical Store,Cash,0,1,0.355,0.62,1.0,0.512,1.0,1.0,0.528,0.73,1
CUST_00209,30,Male,Arusha,Muslim,Others,Diploma,"<200,000",M-Pesa,1,0.24,0.73,0.53,0.0,Nokia,Finland,Mid-Range,New,328475,7.9,Online,Card,1,2,0.401,0.419,0.9,0.555,1.0,1.0,0.509,0.81,1
CUST_01499,32,Female,Zanzibar,Christian,Makonde,Primary,"500,001-1,000,000",M-Pesa,4,0.17,0.45,0.72,0.7,Tecno,China,Mid-Range,New,330124,6.3,Mobile,Mobile Money,1,12,0.629,0.454,1.0,0.76,1.0,1.0,0.622,0.71,1
CUST_00044,15,Female,Dar es Salaam,Muslim,Others,Primary,"500,001-1,000,000",Tigo Pesa,3,0.23,0.49,0.84,0.3,Apple,USA,Premium,New,1918440,9.8,Online,Mobile Money,0,2,0.217,0.823,0.9,0.662,1.0,1.0,0.736,0.6,1
CUST_03303,25,Male,Zanzibar,Christian,Gogo,Secondary,"200,000-500,000",Halopesa,3,0.42,0.83,0.82,0.0,Tecno,China,Mid-Range,Used,283908,6.4,Physical Store,Cash,0,2,0.411,0.525,1.0,0.638,0.6,1.0,0.636,0.73,1
CUST_02654,44,Male,Mbeya,Christian,Others,Secondary,"200,000-500,000",Airtel Money,4,0.49,0.98,0.4,0.3,Oppo,China,Mid-Range,New,298236,7.4,Physical Store,Card,0,2,0.269,0.296,1.0,0.909,1.0,1.0,0.669,0.78,1
CUST_01754,22,Female,Arusha,Christian,Gogo,Master+,"200,000-500,000",M-Pesa,2,0.47,0.81,0.34,0.7,Apple,USA,Premium,New,1940409,8.9,Physical Store,Card,0,1,0.0,0.303,1.0,0.625,1.0,1.0,0.564,0.55,1
CUST_03347,36,Male,Dar es Salaam,Christian,Others,Bachelor,"200,000-500,000",Airtel Money,5,0.66,0.71,0.56,0.5,Samsung,South Korea,Premium,New,614613,8.0,Physical Store,Cash,1,1,0.636,0.448,1.0,1.182,1.0,1.0,0.688,0.76,1
CUST_00998,28,Male,Dar es Salaam,Christian,Nyamwezi,Secondary,"<200,000",M-Pesa,3,0.12,0.92,0.38,0.5,Tecno,China,Mid-Range,New,331001,6.8,Physical Store,Mobile Money,0,1,0.239,0.258,1.0,0.693,1.0,1.0,0.387,0.74,1
CUST_04705,32,Female,Dar es Salaam,Christian,Others,Secondary,"200,000-500,000",M-Pesa,4,0.22,0.83,0.82,0.5,Tecno,China,Mid-Range,New,500457,7.3,Physical Store,Mobile Money,0,2,0.0,0.599,1.0,0.889,1.0,1.0,0.54,0.74,1
CUST_02428,26,Female,Dar es Salaam,Christian,Others,Primary,"1,000,001-2,000,000",M-Pesa,2,0.42,0.49,0.77,0.0,Tecno,China,Mid-Range,New,266412,7.1,Physical Store,Cash,1,12,0.674,0.547,1.0,0.677,1.0,1.0,0.895,0.77,1
CUST_03781,54,Male,Mwanza,Christian,Others,Diploma,"200,000-500,000",M-Pesa,3,0.2,0.83,0.8,0.0,Itel,China,Budget,New,196871,6.7,Physical Store,Cash,0,2,0.0,0.536,1.0,0.556,1.0,1.0,0.434,0.76,1
CUST_04065,29,Female,Arusha,Muslim,Gogo,Primary,"<200,000",Airtel Money,1,0.28,0.86,0.67,0.0,Infinix,China,Mid-Range,Used,299138,5.3,Physical Store,Mobile Money,1,2,0.357,0.355,0.9,0.813,0.6,1.0,0.676,0.66,1
CUST_04940,24,Male,Zanzibar,Christian,Others,Secondary,"<200,000",M-Pesa,3,0.31,0.79,0.35,0.5,Huawei,China,Premium,New,1845621,9.5,Physical Store,Cash,0,2,0.0,0.332,1.0,0.657,1.0,1.0,0.414,0.6,1
CUST_02550,19,Male,Tanga,Muslim,Others,Primary,"500,001-1,000,000",Tigo Pesa,3,0.37,0.78,0.87,0.3,Xiaomi,China,Mid-Range,New,414411,6.4,Physical Store,Card,0,1,0.192,0.557,0.9,0.562,1.0,1.0,0.464,0.7,1
CUST_03792,26,Male,Mwanza,Christian,Others,Primary,"1,000,001-2,000,000",M-Pesa,4,0.18,0.23,0.77,0.5,Vivo,China,Mid-Range,New,364860,6.8,Physical Store,Cash,1,2,0.79,0.524,1.0,0.636,1.0,1.0,0.711,0.74,1
CUST_03746,36,Female,Mbeya,Christian,Sukuma,Primary,"200,000-500,000",M-Pesa,2,0.07,0.89,0.6,0.7,Huawei,China,Premium,New,1179290,8.9,Mobile,Cash,0,2,0.125,0.534,1.0,0.502,1.0,1.0,0.535,0.7,0
CUST_02309,39,Female,Zanzibar,Muslim,Others,Primary,"200,000-500,000",Airtel Money,3,0.51,0.8,0.4,0.3,Infinix,China,Mid-Range,New,370878,6.7,Physical Store,Mobile Money,1,2,0.258,0.268,0.9,0.58,1.0,1.0,0.52,0.73,1
CUST_00528,30,Female,Mbeya,Muslim,Others,No formal,"500,001-1,000,000",Tigo Pesa,3,0.25,0.67,0.3,0.7,Itel,China,Budget,New,158366,4.7,Mobile,Card,0,1,0.293,0.141,0.9,0.659,1.0,1.0,0.583,0.65,1
CUST_00705,22,Male,Zanzibar,Muslim,Others,Secondary,"<200,000",M-Pesa,2,0.11,0.74,0.6,0.3,Nokia,Finland,Mid-Range,New,342517,6.3,Online,Mobile Money,0,2,0.366,0.378,0.9,0.986,1.0,1.0,0.567,0.71,1
CUST_01434,19,Female,Morogoro,Muslim,Makonde,No formal,"200,000-500,000",Tigo Pesa,5,0.26,0.88,0.4,0.7,Huawei,China,Premium,New,2056992,8.5,Physical Store,Mobile Money,0,2,0.0,0.34,0.9,0.983,1.0,1.0,0.508,0.5,1
CUST_00157,35,Male,Mwanza,Muslim,Others,Primary,"500,001-1,000,000",Airtel Money,5,0.08,0.66,0.33,0.3,Huawei,China,Premium,New,1990522,9.8,Physical Store,Card,0,11,0.0,0.323,0.9,0.56,1.0,1.0,0.442,0.59,1
CUST_04490,30,Female,Mbeya,Christian,Others,Diploma,"200,000-500,000",M-Pesa,4,0.2,0.77,0.75,0.5,Tecno,China,Mid-Range,New,501452,6.1,Physical Store,Mobile Money,0,2,0.035,0.458,1.0,0.574,1.0,1.0,0.467,0.67,0
CUST_04476,19,Female,Dar es Salaam,Muslim,Haya,Secondary,"<200,000",Halopesa,4,0.3,0.73,0.72,0.3,Xiaomi,China,Mid-Range,New,320885,7.8,Physical Store,Cash,0,1,0.414,0.562,0.9,0.667,1.0,1.0,0.601,0.8,1
CUST_02065,27,Female,Arusha,Christian,Others,Secondary,"1,000,001-2,000,000",Halopesa,4,0.42,0.25,0.57,0.7,Apple,USA,Premium,Used,399415,7.7,Online,Cash,0,2,0.917,0.439,1.0,0.75,0.6,1.0,0.704,0.78,1
CUST_04136,31,Female,Arusha,Muslim,Others,Bachelor,"500,001-1,000,000",Tigo Pesa,4,0.79,0.69,0.36,0.7,Nokia,Finland,Mid-Range,New,592339,6.3,Physical Store,Cash,0,2,0.0,0.227,0.9,0.644,1.0,1.0,0.416,0.66,1
CUST_01794,20,Female,Tanga,Muslim,Others,Secondary,"<200,000",Airtel Money,3,0.12,0.84,0.87,0.0,Nokia,Finland,Mid-Range,New,366163,6.7,Physical Store,Mobile Money,0,2,0.231,0.583,0.9,0.734,1.0,1.0,0.513,0.73,1
CUST_00217,21,Female,Morogoro,Christian,Chagga,Secondary,"200,000-500,000",Airtel Money,2,0.28,0.82,0.8,0.0,Huawei,China,Premium,New,1392122,9.4,Physical Store,Mobile Money,1,2,0.049,0.752,1.0,0.946,1.0,1.0,0.582,0.69,0
CUST_03575,43,Female,Dodoma,Muslim,Others,Secondary,"200,000-500,000",None,3,0.22,0.71,0.56,0.7,Apple,USA,Premium,New,617101,9.8,Physical Store,Cash,0,1,0.635,0.549,0.9,0.709,1.0,1.0,0.627,0.86,1
CUST_04358,15,Male,Zanzibar,Christian,Gogo,No formal,"<200,000",M-Pesa,3,0.35,0.78,0.58,0.0,Huawei,China,Premium,New,1133795,9.1,Mobile,Mobile Money,0,2,0.263,0.528,1.0,0.779,1.0,1.0,0.561,0.72,1
CUST_02464,34,Male,Arusha,Muslim,Sukuma,Primary,"1,000,001-2,000,000",Tigo Pesa,1,0.53,0.36,0.51,0.0,Huawei,China,Premium,New,1570908,9.9,Physical Store,Cash,0,2,0.529,0.505,0.9,0.854,1.0,1.0,0.735,0.68,1
CUST_04576,28,Female,Dar es Salaam,Muslim,Gogo,Secondary,"<200,000",M-Pesa,2,0.37,0.96,0.63,0.3,Vivo,China,Mid-Range,New,568985,7.5,Mobile,Mobile Money,0,1,0.0,0.473,0.9,0.814,1.0,1.0,0.473,0.74,1
CUST_01817,31,Female,Dar es Salaam,Christian,Chagga,No formal,"500,001-1,000,000",Tigo Pesa,4,0.22,0.43,0.35,0.5,Xiaomi,China,Mid-Range,New,308685,7.0,Mobile,Cash,0,2,0.668,0.245,1.0,0.724,1.0,1.0,0.759,0.76,1
CUST_04495,20,Male,Zanzibar,Muslim,Sukuma,Secondary,">2,000,000",Tigo Pesa,4,0.13,0.4,0.89,0.3,Apple,USA,Premium,New,742583,8.9,Physical Store,Cash,0,1,0.752,0.792,0.9,1.015,1.0,1.0,0.806,0.79,1
CUST_02647,28,Female,Tanga,Other,Makonde,Primary,"500,001-1,000,000",Airtel Money,2,0.05,0.73,0.42,0.0,Tecno,China,Mid-Range,New,472754,6.1,Online,Mobile Money,0,2,0.137,0.256,1.0,0.544,1.0,1.0,0.377,0.67,1
CUST_04685,34,Female,Morogoro,Christian,Others,Bachelor,"200,000-500,000",Tigo Pesa,4,0.28,0.71,0.43,0.3,Nokia,Finland,Mid-Range,New,583157,6.3,Online,Cash,0,1,0.0,0.271,1.0,0.657,1.0,1.0,0.33,0.66,0
CUST_02095,31,Female,Dar es Salaam,Christian,Others,No formal,"<200,000",M-Pesa,5,0.33,0.76,0.68,0.0,Xiaomi,China,Mid-Range,New,320947,6.4,Physical Store,Cash,0,2,0.39,0.435,1.0,0.814,1.0,1.0,0.746,0.72,1
CUST_03325,20,Female,Dar es Salaam,Christian,Others,Diploma,"500,001-1,000,000",Airtel Money,2,0.25,0.78,0.68,0.3,Itel,China,Budget,Used,105948,4.5,Physical Store,Card,1,2,0.449,0.306,1.0,0.669,0.6,1.0,0.636,0.65,1
CUST_00583,24,Male,Dar es Salaam,Christian,Others,Secondary,"200,000-500,000",Halopesa,4,0.3,0.87,0.77,0.5,Apple,USA,Premium,New,743415,9.4,Physical Store,Cash,0,1,0.461,0.724,1.0,1.005,1.0,1.0,0.754,0.82,0
CUST_01591,33,Female,Zanzibar,Christian,Haya,Secondary,"200,000-500,000",Airtel Money,4,0.06,0.95,0.72,0.0,Apple,USA,Premium,New,2032938,9.7,Physical Store,Cash,0,1,0.0,0.698,1.0,1.122,1.0,1.0,0.563,0.58,1
CUST_01971,36,Male,Mbeya,Muslim,Nyamwezi,No formal,"200,000-500,000",Tigo Pesa,5,0.37,0.78,0.45,0.5,Nokia,Finland,Mid-Range,New,461404,6.3,Physical Store,Mobile Money,0,1,0.1,0.284,0.9,0.963,1.0,1.0,0.418,0.69,1
CUST_02695,32,Male,Mbeya,Christian,Others,Primary,"<200,000",M-Pesa,3,0.11,0.89,0.85,0.7,Tecno,China,Mid-Range,New,271504,7.5,Physical Store,Mobile Money,0,12,0.396,0.638,1.0,0.717,1.0,1.0,0.519,0.8,1
CUST_03882,26,Female,Tanga,Muslim,Others,Secondary,"200,000-500,000",M-Pesa,3,0.82,0.9,0.78,0.5,Tecno,China,Mid-Range,New,320348,7.2,Physical Store,Mobile Money,0,2,0.279,0.562,0.9,0.934,1.0,1.0,0.621,0.77,1
CUST_00723,37,Female,Mbeya,Christian,Sukuma,Secondary,"200,000-500,000",Tigo Pesa,2,0.65,0.94,0.4,0.3,Samsung,South Korea,Premium,Used,307389,8.0,Physical Store,Cash,1,2,0.759,0.32,1.0,1.089,0.6,1.0,0.727,0.82,1
CUST_02545,37,Male,Zanzibar,Christian,Sukuma,Primary,"200,000-500,000",Airtel Money,3,0.23,0.71,0.47,0.5,Infinix,China,Mid-Range,New,328858,7.6,Physical Store,Mobile Money,0,2,0.416,0.357,1.0,0.87,1.0,1.0,0.537,0.79,1
CUST_04417,26,Male,Tanga,Christian,Others,Secondary,"200,000-500,000",M-Pesa,4,0.5,0.71,0.72,0.0,Nokia,Finland,Mid-Range,New,456490,7.3,Online,Cash,0,2,0.19,0.526,1.0,0.538,1.0,1.0,0.682,0.75,1
CUST_04261,28,Male,Dodoma,Christian,Makonde,Secondary,"200,000-500,000",M-Pesa,3,0.36,0.98,0.41,0.7,Nokia,Finland,Mid-Range,New,579873,6.2,Physical Store,Mobile Money,0,1,0.0,0.254,1.0,0.857,1.0,1.0,0.288,0.66,1
CUST_00665,18,Male,Mbeya,Christian,Nyamwezi,Diploma,"200,000-500,000",Tigo Pesa,5,0.19,0.97,0.85,0.5,Huawei,China,Premium,New,875845,9.3,Physical Store,Mobile Money,0,1,0.292,0.79,1.0,0.887,1.0,1.0,0.554,0.78,1
CUST_02120,34,Male,Mwanza,Muslim,Others,Secondary,"500,001-1,000,000",Airtel Money,3,0.2,0.68,0.38,1.0,Huawei,China,Premium,New,2282560,8.6,Online,Mobile Money,0,2,0.0,0.327,0.9,0.952,1.0,0.8,0.454,0.46,1
CUST_03159,26,Male,Zanzibar,Christian,Others,Primary,"500,001-1,000,000",M-Pesa,4,0.12,0.8,0.52,0.0,Tecno,China,Mid-Range,New,348355,7.2,Online,Cash,1,1,0.303,0.374,1.0,0.842,1.0,1.0,0.542,0.76,1
CUST_01333,15,Male,Zanzibar,Muslim,Others,Primary,"200,000-500,000",M-Pesa,5,0.16,0.94,0.43,0.5,Apple,USA,Premium,Used,956434,9.0,Physical Store,Mobile Money,1,12,0.251,0.387,0.9,0.888,0.6,1.0,0.603,0.75,1
CUST_01959,30,Female,Mwanza,Christian,Others,Diploma,"200,000-500,000",Airtel Money,3,0.15,0.79,0.6,0.5,Itel,China,Budget,New,145592,5.7,Physical Store,Mobile Money,0,2,0.233,0.342,1.0,0.78,1.0,1.0,0.466,0.71,1
CUST_01192,23,Male,Arusha,Christian,Others,Primary,"<200,000",Airtel Money,3,0.24,0.9,0.66,0.7,Nokia,Finland,Mid-Range,New,275847,6.4,Online,Cash,0,2,0.379,0.422,1.0,0.568,1.0,1.0,0.575,0.73,1
CUST_00775,22,Female,Morogoro,Christian,Others,Primary,"<200,000",Airtel Money,2,0.37,0.81,0.66,0.5,Infinix,China,Mid-Range,Used,401242,6.5,Physical Store,Card,1,12,0.187,0.429,1.0,0.661,0.6,1.0,0.383,0.71,1
CUST_00360,19,Female,Morogoro,Christian,Others,Primary,"500,001-1,000,000",Tigo Pesa,3,0.45,0.53,0.6,0.5,Samsung,South Korea,Premium,New,1499392,9.6,Physical Store,Mobile Money,0,2,0.338,0.576,1.0,1.132,1.0,1.0,0.652,0.68,1
CUST_00929,26,Male,Tanga,Christian,Sukuma,Primary,"500,001-1,000,000",M-Pesa,4,0.31,0.55,0.48,0.0,Vivo,China,Mid-Range,Used,358717,5.8,Physical Store,Cash,0,2,0.507,0.278,1.0,0.634,0.6,1.0,0.638,0.68,1
CUST_03535,15,Female,Dodoma,Christian,Sukuma,Secondary,"200,000-500,000",Tigo Pesa,4,0.2,0.89,0.79,0.5,Xiaomi,China,Mid-Range,New,526104,7.9,Online,Mobile Money,1,2,0.0,0.624,1.0,0.936,1.0,1.0,0.561,0.77,1
CUST_00475,24,Female,Dar es Salaam,Christian,Others,Secondary,"<200,000",Halopesa,3,0.3,0.76,0.71,0.3,Infinix,China,Mid-Range,New,338830,6.8,Physical Store,Mobile Money,0,2,0.356,0.483,1.0,0.722,1.0,1.0,0.609,0.74,1
CUST_01953,41,Female,Morogoro,Christian,Others,No formal,"500,001-1,000,000",Airtel Money,4,0.35,0.77,0.44,0.5,Tecno,China,Mid-Range,New,446141,7.4,Physical Store,Cash,1,2,0.141,0.326,1.0,0.814,1.0,1.0,0.557,0.75,0
CUST_04724,34,Male,Morogoro,Muslim,Others,No formal,"500,001-1,000,000",M-Pesa,2,0.08,0.59,0.31,0.3,Huawei,China,Premium,New,999462,9.3,Physical Store,Mobile Money,0,2,0.509,0.288,0.9,0.997,1.0,1.0,0.678,0.76,1
CUST_02879,20,Male,Dar es Salaam,Christian,Others,Diploma,"1,000,001-2,000,000",Tigo Pesa,5,0.65,0.16,0.45,0.5,Apple,USA,Premium,New,1589403,9.4,Online,Mobile Money,1,2,0.788,0.423,1.0,0.866,1.0,1.0,0.766,0.65,1
CUST_00604,34,Female,Dar es Salaam,Christian,Sukuma,Primary,"<200,000",M-Pesa,5,0.2,0.82,0.85,0.0,Xiaomi,China,Mid-Range,New,395861,6.6,Physical Store,Cash,1,2,0.188,0.561,1.0,0.562,1.0,1.0,0.516,0.72,1
CUST_02368,40,Female,Dar es Salaam,Christian,Sukuma,Primary,"200,000-500,000",M-Pesa,2,0.5,0.97,0.84,0.3,Oppo,China,Mid-Range,Used,228996,6.5,Physical Store,Mobile Money,0,1,0.445,0.546,1.0,0.989,0.6,1.0,0.783,0.74,1
CUST_03929,35,Female,Arusha,Muslim,Others,No formal,"<200,000",Airtel Money,3,0.24,0.95,0.73,0.0,Apple,USA,Premium,New,2108996,9.6,Physical Store,Cash,0,2,0.0,0.701,0.9,0.713,1.0,1.0,0.538,0.55,1
CUST_01294,38,Female,Dar es Salaam,Christian,Others,No formal,"500,001-1,000,000",Tigo Pesa,2,0.13,0.61,0.89,0.5,Apple,USA,Premium,New,2301267,8.1,Physical Store,Cash,0,1,0.0,0.721,1.0,0.633,1.0,1.0,0.467,0.43,1
CUST_04257,40,Male,Arusha,Christian,Sukuma,Primary,"200,000-500,000",M-Pesa,3,0.51,0.71,0.84,0.5,Huawei,China,Premium,New,1319882,8.6,Physical Store,Mobile Money,1,12,0.219,0.722,1.0,0.867,1.0,1.0,0.714,0.65,1
CUST_04871,31,Male,Arusha,Christian,Makonde,Primary,"500,001-1,000,000",M-Pesa,3,0.52,0.58,0.64,0.3,Vivo,China,Mid-Range,New,526595,6.6,Physical Store,Cash,0,1,0.236,0.422,1.0,0.826,1.0,1.0,0.466,0.69,1
CUST_04239,30,Female,Arusha,Christian,Others,Secondary,"500,001-1,000,000",Halopesa,4,0.21,0.75,0.77,0.5,Oppo,China,Mid-Range,New,298785,8.0,Online,Mobile Money,0,2,0.44,0.616,1.0,0.798,1.0,1.0,0.61,0.82,1
CUST_04230,27,Female,Dodoma,Christian,Makonde,Secondary,"200,000-500,000",M-Pesa,2,0.15,0.89,0.63,0.5,Samsung,South Korea,Premium,New,2190357,9.8,Online,Cash,0,2,0.0,0.617,1.0,0.697,1.0,1.0,0.643,0.55,0
CUST_00681,17,Female,Zanzibar,Christian,Others,No formal,"<200,000",None,3,0.32,0.79,0.8,0.5,Oppo,China,Mid-Range,New,498582,6.3,Physical Store,Mobile Money,0,2,0.015,0.504,1.0,0.542,1.0,1.0,0.555,0.68,1
CUST_04778,37,Female,Arusha,Christian,Sukuma,Diploma,"200,000-500,000",M-Pesa,3,0.06,0.8,0.34,0.7,Tecno,China,Mid-Range,New,478242,6.1,Physical Store,Mobile Money,0,2,0.044,0.207,1.0,0.737,1.0,1.0,0.301,0.67,1
CUST_03629,22,Male,Dodoma,Christian,Makonde,Secondary,"200,000-500,000",Tigo Pesa,3,0.29,0.76,0.67,0.3,Vivo,China,Mid-Range,New,324036,6.5,Physical Store,Cash,1,2,0.384,0.436,1.0,0.58,1.0,1.0,0.725,0.73,1
CUST_00783,44,Female,Tanga,Christian,Sukuma,Master+,"200,000-500,000",M-Pesa,2,0.29,0.85,0.85,0.5,Nokia,Finland,Mid-Range,New,303468,7.7,Mobile,Mobile Money,0,2,0.355,0.654,1.0,0.981,1.0,1.0,0.539,0.8,1
CUST_02744,23,Female,Morogoro,Christian,Sukuma,Primary,"200,000-500,000",M-Pesa,3,0.37,0.89,0.41,0.7,Itel,China,Budget,New,131592,4.2,Physical Store,Cash,1,12,0.219,0.172,1.0,0.827,1.0,1.0,0.382,0.63,1
CUST_02463,15,Male,Dar es Salaam,Muslim,Others,No formal,"500,001-1,000,000",Airtel Money,2,0.07,0.61,0.78,0.3,Infinix,China,Mid-Range,New,412346,7.5,Mobile,Cash,0,1,0.371,0.585,0.9,0.828,1.0,1.0,0.555,0.77,1
CUST_03743,33,Male,Dar es Salaam,Christian,Others,Primary,"500,001-1,000,000",M-Pesa,3,0.46,0.51,0.8,0.5,Huawei,China,Premium,New,832687,9.0,Physical Store,Cash,1,1,0.646,0.72,1.0,0.949,1.0,1.0,0.849,0.77,1
CUST_03610,28,Male,Zanzibar,Christian,Makonde,Bachelor,"500,001-1,000,000",M-Pesa,2,0.4,0.74,0.89,0.3,Infinix,China,Mid-Range,New,453486,7.5,Physical Store,Card,0,2,0.161,0.668,1.0,0.719,1.0,1.0,0.523,0.76,1
CUST_02429,39,Male,Dodoma,Muslim,Nyamwezi,Primary,"500,001-1,000,000",Halopesa,1,0.09,0.65,0.89,0.0,Oppo,China,Mid-Range,New,403069,6.6,Physical Store,Cash,0,2,0.345,0.587,0.9,0.737,1.0,1.0,0.756,0.72,1
CUST_02732,27,Female,Mwanza,Christian,Others,Secondary,"200,000-500,000",Halopesa,4,0.35,0.82,0.34,0.3,Infinix,China,Mid-Range,New,400797,7.5,Physical Store,Card,1,2,0.178,0.255,1.0,0.841,1.0,1.0,0.414,0.77,1
CUST_04178,35,Male,Zanzibar,Christian,Sukuma,Secondary,"500,001-1,000,000",M-Pesa,1,0.19,0.7,0.37,0.5,Nokia,Finland,Mid-Range,New,327435,7.0,Physical Store,Mobile Money,0,2,0.427,0.259,1.0,0.778,1.0,1.0,0.593,0.75,0
CUST_00432,25,Female,Tanga,Muslim,Chagga,No formal,"<200,000",Airtel Money,3,0.31,0.94,0.35,0.0,Nokia,Finland,Mid-Range,New,571839,7.7,Physical Store,Cash,1,11,0.0,0.269,0.9,0.501,1.0,1.0,0.202,0.75,1
CUST_03811,36,Male,Tanga,Christian,Others,Diploma,"<200,000",Halopesa,4,0.42,0.84,0.69,1.0,Apple,USA,Premium,New,2281021,8.4,Physical Store,Mobile Money,1,1,0.0,0.58,1.0,0.865,1.0,0.8,0.484,0.45,1
CUST_03108,21,Male,Dodoma,Christian,Others,Secondary,"<200,000",M-Pesa,5,0.41,0.78,0.49,0.3,Xiaomi,China,Mid-Range,New,270119,7.7,Mobile,Card,1,11,0.473,0.377,1.0,0.931,1.0,1.0,0.573,0.81,1
CUST_04101,27,Male,Dar es Salaam,Christian,Haya,Secondary,"200,000-500,000",Airtel Money,4,0.16,0.91,0.62,0.5,Infinix,China,Mid-Range,Used,132061,5.0,Physical Store,Cash,0,2,0.7,0.31,1.0,0.981,0.6,1.0,0.555,0.67,1
CUST_00526,19,Male,Zanzibar,Christian,Gogo,Secondary,"200,000-500,000",Halopesa,1,0.07,0.87,0.81,0.3,Huawei,China,Premium,New,927530,9.8,Online,Cash,0,1,0.328,0.794,1.0,0.683,1.0,1.0,0.612,0.8,0
CUST_01471,25,Female,Mwanza,Christian,Sukuma,Primary,"500,001-1,000,000",M-Pesa,3,0.2,0.71,0.72,0.0,Vivo,China,Mid-Range,New,260044,6.1,Online,Cash,1,2,0.538,0.439,1.0,0.782,1.0,1.0,0.485,0.71,0
CUST_01584,24,Male,Arusha,Muslim,Others,Secondary,"500,001-1,000,000",None,3,0.8,0.66,0.88,0.5,Nokia,Finland,Mid-Range,New,527144,6.9,Physical Store,Mobile Money,0,1,0.13,0.607,0.9,0.99,1.0,1.0,0.472,0.71,0
CUST_04245,35,Male,Dar es Salaam,Christian,Others,No formal,"1,000,001-2,000,000",M-Pesa,4,0.1,0.33,0.53,0.3,Itel,China,Budget,New,199965,6.9,Online,Cash,0,2,0.56,0.366,1.0,0.523,1.0,1.0,0.557,0.77,1
CUST_03267,36,Female,Morogoro,Christian,Others,Diploma,"<200,000",Airtel Money,4,0.28,0.79,0.51,0.3,Oppo,China,Mid-Range,Used,465278,6.6,Physical Store,Mobile Money,0,2,0.081,0.337,1.0,0.794,0.6,1.0,0.358,0.7,1
CUST_04615,28,Female,Mwanza,Christian,Nyamwezi,Master+,"<200,000",M-Pesa,3,0.22,0.89,0.47,0.3,Tecno,China,Mid-Range,Used,356475,6.1,Online,Mobile Money,0,2,0.207,0.287,1.0,0.611,0.6,1.0,0.448,0.69,1
CUST_01732,33,Female,Dar es Salaam,Christian,Gogo,No formal,"500,001-1,000,000",M-Pesa,3,0.03,0.61,0.54,0.3,Xiaomi,China,Mid-Range,New,447755,6.3,Physical Store,Mobile Money,0,2,0.317,0.34,1.0,0.891,1.0,1.0,0.467,0.69,1
CUST_00663,48,Female,Mbeya,Christian,Gogo,Primary,"1,000,001-2,000,000",M-Pesa,4,0.08,0.4,0.5,0.5,Vivo,China,Mid-Range,New,397050,6.5,Mobile,Cash,1,2,0.603,0.325,1.0,0.884,1.0,1.0,0.681,0.71,0
CUST_00508,28,Female,Zanzibar,Muslim,Others,Secondary,"200,000-500,000",M-Pesa,5,0.2,0.94,0.7,0.3,Oppo,China,Mid-Range,Used,190979,6.8,Online,Cash,1,1,0.551,0.476,0.9,0.635,0.6,1.0,0.469,0.77,1
CUST_04606,15,Female,Zanzibar,Muslim,Chagga,Secondary,"200,000-500,000",M-Pesa,5,0.41,0.75,0.44,0.3,Xiaomi,China,Mid-Range,New,259560,7.2,Online,Cash,0,12,0.513,0.317,0.9,0.945,1.0,1.0,0.871,0.78,1
CUST_04848,35,Male,Zanzibar,Christian,Gogo,No formal,"1,000,001-2,000,000",Tigo Pesa,3,0.17,0.34,0.71,0.5,Tecno,China,Mid-Range,New,562002,7.0,Mobile,Cash,0,1,0.522,0.497,1.0,0.895,1.0,1.0,0.763,0.71,1
CUST_04470,33,Male,Dar es Salaam,Christian,Chagga,Primary,">2,000,000",M-Pesa,2,0.25,0.19,0.6,0.0,Oppo,China,Mid-Range,New,278261,6.4,Physical Store,Mobile Money,0,1,0.868,0.384,1.0,0.644,1.0,1.0,0.633,0.73,1
CUST_01173,24,Female,Mbeya,Christian,Others,No formal,"500,001-1,000,000",Tigo Pesa,2,0.56,0.77,0.52,0.7,Huawei,China,Premium,New,1343922,8.7,Physical Store,Mobile Money,1,1,0.138,0.452,1.0,0.846,1.0,1.0,0.764,0.65,1
CUST_02773,30,Male,Dodoma,Christian,Sukuma,Diploma,"<200,000",Airtel Money,5,0.33,0.94,0.57,0.3,Itel,China,Budget,New,105087,6.9,Online,Mobile Money,0,1,0.341,0.393,1.0,0.719,1.0,1.0,0.582,0.79,1
CUST_03021,31,Male,Dodoma,Muslim,Others,Secondary,"200,000-500,000",Tigo Pesa,3,0.11,0.8,0.78,0.3,Vivo,China,Mid-Range,New,256155,6.2,Physical Store,Mobile Money,0,2,0.488,0.484,0.9,0.648,1.0,1.0,0.531,0.72,1
CUST_02487,26,Female,Dar es Salaam,Muslim,Others,Secondary,"200,000-500,000",Airtel Money,5,0.11,0.82,0.67,0.5,Apple,USA,Premium,New,2186158,8.9,Online,Mobile Money,0,2,0.0,0.596,0.9,0.609,1.0,1.0,0.586,0.5,1
CUST_00607,31,Male,Dar es Salaam,Christian,Haya,Primary,"500,001-1,000,000",M-Pesa,1,0.29,0.63,0.84,0.5,Nokia,Finland,Mid-Range,New,284678,7.5,Physical Store,Cash,0,2,0.552,0.63,1.0,0.867,1.0,1.0,0.747,0.79,1
CUST_04454,37,Male,Tanga,Muslim,Haya,Secondary,"<200,000",M-Pesa,2,0.07,0.72,0.54,0.3,Apple,USA,Premium,New,2277751,8.4,Online,Cash,0,2,0.0,0.454,0.9,0.757,1.0,1.0,0.504,0.45,1
CUST_04369,39,Female,Dodoma,Christian,Others,No formal,"1,000,001-2,000,000",M-Pesa,4,0.15,0.44,0.77,0.3,Vivo,China,Mid-Range,New,434394,6.6,Physical Store,Cash,0,1,0.522,0.508,1.0,0.839,1.0,1.0,0.675,0.71,1
CUST_01571,28,Male,Mwanza,Christian,Others,Primary,"500,001-1,000,000",M-Pesa,3,0.21,0.66,0.88,0.7,Huawei,China,Premium,New,1090830,9.3,Physical Store,Cash,0,2,0.4,0.818,1.0,0.866,1.0,1.0,0.6,0.74,1
CUST_02816,37,Male,Arusha,Other,Gogo,Diploma,"200,000-500,000",Airtel Money,3,0.09,0.89,0.87,0.3,Infinix,China,Mid-Range,New,406473,7.6,Online,Cash,0,1,0.096,0.661,1.0,0.613,1.0,1.0,0.564,0.77,1
CUST_01194,24,Female,Zanzibar,Muslim,Haya,Secondary,"500,001-1,000,000",None,1,0.07,0.75,0.31,0.3,Infinix,China,Mid-Range,New,250212,7.8,Physical Store,Cash,0,2,0.531,0.242,0.9,0.785,1.0,1.0,0.287,0.82,1
CUST_00198,49,Female,Dar es Salaam,Muslim,Others,Diploma,"500,001-1,000,000",Tigo Pesa,2,0.28,0.48,0.83,0.5,Tecno,China,Mid-Range,New,284500,6.2,Physical Store,Mobile Money,0,1,0.659,0.515,0.9,0.625,1.0,1.0,0.798,0.72,1
CUST_00814,24,Female,Dodoma,Christian,Others,Primary,"<200,000",Airtel Money,4,0.22,0.72,0.47,0.3,Nokia,Finland,Mid-Range,New,398830,6.7,Physical Store,Mobile Money,0,12,0.282,0.315,1.0,0.723,1.0,1.0,0.628,0.72,1
CUST_02992,49,Female,Mwanza,Muslim,Others,No formal,"500,001-1,000,000",M-Pesa,1,0.18,0.72,0.67,0.3,Infinix,China,Mid-Range,New,536790,7.8,Online,Cash,0,12,0.034,0.523,0.9,0.872,1.0,1.0,0.809,0.76,1
CUST_03064,33,Female,Zanzibar,Christian,Makonde,Primary,">2,000,000",M-Pesa,1,0.35,0.47,0.66,0.5,Xiaomi,China,Mid-Range,New,255325,6.9,Online,Mobile Money,0,2,0.7,0.455,1.0,0.92,1.0,1.0,0.724,0.76,1
CUST_02449,30,Male,Dar es Salaam,Muslim,Others,Secondary,"500,001-1,000,000",Halopesa,4,0.1,0.71,0.71,0.0,Apple,USA,Premium,Used,1356321,8.6,Physical Store,Cash,0,2,0.198,0.611,0.9,0.941,0.6,1.0,0.658,0.64,1
CUST_04504,15,Female,Dar es Salaam,Muslim,Gogo,Bachelor,"<200,000",Airtel Money,1,0.47,0.77,0.35,0.3,Samsung,South Korea,Premium,New,1218175,8.6,Mobile,Mobile Money,0,1,0.218,0.301,0.9,0.945,1.0,1.0,0.442,0.67,0
CUST_01003,35,Female,Morogoro,Christian,Sukuma,No formal,">2,000,000",Airtel Money,5,0.13,0.39,0.74,0.3,Samsung,South Korea,Premium,New,1204329,8.4,Physical Store,Cash,0,2,0.609,0.622,1.0,0.738,1.0,1.0,0.761,0.66,0
CUST_02107,41,Male,Dodoma,Christian,Nyamwezi,No formal,"<200,000",M-Pesa,2,0.13,0.99,0.57,0.7,Huawei,China,Premium,New,2161388,9.4,Physical Store,Mobile Money,1,2,0.0,0.536,1.0,0.667,1.0,1.0,0.416,0.53,0
CUST_04970,32,Female,Mwanza,Muslim,Gogo,Diploma,"1,000,001-2,000,000",M-Pesa,3,0.6,0.49,0.66,0.0,Tecno,China,Mid-Range,New,453651,7.1,Mobile,Mobile Money,1,2,0.444,0.469,0.9,0.607,1.0,1.0,0.433,0.74,1
CUST_00446,20,Female,Mwanza,Christian,Gogo,Secondary,"500,001-1,000,000",M-Pesa,3,0.41,0.43,0.81,0.3,Apple,USA,Premium,New,787667,9.1,Physical Store,Cash,0,2,0.718,0.737,1.0,0.816,1.0,1.0,0.878,0.79,1
CUST_03557,20,Male,Morogoro,Christian,Chagga,Secondary,"500,001-1,000,000",Halopesa,3,0.21,0.59,0.42,0.7,Samsung,South Korea,Premium,New,1397083,8.4,Physical Store,Card,0,2,0.313,0.353,1.0,0.935,1.0,1.0,0.485,0.62,0
CUST_03055,32,Female,Dar es Salaam,Christian,Others,Secondary,"200,000-500,000",M-Pesa,4,0.23,0.86,0.31,0.7,Oppo,China,Mid-Range,New,337205,7.5,Mobile,Cash,0,2,0.275,0.232,1.0,0.597,1.0,1.0,0.576,0.78,1
CUST_01065,39,Female,Dar es Salaam,Christian,Haya,Diploma,"500,001-1,000,000",Tigo Pesa,3,0.17,0.48,0.62,0.0,Huawei,China,Premium,New,1477655,8.6,Physical Store,Cash,0,2,0.409,0.533,1.0,0.643,1.0,1.0,0.453,0.62,1
CUST_03221,32,Male,Dar es Salaam,Christian,Others,Secondary,"<200,000",Tigo Pesa,3,0.31,0.78,0.37,0.3,Tecno,China,Mid-Range,New,331213,6.5,Online,Card,1,1,0.354,0.24,1.0,0.779,1.0,1.0,0.574,0.72,1
CUST_01579,32,Female,Arusha,Christian,Others,No formal,"200,000-500,000",Airtel Money,4,0.21,0.76,0.83,0.5,Infinix,China,Mid-Range,New,558767,7.9,Physical Store,Cash,0,1,0.0,0.656,1.0,0.995,1.0,1.0,0.479,0.76,1
CUST_02413,34,Female,Dar es Salaam,Muslim,Others,Secondary,"1,000,001-2,000,000",Tigo Pesa,4,0.3,0.23,0.47,0.5,Samsung,South Korea,Premium,New,1521231,8.3,Physical Store,Cash,1,2,0.708,0.39,0.9,1.197,1.0,1.0,0.778,0.59,1
CUST_02005,20,Male,Tanga,Muslim,Others,Secondary,"200,000-500,000",Tigo Pesa,4,0.35,0.76,0.68,0.3,Huawei,China,Premium,Used,1022374,8.5,Physical Store,Cash,0,2,0.352,0.578,0.9,0.59,0.6,1.0,0.5,0.71,1
CUST_03651,25,Male,Zanzibar,Muslim,Sukuma,Primary,"200,000-500,000",Airtel Money,1,0.17,0.73,0.58,0.5,Xiaomi,China,Mid-Range,New,421991,7.7,Mobile,Cash,0,2,0.23,0.447,0.9,0.811,1.0,1.0,0.643,0.78,1
CUST_01874,25,Female,Mbeya,Muslim,Chagga,Diploma,"1,000,001-2,000,000",M-Pesa,3,0.1,0.11,0.56,0.3,Huawei,China,Premium,New,1072524,8.9,Physical Store,Cash,1,2,0.902,0.498,0.9,0.858,1.0,1.0,0.69,0.72,1
CUST_00915,15,Female,Dodoma,Muslim,Others,No formal,"1,000,001-2,000,000",M-Pesa,4,0.25,0.12,0.78,0.0,Apple,USA,Premium,Used,1716975,8.6,Online,Card,1,2,0.828,0.671,0.9,0.715,0.6,1.0,0.722,0.57,1
CUST_03647,31,Male,Mwanza,Christian,Makonde,Primary,"<200,000",M-Pesa,5,0.45,0.86,0.4,0.3,Infinix,China,Mid-Range,New,270599,7.4,Online,Cash,0,1,0.418,0.296,1.0,1.0,1.0,1.0,0.494,0.79,0
CUST_02539,31,Male,Zanzibar,Christian,Others,Secondary,"<200,000",Airtel Money,4,0.38,0.72,0.85,0.5,Huawei,China,Premium,New,2104999,8.6,Physical Store,Cash,0,2,0.0,0.731,1.0,0.68,1.0,1.0,0.457,0.5,1
CUST_03906,28,Male,Dar es Salaam,Other,Others,Primary,"<200,000",Tigo Pesa,4,0.45,0.91,0.33,0.0,Xiaomi,China,Mid-Range,New,572864,7.3,Mobile,Cash,0,2,0.0,0.241,1.0,0.771,1.0,1.0,0.561,0.72,1
CUST_04737,15,Male,Dar es Salaam,Muslim,Nyamwezi,No formal,">2,000,000",Tigo Pesa,1,0.38,0.35,0.58,0.7,Samsung,South Korea,Premium,New,1528363,9.1,Physical Store,Cash,0,2,0.554,0.528,0.9,0.943,1.0,1.0,0.637,0.64,1
CUST_02285,36,Male,Morogoro,Christian,Others,Primary,"1,000,001-2,000,000",Tigo Pesa,2,0.09,0.44,0.65,0.0,Tecno,China,Mid-Range,Used,389699,5.2,Physical Store,Mobile Money,0,1,0.571,0.338,1.0,0.778,0.6,1.0,0.899,0.63,1
CUST_03446,26,Male,Mwanza,Christian,Nyamwezi,No formal,"<200,000",Tigo Pesa,4,0.58,0.96,0.7,0.5,Tecno,China,Mid-Range,New,542608,7.4,Physical Store,Mobile Money,0,1,0.0,0.518,1.0,0.927,1.0,1.0,0.629,0.74,1
CUST_02186,29,Male,Morogoro,Christian,Chagga,Secondary,"500,001-1,000,000",Tigo Pesa,3,0.36,0.42,0.53,0.0,Apple,USA,Premium,New,850614,9.9,Online,Mobile Money,0,1,0.702,0.525,1.0,0.689,1.0,1.0,0.835,0.82,1
CUST_01719,29,Female,Dar es Salaam,Christian,Haya,Secondary,"500,001-1,000,000",M-Pesa,1,0.66,0.61,0.42,0.0,Tecno,China,Mid-Range,New,552136,6.2,Physical Store,Cash,1,2,0.158,0.26,1.0,0.83,1.0,1.0,0.568,0.66,1
CUST_03912,20,Female,Mbeya,Christian,Others,Secondary,"500,001-1,000,000",Tigo Pesa,3,0.48,0.79,0.43,0.5,Tecno,China,Mid-Range,New,478921,7.9,Online,Card,0,1,0.054,0.34,1.0,0.7,1.0,1.0,0.518,0.78,1
CUST_00051,15,Male,Morogoro,Christian,Gogo,Master+,"200,000-500,000",Tigo Pesa,1,0.12,0.76,0.32,0.3,Tecno,China,Mid-Range,New,366093,6.2,Mobile,Cash,0,2,0.304,0.198,1.0,0.774,1.0,1.0,0.541,0.7,1
CUST_02464,34,Male,Arusha,Muslim,Sukuma,Primary,"1,000,001-2,000,000",Tigo Pesa,1,0.53,0.36,0.51,0.0,Infinix,China,Mid-Range,New,499117,7.8,Physical Store,Cash,0,2,0.551,0.398,0.9,0.679,1.0,1.0,0.78,0.77,1
CUST_02736,18,Female,Arusha,Christian,Chagga,Primary,"<200,000",Airtel Money,1,0.14,0.87,0.78,1.0,Tecno,China,Mid-Range,New,546434,6.6,Online,Cash,0,2,0.0,0.515,1.0,0.676,1.0,0.8,0.548,0.69,1
CUST_01555,23,Female,Dodoma,Christian,Others,No formal,"500,001-1,000,000",M-Pesa,3,0.43,0.79,0.69,0.3,Apple,USA,Premium,New,2310639,9.1,Physical Store,Mobile Money,0,1,0.0,0.628,1.0,0.962,1.0,1.0,0.402,0.48,1
CUST_02380,20,Male,Mwanza,Other,Others,Primary,"1,000,001-2,000,000",Airtel Money,5,0.21,0.43,0.66,1.0,Apple,USA,Premium,Used,876146,8.0,Physical Store,Card,0,1,0.686,0.528,1.0,0.761,0.6,0.8,0.647,0.7,1
CUST_02205,38,Male,Tanga,Christian,Others,No formal,"200,000-500,000",None,1,0.22,0.77,0.69,0.0,Oppo,China,Mid-Range,New,256199,6.7,Physical Store,Mobile Money,0,2,0.507,0.462,1.0,0.758,1.0,1.0,0.557,0.75,1
CUST_04943,15,Male,Mwanza,Christian,Others,Diploma,"<200,000",M-Pesa,3,0.32,0.82,0.57,0.3,Nokia,Finland,Mid-Range,New,529022,7.0,Physical Store,Mobile Money,0,1,0.0,0.399,1.0,0.786,1.0,1.0,0.591,0.71,1
CUST_02893,25,Male,Zanzibar,Other,Others,Diploma,"<200,000",M-Pesa,5,0.5,0.77,0.55,0.3,Infinix,China,Mid-Range,Used,340267,6.5,Physical Store,Mobile Money,0,1,0.345,0.358,1.0,0.703,0.6,1.0,0.567,0.72,1
CUST_04791,36,Male,Dar es Salaam,Other,Others,Primary,"200,000-500,000",None,4,0.36,0.8,0.52,0.7,Huawei,China,Premium,New,857649,9.9,Physical Store,Mobile Money,1,2,0.428,0.515,1.0,0.632,1.0,1.0,0.873,0.82,1
CUST_02572,40,Male,Dar es Salaam,Christian,Others,No formal,"200,000-500,000",Tigo Pesa,3,0.55,0.71,0.82,0.3,Itel,China,Budget,New,85430,4.9,Online,Cash,0,2,0.596,0.402,1.0,0.937,1.0,1.0,0.695,0.68,1
CUST_01975,23,Female,Zanzibar,Muslim,Others,Primary,">2,000,000",M-Pesa,4,0.1,0.14,0.65,1.0,Tecno,China,Mid-Range,New,471233,7.5,Online,Cash,0,1,0.835,0.488,0.9,0.796,1.0,0.8,0.666,0.76,1
CUST_03015,15,Male,Tanga,Christian,Others,Primary,"<200,000",Airtel Money,2,0.32,0.71,0.52,0.3,Oppo,China,Mid-Range,New,555759,7.5,Mobile,Mobile Money,0,2,0.014,0.39,1.0,0.795,1.0,1.0,0.532,0.74,1
CUST_04882,28,Male,Dar es Salaam,Christian,Haya,Primary,"500,001-1,000,000",Tigo Pesa,5,0.11,0.65,0.72,0.3,Tecno,China,Mid-Range,New,469682,6.5,Physical Store,Cash,0,2,0.237,0.468,1.0,0.721,1.0,1.0,0.435,0.7,1
CUST_00924,38,Female,Mwanza,Christian,Sukuma,Diploma,"<200,000",M-Pesa,3,0.17,0.98,0.54,0.3,Tecno,China,Mid-Range,New,473782,7.1,Physical Store,Cash,0,2,0.0,0.383,1.0,0.556,1.0,1.0,0.543,0.73,1
CUST_03718,15,Female,Mbeya,Christian,Others,Secondary,"200,000-500,000",M-Pesa,5,0.63,0.72,0.68,0.3,Itel,China,Budget,Used,101289,4.6,Physical Store,Cash,1,2,0.514,0.313,1.0,0.92,0.6,1.0,0.596,0.66,1
CUST_02512,28,Male,Dar es Salaam,Christian,Others,No formal,"<200,000",Tigo Pesa,2,0.11,0.96,0.72,0.5,Infinix,China,Mid-Range,New,570154,7.5,Online,Mobile Money,0,2,0.0,0.54,1.0,0.623,1.0,1.0,0.544,0.74,1
CUST_01197,20,Female,Dar es Salaam,Christian,Haya,Primary,"500,001-1,000,000",Tigo Pesa,4,0.23,0.57,0.44,0.0,Apple,USA,Premium,New,1102492,8.5,Physical Store,Mobile Money,1,2,0.476,0.374,1.0,0.786,1.0,1.0,0.758,0.69,0
CUST_00538,15,Female,Mbeya,Christian,Others,Primary,"500,001-1,000,000",Tigo Pesa,4,0.11,0.46,0.49,1.0,Xiaomi,China,Mid-Range,New,572030,7.5,Physical Store,Mobile Money,0,1,0.342,0.368,1.0,0.514,1.0,0.8,0.694,0.74,0
CUST_03338,20,Male,Dodoma,Christian,Others,Secondary,"<200,000",M-Pesa,3,0.35,0.76,0.55,0.0,Infinix,China,Mid-Range,New,347695,6.3,Online,Mobile Money,1,2,0.339,0.347,1.0,0.794,1.0,1.0,0.586,0.71,1
CUST_04214,15,Female,Arusha,Muslim,Haya,No formal,"500,001-1,000,000",Airtel Money,2,0.36,0.45,0.3,0.3,Tecno,China,Mid-Range,New,463190,6.3,Physical Store,Mobile Money,0,2,0.479,0.189,0.9,0.576,1.0,1.0,0.414,0.69,1
CUST_04510,28,Female,Mwanza,Muslim,Sukuma,Secondary,"200,000-500,000",Airtel Money,2,0.46,0.87,0.75,0.5,Nokia,Finland,Mid-Range,Used,290188,6.5,Physical Store,Card,0,2,0.369,0.488,0.9,0.736,0.6,1.0,0.675,0.73,1
CUST_03415,18,Male,Dar es Salaam,Christian,Others,Primary,"500,001-1,000,000",M-Pesa,3,0.45,0.55,0.68,0.5,Apple,USA,Premium,New,668005,9.2,Physical Store,Mobile Money,0,2,0.694,0.626,1.0,0.868,1.0,1.0,0.739,0.82,1
CUST_03667,17,Male,Mbeya,Christian,Sukuma,Primary,"500,001-1,000,000",Halopesa,4,0.24,0.55,0.64,0.0,Vivo,China,Mid-Range,New,360055,6.3,Mobile,Cash,1,1,0.505,0.403,1.0,0.647,1.0,1.0,0.536,0.71,0
CUST_01516,22,Male,Zanzibar,Muslim,Sukuma,Bachelor,"500,001-1,000,000",Airtel Money,3,0.34,0.51,0.33,0.0,Xiaomi,China,Mid-Range,New,353406,7.4,Physical Store,Mobile Money,0,12,0.549,0.244,0.9,0.827,1.0,1.0,0.413,0.77,1
CUST_00511,20,Male,Dar es Salaam,Christian,Sukuma,Diploma,"1,000,001-2,000,000",M-Pesa,3,0.44,0.37,0.81,0.0,Apple,USA,Premium,New,1348978,9.0,Online,Mobile Money,0,2,0.584,0.729,1.0,0.652,1.0,1.0,0.76,0.67,1
CUST_03092,32,Male,Mbeya,Christian,Makonde,Primary,"200,000-500,000",Halopesa,2,0.15,0.87,0.4,0.3,Tecno,China,Mid-Range,Used,378703,6.5,Physical Store,Cash,0,2,0.176,0.26,1.0,0.534,0.6,1.0,0.651,0.71,1
CUST_01436,31,Female,Mwanza,Other,Others,Secondary,"200,000-500,000",Tigo Pesa,2,0.12,0.81,0.73,0.5,Huawei,China,Premium,New,1592706,8.8,Physical Store,Mobile Money,0,12,0.0,0.642,1.0,0.782,1.0,1.0,0.586,0.61,1
CUST_00930,29,Male,Mwanza,Christian,Others,Secondary,"<200,000",Tigo Pesa,4,0.53,0.97,0.49,0.7,Infinix,China,Mid-Range,New,586921,7.7,Physical Store,Mobile Money,0,1,0.0,0.377,1.0,0.706,1.0,1.0,0.528,0.74,1
CUST_04653,27,Female,Dar es Salaam,Christian,Others,Primary,"<200,000",Tigo Pesa,3,0.43,0.72,0.59,0.5,Apple,USA,Premium,New,2024731,9.1,Physical Store,Cash,0,2,0.0,0.537,1.0,0.639,1.0,1.0,0.64,0.54,0
CUST_02699,32,Male,Arusha,Christian,Others,Primary,"<200,000",M-Pesa,3,0.35,0.89,0.49,0.3,Itel,China,Budget,New,127261,4.4,Physical Store,Cash,1,10,0.245,0.216,1.0,0.789,1.0,1.0,0.524,0.64,1
CUST_00096,39,Male,Mbeya,Christian,Sukuma,Diploma,"<200,000",M-Pesa,2,0.19,0.94,0.44,0.5,Samsung,South Korea,Premium,Used,1523301,8.7,Physical Store,Cash,1,2,0.0,0.383,1.0,0.67,0.6,1.0,0.459,0.62,1
CUST_04185,51,Male,Morogoro,Muslim,Others,No formal,"<200,000",Airtel Money,3,0.06,0.75,0.42,0.3,Tecno,China,Mid-Range,New,269296,7.4,Mobile,Cash,1,2,0.495,0.311,0.9,0.54,1.0,1.0,0.681,0.79,1
CUST_00192,45,Male,Tanga,Christian,Haya,Primary,"200,000-500,000",Tigo Pesa,2,0.3,0.99,0.67,0.5,Infinix,China,Mid-Range,New,470583,7.3,Mobile,Cash,1,2,0.0,0.489,1.0,0.548,1.0,1.0,0.469,0.74,1
CUST_04236,41,Female,Dar es Salaam,Christian,Nyamwezi,Primary,"<200,000",Tigo Pesa,2,0.09,0.94,0.68,0.3,Vivo,China,Mid-Range,New,583604,7.0,Online,Cash,0,2,0.0,0.476,1.0,0.832,1.0,1.0,0.51,0.7,1
CUST_00669,36,Male,Arusha,Muslim,Sukuma,Primary,"200,000-500,000",Tigo Pesa,3,0.2,0.98,0.46,0.0,Apple,USA,Premium,New,2366043,8.1,Physical Store,Cash,1,1,0.0,0.373,0.9,0.709,1.0,1.0,0.478,0.41,1
CUST_00661,41,Female,Tanga,Muslim,Others,Primary,"500,001-1,000,000",M-Pesa,3,0.33,0.74,0.77,0.3,Tecno,China,Mid-Range,New,265348,6.0,Physical Store,Cash,1,2,0.509,0.462,0.9,0.513,1.0,1.0,0.687,0.71,1
CUST_03392,31,Female,Zanzibar,Muslim,Chagga,Primary,"500,001-1,000,000",M-Pesa,3,0.51,0.47,0.7,0.0,Oppo,China,Mid-Range,New,318802,6.9,Mobile,Cash,0,1,0.625,0.483,0.9,0.797,1.0,1.0,0.701,0.75,0
CUST_03984,33,Female,Arusha,Christian,Nyamwezi,Primary,"500,001-1,000,000",Airtel Money,4,0.28,0.41,0.42,0.3,Huawei,China,Premium,New,1642080,9.3,Physical Store,Cash,0,10,0.439,0.391,1.0,0.881,1.0,1.0,0.529,0.63,1
CUST_03846,22,Female,Dar es Salaam,Muslim,Gogo,Primary,"200,000-500,000",Tigo Pesa,3,0.25,0.92,0.58,0.0,Xiaomi,China,Mid-Range,New,536162,7.8,Mobile,Cash,1,2,0.0,0.452,0.9,0.846,1.0,1.0,0.631,0.76,1
CUST_00091,25,Female,Dar es Salaam,Christian,Others,No formal,"1,000,001-2,000,000",M-Pesa,2,0.42,0.42,0.62,0.3,Tecno,China,Mid-Range,New,303107,6.1,Physical Store,Cash,0,12,0.682,0.378,1.0,0.933,1.0,1.0,0.738,0.71,0
CUST_03381,15,Female,Dar es Salaam,Muslim,Nyamwezi,Secondary,"<200,000",M-Pesa,2,0.03,0.73,0.57,0.3,Tecno,China,Mid-Range,New,401618,7.7,Physical Store,Mobile Money,0,2,0.267,0.439,0.9,0.841,1.0,1.0,0.517,0.78,1
CUST_01012,31,Female,Dar es Salaam,Muslim,Others,Bachelor,"500,001-1,000,000",Halopesa,3,0.46,0.49,0.39,0.3,Samsung,South Korea,Premium,New,1214861,8.7,Physical Store,Mobile Money,1,11,0.504,0.339,0.9,1.063,1.0,1.0,0.55,0.68,1
CUST_00134,35,Male,Tanga,Christian,Sukuma,Secondary,">2,000,000",Halopesa,3,0.15,0.14,0.85,0.5,Huawei,China,Premium,New,701430,8.9,Physical Store,Card,0,12,0.918,0.756,1.0,0.632,1.0,1.0,0.723,0.79,1
CUST_00482,48,Female,Morogoro,Muslim,Sukuma,Secondary,"1,000,001-2,000,000",M-Pesa,2,0.05,0.26,0.33,0.7,Samsung,South Korea,Premium,New,901218,9.3,Mobile,Mobile Money,0,2,0.805,0.307,0.9,1.12,1.0,1.0,0.674,0.78,1
CUST_01493,17,Female,Dodoma,Christian,Makonde,Primary,"200,000-500,000",M-Pesa,3,0.6,0.7,0.45,0.5,Nokia,Finland,Mid-Range,New,324869,6.7,Physical Store,Cash,0,2,0.431,0.302,1.0,0.725,1.0,1.0,0.562,0.74,1
CUST_04569,29,Male,Dar es Salaam,Christian,Others,Secondary,">2,000,000",Tigo Pesa,4,0.55,0.15,0.52,0.0,Infinix,China,Mid-Range,New,433642,8.0,Online,Cash,0,2,0.837,0.416,1.0,0.767,1.0,1.0,0.649,0.79,1
CUST_02710,30,Male,Zanzibar,Muslim,Gogo,No formal,"1,000,001-2,000,000",Tigo Pesa,3,0.37,0.14,0.38,0.5,Samsung,South Korea,Premium,New,2085786,8.0,Mobile,Cash,0,1,0.757,0.304,0.9,0.93,1.0,1.0,0.738,0.46,1
CUST_00990,30,Female,Mbeya,Christian,Others,Primary,"500,001-1,000,000",M-Pesa,4,0.34,0.43,0.81,0.0,Nokia,Finland,Mid-Range,New,454645,6.6,Physical Store,Cash,0,1,0.511,0.535,1.0,0.848,1.0,1.0,0.87,0.71,1
CUST_02118,31,Male,Mbeya,Christian,Others,Primary,"200,000-500,000",Airtel Money,2,0.22,0.77,0.65,0.5,Oppo,China,Mid-Range,New,448352,6.3,Mobile,Mobile Money,0,2,0.137,0.41,1.0,0.706,1.0,1.0,0.623,0.69,1
CUST_04842,37,Male,Mbeya,Christian,Sukuma,Bachelor,"500,001-1,000,000",Airtel Money,1,0.41,0.64,0.38,0.7,Infinix,China,Mid-Range,New,589273,7.6,Physical Store,Cash,0,2,0.057,0.289,1.0,0.801,1.0,1.0,0.343,0.74,1
CUST_00640,44,Male,Arusha,Muslim,Sukuma,Diploma,"500,001-1,000,000",Tigo Pesa,3,0.21,0.57,0.42,0.3,Oppo,China,Mid-Range,New,295923,7.0,Physical Store,Mobile Money,0,2,0.578,0.294,0.9,0.945,1.0,1.0,0.764,0.76,0
CUST_03693,34,Female,Arusha,Christian,Gogo,Secondary,"200,000-500,000",M-Pesa,2,0.14,0.72,0.77,0.0,Vivo,China,Mid-Range,New,595144,6.3,Mobile,Mobile Money,0,12,0.0,0.485,1.0,0.925,1.0,1.0,0.461,0.66,1
CUST_00621,37,Female,Dar es Salaam,Muslim,Makonde,Primary,"200,000-500,000",Tigo Pesa,3,0.59,0.99,0.46,0.5,Vivo,China,Mid-Range,New,574436,7.9,Online,Cash,1,2,0.0,0.363,0.9,0.579,1.0,1.0,0.55,0.76,1
CUST_02910,15,Female,Tanga,Muslim,Others,Primary,"500,001-1,000,000",Airtel Money,5,0.02,0.75,0.69,0.7,Huawei,China,Premium,New,2426444,9.3,Physical Store,Cash,1,2,0.0,0.642,0.9,0.871,1.0,1.0,0.541,0.47,1
CUST_01761,24,Female,Tanga,Christian,Others,Secondary,">2,000,000",M-Pesa,4,0.3,0.45,0.34,0.0,Oppo,China,Mid-Range,New,305777,6.0,Physical Store,Mobile Money,1,1,0.656,0.204,1.0,0.819,1.0,1.0,0.531,0.7,1
CUST_01902,30,Female,Arusha,Christian,Others,Primary,"500,001-1,000,000",Halopesa,5,0.28,0.45,0.59,0.0,Samsung,South Korea,Premium,New,2235985,9.7,Physical Store,Mobile Money,1,2,0.162,0.572,1.0,1.197,1.0,1.0,0.688,0.53,1
CUST_03517,39,Male,Dar es Salaam,Christian,Nyamwezi,Primary,"<200,000",Tigo Pesa,1,0.36,0.79,0.77,0.3,Xiaomi,China,Mid-Range,New,502890,6.4,Physical Store,Cash,0,2,0.007,0.493,1.0,0.899,1.0,1.0,0.445,0.68,1
CUST_02248,40,Male,Dar es Salaam,Christian,Sukuma,Diploma,"<200,000",M-Pesa,5,0.17,0.86,0.34,0.3,Huawei,China,Premium,New,921525,8.9,Physical Store,Cash,0,2,0.34,0.303,1.0,0.545,1.0,1.0,0.519,0.75,1
CUST_01091,23,Female,Mbeya,Christian,Sukuma,Diploma,"200,000-500,000",Tigo Pesa,3,0.24,0.99,0.64,0.0,Tecno,China,Mid-Range,New,396888,6.7,Physical Store,Mobile Money,0,2,0.018,0.429,1.0,0.836,1.0,1.0,0.582,0.72,1
CUST_00557,29,Male,Tanga,Muslim,Others,Primary,"1,000,001-2,000,000",M-Pesa,1,0.3,0.37,0.61,0.7,Huawei,China,Premium,New,1596100,8.7,Physical Store,Mobile Money,1,12,0.508,0.531,0.9,0.661,1.0,1.0,0.711,0.6,1
CUST_04150,27,Female,Dar es Salaam,Muslim,Others,Diploma,"1,000,001-2,000,000",M-Pesa,2,0.11,0.39,0.81,0.7,Apple,USA,Premium,New,1749865,8.5,Online,Cash,0,1,0.431,0.688,0.9,1.141,1.0,1.0,0.865,0.56,0
CUST_04191,38,Female,Dar es Salaam,Other,Haya,Bachelor,"<200,000",Halopesa,5,0.28,0.93,0.37,0.7,Tecno,China,Mid-Range,New,469412,7.0,Mobile,Mobile Money,1,2,0.0,0.259,1.0,0.567,1.0,1.0,0.294,0.73,1
CUST_01196,29,Female,Mwanza,Muslim,Others,No formal,"200,000-500,000",Tigo Pesa,2,0.17,0.88,0.42,0.3,Huawei,China,Premium,New,2197642,9.5,Physical Store,Mobile Money,0,2,0.0,0.399,0.9,0.992,1.0,1.0,0.293,0.53,1
CUST_02891,38,Male,Arusha,Christian,Others,Secondary,"<200,000",M-Pesa,2,0.15,0.99,0.84,0.5,Itel,China,Budget,Used,41616,3.3,Physical Store,Cash,0,1,0.725,0.277,1.0,0.804,0.6,1.0,0.717,0.59,1
CUST_04811,23,Male,Dar es Salaam,Muslim,Sukuma,Secondary,"500,001-1,000,000",Airtel Money,4,0.13,0.57,0.35,0.0,Huawei,China,Premium,New,1082160,8.0,Physical Store,Cash,1,11,0.486,0.28,0.9,0.664,1.0,1.0,0.642,0.66,1
CUST_04574,40,Female,Dodoma,Christian,Others,Primary,"<200,000",Tigo Pesa,4,0.19,0.72,0.67,0.5,Nokia,Finland,Mid-Range,New,596207,6.9,Physical Store,Cash,0,1,0.0,0.462,1.0,0.643,1.0,1.0,0.481,0.69,1
CUST_01871,33,Male,Dar es Salaam,Christian,Others,Secondary,"500,001-1,000,000",M-Pesa,2,0.07,0.72,0.85,0.0,Tecno,China,Mid-Range,New,404137,7.9,Physical Store,Card,0,2,0.273,0.672,1.0,0.973,1.0,1.0,0.666,0.79,1
CUST_02819,19,Male,Dar es Salaam,Muslim,Others,Diploma,"1,000,001-2,000,000",Halopesa,2,0.53,0.16,0.76,0.3,Vivo,China,Mid-Range,New,308268,6.5,Physical Store,Mobile Money,0,1,0.877,0.494,0.9,0.891,1.0,1.0,0.603,0.73,1
CUST_03596,31,Female,Arusha,Muslim,Others,Secondary,"200,000-500,000",M-Pesa,2,0.48,0.76,0.41,0.3,Oppo,China,Mid-Range,New,315985,6.5,Physical Store,Cash,1,2,0.4,0.266,0.9,0.958,1.0,1.0,0.616,0.73,1
CUST_00201,15,Female,Dar es Salaam,Muslim,Nyamwezi,Diploma,"500,001-1,000,000",Airtel Money,2,0.47,0.41,0.46,0.0,Nokia,Finland,Mid-Range,New,382055,7.3,Physical Store,Cash,0,1,0.608,0.336,0.9,0.901,1.0,1.0,0.871,0.76,1
CUST_01005,31,Male,Arusha,Christian,Nyamwezi,Secondary,">2,000,000",None,3,0.23,0.34,0.76,0.5,Infinix,China,Mid-Range,Used,156105,5.5,Physical Store,Mobile Money,0,1,0.867,0.418,1.0,0.707,0.6,1.0,0.698,0.7,1
CUST_01723,15,Female,Tanga,Muslim,Others,No formal,"500,001-1,000,000",M-Pesa,2,0.56,0.62,0.81,0.3,Huawei,China,Premium,New,1725195,8.9,Physical Store,Mobile Money,1,2,0.109,0.721,0.9,0.664,1.0,1.0,0.468,0.59,1
CUST_02437,43,Female,Tanga,Christian,Sukuma,No formal,"<200,000",Tigo Pesa,3,0.31,0.92,0.47,0.3,Xiaomi,China,Mid-Range,Used,301777,6.0,Online,Cash,0,2,0.306,0.282,1.0,0.531,0.6,1.0,0.388,0.7,0
CUST_04687,39,Female,Dar es Salaam,Christian,Chagga,Secondary,"<200,000",Airtel Money,2,0.21,0.8,0.64,0.3,Huawei,China,Premium,New,2325487,9.4,Physical Store,Cash,0,1,0.0,0.602,1.0,0.636,1.0,1.0,0.431,0.5,1
CUST_00931,37,Female,Dar es Salaam,Christian,Others,Diploma,"1,000,001-2,000,000",M-Pesa,2,0.17,0.31,0.81,0.5,Tecno,China,Mid-Range,New,569949,6.1,Physical Store,Mobile Money,0,2,0.558,0.494,1.0,0.508,1.0,1.0,0.815,0.65,1
CUST_02274,28,Male,Dar es Salaam,Christian,Others,Secondary,"200,000-500,000",Airtel Money,4,0.11,0.8,0.51,0.7,Vivo,China,Mid-Range,New,483683,6.3,Physical Store,Cash,0,2,0.033,0.321,1.0,0.781,1.0,1.0,0.519,0.68,1
CUST_00248,15,Male,Dar es Salaam,Christian,Others,Secondary,"1,000,001-2,000,000",None,3,0.13,0.37,0.71,0.3,Samsung,South Korea,Premium,New,1209060,8.1,Physical Store,Cash,0,2,0.627,0.575,1.0,0.638,1.0,1.0,0.899,0.64,1
CUST_03098,52,Male,Dar es Salaam,Muslim,Others,Secondary,"<200,000",Tigo Pesa,3,0.04,0.89,0.84,1.0,Oppo,China,Mid-Range,New,416549,7.2,Physical Store,Mobile Money,0,2,0.073,0.605,0.9,0.629,1.0,0.8,0.537,0.75,1
CUST_01172,18,Female,Mbeya,Christian,Gogo,Secondary,"<200,000",Tigo Pesa,4,0.27,0.98,0.34,0.3,Oppo,China,Mid-Range,New,575207,6.4,Mobile,Cash,1,1,0.0,0.218,1.0,0.524,1.0,1.0,0.486,0.67,1
CUST_04287,27,Female,Dodoma,Christian,Others,No formal,"500,001-1,000,000",Tigo Pesa,1,0.35,0.65,0.39,0.5,Huawei,China,Premium,New,810583,9.3,Physical Store,Mobile Money,1,2,0.561,0.363,1.0,0.518,1.0,1.0,0.661,0.8,1
CUST_01464,36,Female,Zanzibar,Christian,Others,Primary,"<200,000",Tigo Pesa,2,0.48,0.86,0.31,0.3,Xiaomi,China,Mid-Range,New,387508,6.1,Physical Store,Cash,0,2,0.167,0.189,1.0,0.783,1.0,1.0,0.585,0.69,0
CUST_02013,34,Male,Arusha,Christian,Gogo,Primary,"<200,000",M-Pesa,4,0.25,0.92,0.43,0.0,Xiaomi,China,Mid-Range,Used,153237,5.5,Online,Cash,0,2,0.648,0.237,1.0,0.811,0.6,1.0,0.551,0.7,1
CUST_02759,39,Male,Morogoro,Christian,Chagga,No formal,"<200,000",M-Pesa,5,0.44,0.73,0.73,0.0,Nokia,Finland,Mid-Range,New,464450,7.4,Physical Store,Mobile Money,1,2,0.152,0.54,1.0,0.522,1.0,1.0,0.308,0.75,1
CUST_04526,24,Female,Dar es Salaam,Christian,Others,No formal,"200,000-500,000",Airtel Money,4,0.17,0.79,0.39,0.5,Samsung,South Korea,Premium,New,1002952,8.3,Physical Store,Mobile Money,0,1,0.34,0.324,1.0,0.644,1.0,1.0,0.551,0.7,1
CUST_04283,20,Female,Zanzibar,Christian,Others,Diploma,"1,000,001-2,000,000",M-Pesa,4,0.2,0.17,0.57,0.7,Tecno,China,Mid-Range,Used,277740,5.7,Physical Store,Cash,1,2,0.882,0.325,1.0,0.779,0.6,1.0,0.784,0.69,1
CUST_04242,27,Male,Tanga,Christian,Makonde,Secondary,">2,000,000",None,4,0.41,0.17,0.7,0.3,Vivo,China,Mid-Range,New,293289,6.0,Physical Store,Mobile Money,0,9,0.875,0.42,1.0,0.612,1.0,1.0,0.931,0.7,1
CUST_04824,36,Male,Arusha,Muslim,Others,Bachelor,"200,000-500,000",Halopesa,2,0.05,0.95,0.78,0.3,Samsung,South Korea,Premium,New,1058926,8.4,Physical Store,Cash,0,2,0.162,0.655,0.9,1.158,1.0,1.0,0.609,0.69,1
CUST_04484,33,Male,Arusha,Muslim,Sukuma,Diploma,"200,000-500,000",Airtel Money,3,0.34,0.75,0.84,0.7,Itel,China,Budget,New,118139,6.5,Physical Store,Mobile Money,0,2,0.409,0.546,0.9,0.602,1.0,1.0,0.654,0.77,1
CUST_03450,17,Male,Mbeya,Christian,Others,Primary,"1,000,001-2,000,000",M-Pesa,4,0.21,0.13,0.78,0.0,Apple,USA,Premium,New,803410,8.0,Physical Store,Card,0,1,0.913,0.624,1.0,1.16,1.0,1.0,0.828,0.72,1
CUST_03013,27,Male,Tanga,Muslim,Makonde,Primary,"500,001-1,000,000",M-Pesa,5,0.4,0.7,0.73,0.5,Infinix,China,Mid-Range,Used,171530,6.0,Physical Store,Cash,0,2,0.7,0.438,0.9,0.633,0.6,1.0,0.724,0.73,1
CUST_00683,31,Male,Dar es Salaam,Christian,Chagga,Secondary,"500,001-1,000,000",Halopesa,2,0.41,0.74,0.53,0.5,Itel,China,Budget,New,158848,5.8,Physical Store,Cash,1,2,0.216,0.307,1.0,0.939,1.0,1.0,0.71,0.72,1
CUST_03827,26,Male,Mbeya,Christian,Others,Secondary,"200,000-500,000",M-Pesa,4,0.37,0.86,0.43,0.5,Nokia,Finland,Mid-Range,New,481903,6.9,Physical Store,Mobile Money,0,2,0.0,0.297,1.0,0.651,1.0,1.0,0.62,0.72,1
CUST_02106,45,Male,Morogoro,Christian,Others,Primary,"500,001-1,000,000",M-Pesa,3,0.32,0.5,0.85,0.3,Infinix,China,Mid-Range,New,340407,7.0,Physical Store,Mobile Money,0,1,0.574,0.595,1.0,0.699,1.0,1.0,0.831,0.75,1
CUST_02662,50,Male,Zanzibar,Muslim,Others,Primary,"200,000-500,000",Halopesa,5,0.06,0.75,0.54,0.3,Tecno,China,Mid-Range,Used,413981,5.7,Physical Store,Mobile Money,1,12,0.224,0.308,0.9,0.674,0.6,1.0,0.352,0.66,1
CUST_01509,36,Female,Tanga,Christian,Others,Diploma,"<200,000",Tigo Pesa,5,0.33,0.96,0.49,0.0,Infinix,China,Mid-Range,New,348777,6.6,Online,Mobile Money,0,2,0.163,0.323,1.0,0.518,1.0,1.0,0.593,0.73,0
CUST_03224,15,Female,Morogoro,Muslim,Others,Diploma,"500,001-1,000,000",Tigo Pesa,4,0.23,0.69,0.83,0.3,Tecno,China,Mid-Range,New,264043,6.5,Physical Store,Cash,0,2,0.545,0.54,0.9,0.553,1.0,1.0,0.636,0.74,1
CUST_00084,15,Female,Dodoma,Muslim,Makonde,Diploma,"200,000-500,000",Halopesa,2,0.26,0.98,0.32,0.0,Huawei,China,Premium,New,1368286,9.6,Physical Store,Cash,0,11,0.0,0.307,0.9,0.527,1.0,1.0,0.387,0.7,1
CUST_01987,30,Male,Tanga,Christian,Others,Primary,"<200,000",Tigo Pesa,4,0.46,0.77,0.84,0.5,Xiaomi,China,Mid-Range,New,369350,6.4,Physical Store,Cash,0,1,0.289,0.538,1.0,0.544,1.0,1.0,0.76,0.71,1
CUST_04545,23,Female,Dar es Salaam,Christian,Others,Secondary,"200,000-500,000",M-Pesa,4,0.12,0.8,0.85,0.5,Nokia,Finland,Mid-Range,New,262234,7.1,Physical Store,Mobile Money,0,1,0.476,0.603,1.0,0.72,1.0,1.0,0.737,0.77,1
CUST_04656,27,Female,Dar es Salaam,Muslim,Gogo,Primary,"200,000-500,000",M-Pesa,5,0.17,0.88,0.61,0.0,Apple,USA,Premium,New,2173442,9.8,Physical Store,Cash,1,2,0.0,0.598,0.9,0.852,1.0,1.0,0.521,0.55,1
CUST_02015,19,Male,Dar es Salaam,Christian,Sukuma,Secondary,"500,001-1,000,000",Tigo Pesa,5,0.15,0.68,0.86,0.5,Tecno,China,Mid-Range,New,431015,7.8,Online,Cash,0,1,0.267,0.671,1.0,0.843,1.0,1.0,0.674,0.78,1
CUST_01215,41,Female,Zanzibar,Other,Others,Primary,"200,000-500,000",Halopesa,5,0.05,0.93,0.79,0.0,Apple,USA,Premium,New,1057419,9.0,Physical Store,Card,0,2,0.181,0.711,1.0,1.023,1.0,1.0,0.677,0.73,1
CUST_01848,20,Male,Arusha,Other,Others,Secondary,"200,000-500,000",Airtel Money,4,0.25,0.93,0.54,0.7,Tecno,China,Mid-Range,New,275982,7.9,Online,Cash,1,2,0.358,0.427,1.0,0.676,1.0,1.0,0.543,0.82,1
CUST_01421,30,Male,Morogoro,Christian,Others,Primary,"500,001-1,000,000",Airtel Money,2,0.13,0.52,0.42,0.3,Apple,USA,Premium,New,1780127,9.4,Physical Store,Cash,0,12,0.229,0.395,1.0,1.195,1.0,1.0,0.566,0.61,0
CUST_01386,25,Male,Dodoma,Christian,Gogo,Secondary,"200,000-500,000",Tigo Pesa,4,0.01,0.8,0.69,0.0,Xiaomi,China,Mid-Range,New,272412,7.6,Physical Store,Cash,1,2,0.455,0.524,1.0,0.831,1.0,1.0,0.714,0.8,1
CUST_03792,26,Male,Mwanza,Christian,Others,Primary,"1,000,001-2,000,000",M-Pesa,4,0.18,0.23,0.77,0.5,Oppo,China,Mid-Range,New,254864,7.5,Online,Cash,0,12,0.853,0.578,1.0,0.79,1.0,1.0,0.85,0.8,1
CUST_03853,18,Female,Arusha,Christian,Others,Diploma,"200,000-500,000",M-Pesa,3,0.36,0.73,0.49,0.7,Oppo,China,Mid-Range,New,463498,7.7,Physical Store,Mobile Money,1,1,0.154,0.377,1.0,0.643,1.0,1.0,0.653,0.77,1
CUST_02351,18,Female,Morogoro,Christian,Haya,Primary,"<200,000",Airtel Money,1,0.5,0.84,0.66,0.5,Nokia,Finland,Mid-Range,New,493788,6.4,Physical Store,Mobile Money,0,2,0.0,0.422,1.0,0.717,1.0,1.0,0.501,0.69,1
CUST_01947,35,Female,Dar es Salaam,Christian,Others,Secondary,"500,001-1,000,000",M-Pesa,1,0.39,0.72,0.86,1.0,Apple,USA,Premium,New,789449,8.6,Physical Store,Cash,1,2,0.526,0.74,1.0,0.779,1.0,0.8,0.868,0.76,1
CUST_01658,18,Female,Arusha,Christian,Others,Diploma,"200,000-500,000",Airtel Money,3,0.08,0.76,0.79,0.3,Samsung,South Korea,Premium,New,2168007,8.6,Online,Mobile Money,0,1,0.0,0.679,1.0,0.675,1.0,1.0,0.373,0.48,1
CUST_01309,30,Male,Mbeya,Muslim,Nyamwezi,Bachelor,"200,000-500,000",Airtel Money,5,0.29,0.7,0.87,0.5,Nokia,Finland,Mid-Range,New,508612,6.4,Physical Store,Mobile Money,0,2,0.11,0.557,0.9,0.692,1.0,1.0,0.558,0.68,1
CUST_03482,32,Female,Dar es Salaam,Christian,Others,Primary,"200,000-500,000",Airtel Money,3,0.21,0.75,0.65,0.0,Nokia,Finland,Mid-Range,Used,401078,5.6,Physical Store,Card,0,11,0.248,0.364,1.0,0.631,0.6,1.0,0.569,0.66,1
CUST_01608,30,Female,Zanzibar,Christian,Haya,No formal,"200,000-500,000",Tigo Pesa,3,0.31,0.87,0.68,0.0,Infinix,China,Mid-Range,New,305934,7.6,Physical Store,Cash,0,1,0.335,0.517,1.0,0.897,1.0,1.0,0.511,0.79,1
CUST_01177,34,Male,Mwanza,Christian,Nyamwezi,Primary,"200,000-500,000",M-Pesa,5,0.3,0.86,0.89,0.5,Huawei,China,Premium,New,2010292,8.4,Physical Store,Cash,1,10,0.0,0.748,1.0,0.866,1.0,1.0,0.498,0.5,1
CUST_02990,31,Male,Dar es Salaam,Christian,Others,No formal,"1,000,001-2,000,000",M-Pesa,4,0.43,0.26,0.31,0.7,Tecno,China,Mid-Range,New,307773,7.8,Online,Mobile Money,0,2,0.8,0.242,1.0,0.687,1.0,1.0,0.792,0.81,1
CUST_01185,15,Female,Tanga,Muslim,Others,Primary,"200,000-500,000",M-Pesa,3,0.17,0.71,0.43,0.0,Huawei,China,Premium,New,2420245,9.9,Online,Mobile Money,0,2,0.0,0.426,0.9,0.809,1.0,1.0,0.556,0.51,0
CUST_04155,16,Male,Dar es Salaam,Christian,Chagga,Secondary,"200,000-500,000",M-Pesa,3,0.21,0.8,0.81,0.7,Nokia,Finland,Mid-Range,New,547073,7.6,Online,Mobile Money,1,2,0.0,0.616,1.0,0.565,1.0,1.0,0.275,0.75,1
CUST_03940,40,Female,Dar es Salaam,Christian,Gogo,Secondary,"200,000-500,000",M-Pesa,4,0.27,0.74,0.67,0.3,Infinix,China,Mid-Range,New,406024,6.5,Physical Store,Card,0,1,0.249,0.436,1.0,0.994,1.0,1.0,0.629,0.71,1
CUST_00630,31,Female,Dar es Salaam,Muslim,Others,Primary,"200,000-500,000",Halopesa,4,0.26,0.76,0.43,0.5,Tecno,China,Mid-Range,New,417856,8.0,Physical Store,Cash,0,12,0.206,0.344,0.9,0.762,1.0,1.0,0.556,0.8,1
CUST_00647,26,Female,Dar es Salaam,Muslim,Haya,Secondary,"500,001-1,000,000",M-Pesa,2,0.1,0.43,0.43,0.0,Samsung,South Korea,Premium,New,1406310,8.5,Physical Store,Cash,0,1,0.496,0.366,0.9,0.756,1.0,1.0,0.596,0.63,1
CUST_02303,15,Female,Mbeya,Muslim,Others,No formal,"200,000-500,000",Tigo Pesa,3,0.53,0.9,0.81,0.3,Tecno,China,Mid-Range,New,253418,7.9,Mobile,Mobile Money,0,12,0.43,0.64,0.9,0.572,1.0,1.0,0.716,0.82,1
CUST_04052,36,Male,Dar es Salaam,Christian,Others,Diploma,"200,000-500,000",Airtel Money,3,0.17,0.89,0.48,0.5,Infinix,China,Mid-Range,New,327636,7.8,Physical Store,Cash,0,2,0.271,0.374,1.0,0.684,1.0,1.0,0.644,0.8,1
CUST_01984,33,Male,Tanga,Christian,Sukuma,Secondary,"1,000,001-2,000,000",Tigo Pesa,3,0.25,0.34,0.47,0.7,Huawei,China,Premium,New,709325,8.2,Online,Cash,0,12,0.799,0.385,1.0,0.823,1.0,1.0,0.84,0.75,1
CUST_03429,23,Male,Mwanza,Other,Sukuma,Secondary,"1,000,001-2,000,000",M-Pesa,4,0.46,0.21,0.43,0.3,Huawei,China,Premium,New,874851,9.9,Physical Store,Mobile Money,0,2,0.847,0.426,1.0,0.743,1.0,1.0,0.869,0.82,1
CUST_02897,24,Female,Mbeya,Christian,Haya,No formal,"200,000-500,000",M-Pesa,3,0.21,0.9,0.77,0.0,Nokia,Finland,Mid-Range,Used,378382,6.2,Physical Store,Mobile Money,0,1,0.149,0.477,1.0,0.672,0.6,1.0,0.365,0.7,1
CUST_02152,24,Male,Dodoma,Christian,Others,Primary,"200,000-500,000",Halopesa,3,0.26,0.98,0.41,0.5,Nokia,Finland,Mid-Range,New,442851,6.4,Physical Store,Mobile Money,0,2,0.0,0.262,1.0,0.849,1.0,1.0,0.498,0.7,1
CUST_01433,30,Female,Morogoro,Christian,Others,Secondary,"200,000-500,000",Airtel Money,3,0.63,0.99,0.78,0.0,Huawei,China,Premium,New,724109,9.8,Physical Store,Card,1,11,0.403,0.764,1.0,0.707,1.0,1.0,0.762,0.84,1
CUST_00167,31,Female,Zanzibar,Other,Nyamwezi,Bachelor,"1,000,001-2,000,000",None,3,0.39,0.36,0.7,0.0,Itel,China,Budget,New,123758,4.0,Physical Store,Cash,0,1,0.703,0.28,1.0,0.798,1.0,1.0,0.665,0.62,1
CUST_03910,31,Female,Arusha,Christian,Others,Diploma,"200,000-500,000",Airtel Money,2,0.05,0.9,0.73,0.7,Samsung,South Korea,Premium,New,2293985,8.8,Physical Store,Cash,0,1,0.0,0.642,1.0,1.154,1.0,1.0,0.423,0.47,1
CUST_00770,35,Male,Dar es Salaam,Christian,Nyamwezi,Secondary,"500,001-1,000,000",M-Pesa,3,0.2,0.69,0.41,0.5,Samsung,South Korea,Premium,New,834785,8.6,Physical Store,Cash,0,1,0.52,0.353,1.0,0.782,1.0,1.0,0.55,0.75,1
CUST_03227,23,Male,Mwanza,Muslim,Nyamwezi,Bachelor,"1,000,001-2,000,000",M-Pesa,3,0.43,0.46,0.64,0.3,Itel,China,Budget,New,92205,6.9,Mobile,Mobile Money,1,2,0.717,0.442,0.9,0.827,1.0,1.0,0.724,0.8,1
CUST_01315,26,Female,Dar es Salaam,Christian,Chagga,Secondary,"200,000-500,000",M-Pesa,2,0.31,0.92,0.74,0.7,Apple,USA,Premium,New,919472,9.3,Physical Store,Card,0,11,0.295,0.688,1.0,0.894,1.0,1.0,0.589,0.77,1
CUST_03705,42,Female,Mbeya,Christian,Others,Diploma,"200,000-500,000",Airtel Money,2,0.25,0.92,0.54,0.0,Xiaomi,China,Mid-Range,New,332130,7.9,Physical Store,Cash,0,1,0.236,0.427,1.0,0.855,1.0,1.0,0.637,0.81,1
CUST_00957,22,Female,Mbeya,Muslim,Gogo,Primary,"500,001-1,000,000",Halopesa,5,0.15,0.76,0.88,0.3,Tecno,China,Mid-Range,Used,347689,6.6,Physical Store,Cash,1,2,0.339,0.581,0.9,0.723,0.6,1.0,0.631,0.73,1
CUST_00547,24,Male,Dar es Salaam,Christian,Gogo,Secondary,"500,001-1,000,000",Airtel Money,4,0.29,0.78,0.71,0.5,Tecno,China,Mid-Range,New,292649,8.0,Physical Store,Mobile Money,0,2,0.429,0.568,1.0,0.822,1.0,1.0,0.603,0.82,1
CUST_01390,29,Male,Dar es Salaam,Christian,Nyamwezi,Diploma,"200,000-500,000",Tigo Pesa,4,0.52,0.79,0.35,0.3,Huawei,China,Premium,New,2027863,9.3,Physical Store,Cash,0,2,0.0,0.326,1.0,0.805,1.0,1.0,0.614,0.55,1
CUST_00075,34,Male,Mbeya,Muslim,Makonde,No formal,"500,001-1,000,000",Tigo Pesa,2,0.16,0.72,0.49,0.3,Infinix,China,Mid-Range,New,276610,7.5,Online,Mobile Money,0,2,0.502,0.368,0.9,0.636,1.0,1.0,0.65,0.79,1
CUST_00590,29,Male,Dar es Salaam,Christian,Others,Secondary,"200,000-500,000",Halopesa,2,0.08,0.88,0.62,0.0,Apple,USA,Premium,New,1706318,9.5,Physical Store,Cash,0,2,0.0,0.589,1.0,0.638,1.0,1.0,0.541,0.63,1
CUST_03069,37,Female,Arusha,Muslim,Others,Primary,"500,001-1,000,000",None,4,0.51,0.69,0.76,0.5,Huawei,China,Premium,New,1310692,9.6,Physical Store,Mobile Money,0,2,0.246,0.73,0.9,0.632,1.0,1.0,0.774,0.71,1
CUST_04110,26,Male,Morogoro,Muslim,Makonde,No formal,"1,000,001-2,000,000",Tigo Pesa,4,0.45,0.37,0.61,0.5,Oppo,China,Mid-Range,New,337941,6.4,Physical Store,Cash,0,12,0.687,0.39,0.9,0.691,1.0,1.0,0.77,0.72,1
CUST_02287,20,Female,Dar es Salaam,Muslim,Nyamwezi,Diploma,"500,001-1,000,000",Halopesa,3,0.23,0.61,0.31,0.3,Samsung,South Korea,Premium,New,693569,8.2,Physical Store,Cash,0,1,0.647,0.254,0.9,0.955,1.0,1.0,0.817,0.75,1
CUST_02786,48,Male,Dodoma,Christian,Others,Diploma,"<200,000",Airtel Money,4,0.18,0.8,0.3,0.0,Itel,China,Budget,New,120831,5.7,Physical Store,Cash,0,2,0.356,0.171,1.0,0.555,1.0,1.0,0.455,0.72,1
CUST_00577,29,Female,Dar es Salaam,Christian,Others,Secondary,"200,000-500,000",M-Pesa,3,0.21,0.86,0.79,0.5,Apple,USA,Premium,New,1515561,9.3,Physical Store,Cash,0,2,0.0,0.735,1.0,0.685,1.0,1.0,0.395,0.65,1
CUST_02343,20,Female,Mwanza,Muslim,Others,No formal,"1,000,001-2,000,000",M-Pesa,4,0.23,0.36,0.77,0.0,Infinix,China,Mid-Range,New,583234,6.2,Physical Store,Mobile Money,0,1,0.475,0.477,0.9,0.925,1.0,1.0,0.586,0.66,1
CUST_04715,20,Female,Arusha,Muslim,Chagga,Diploma,"<200,000",Airtel Money,2,0.08,0.88,0.54,0.0,Nokia,Finland,Mid-Range,Used,161483,6.6,Physical Store,Cash,0,2,0.645,0.356,0.9,0.572,0.6,1.0,0.54,0.76,1
CUST_03315,19,Female,Arusha,Muslim,Others,Primary,">2,000,000",Airtel Money,4,0.2,0.12,0.51,0.3,Vivo,China,Mid-Range,New,573166,7.7,Physical Store,Mobile Money,1,1,0.828,0.393,0.9,0.61,1.0,1.0,0.719,0.75,1
CUST_01730,19,Female,Zanzibar,Christian,Others,Primary,"<200,000",Halopesa,2,0.01,0.76,0.51,0.0,Tecno,China,Mid-Range,New,252794,6.3,Physical Store,Cash,0,1,0.52,0.321,1.0,0.982,1.0,1.0,0.433,0.73,1
CUST_02495,37,Male,Mwanza,Christian,Nyamwezi,Secondary,"500,001-1,000,000",M-Pesa,3,0.37,0.67,0.46,0.7,Oppo,China,Mid-Range,New,528816,6.3,Physical Store,Cash,0,1,0.114,0.29,1.0,0.972,1.0,1.0,0.432,0.67,1
CUST_01184,22,Female,Mwanza,Christian,Others,Secondary,"500,001-1,000,000",None,2,0.14,0.45,0.49,0.3,Oppo,China,Mid-Range,New,394394,6.3,Physical Store,Mobile Money,0,2,0.556,0.309,1.0,0.919,1.0,1.0,0.565,0.7,1
CUST_02621,15,Female,Morogoro,Christian,Sukuma,Secondary,"200,000-500,000",Tigo Pesa,2,0.39,0.79,0.87,0.5,Infinix,China,Mid-Range,New,330980,7.7,Physical Store,Mobile Money,0,12,0.346,0.67,1.0,0.896,1.0,1.0,0.697,0.8,0
CUST_00860,33,Male,Mwanza,Christian,Others,Diploma,"1,000,001-2,000,000",Halopesa,2,0.38,0.43,0.57,0.5,Huawei,China,Premium,New,932917,8.5,Physical Store,Mobile Money,0,1,0.666,0.484,1.0,0.882,1.0,1.0,0.734,0.72,1
CUST_01214,28,Male,Dodoma,Other,Gogo,Primary,"200,000-500,000",M-Pesa,3,0.15,0.76,0.45,0.0,Infinix,China,Mid-Range,New,462738,6.1,Physical Store,Mobile Money,1,2,0.121,0.274,1.0,0.902,1.0,1.0,0.384,0.67,0
CUST_00311,42,Male,Dar es Salaam,Christian,Makonde,Primary,"200,000-500,000",M-Pesa,3,0.41,0.82,0.6,0.0,Tecno,China,Mid-Range,New,439167,7.9,Physical Store,Cash,0,2,0.1,0.474,1.0,0.659,1.0,1.0,0.613,0.79,1
CUST_02496,29,Female,Dar es Salaam,Christian,Chagga,Diploma,"1,000,001-2,000,000",Tigo Pesa,4,0.15,0.49,0.82,0.5,Apple,USA,Premium,New,1092474,9.9,Online,Mobile Money,0,2,0.554,0.812,1.0,0.6,1.0,1.0,0.651,0.78,1
CUST_03720,16,Male,Zanzibar,Christian,Sukuma,Diploma,"<200,000",Tigo Pesa,5,0.11,0.84,0.72,0.5,Itel,China,Budget,New,239567,4.5,Physical Store,Cash,0,1,0.0,0.324,1.0,0.529,1.0,1.0,0.563,0.62,1
CUST_02442,29,Male,Dodoma,Christian,Gogo,Diploma,"200,000-500,000",Tigo Pesa,3,0.41,0.78,0.9,0.3,Tecno,China,Mid-Range,New,376228,7.2,Physical Store,Cash,0,1,0.266,0.648,1.0,0.572,1.0,1.0,0.5,0.76,1
CUST_02475,15,Male,Mwanza,Muslim,Others,Diploma,"<200,000",None,1,0.48,0.92,0.51,0.0,Oppo,China,Mid-Range,New,573433,6.2,Physical Store,Cash,0,2,0.0,0.316,0.9,0.792,1.0,1.0,0.466,0.66,1
CUST_04771,35,Female,Dar es Salaam,Muslim,Haya,Diploma,"<200,000",Airtel Money,2,0.15,0.75,0.81,0.3,Huawei,China,Premium,New,920515,9.8,Mobile,Mobile Money,0,2,0.425,0.794,0.9,0.75,1.0,1.0,0.568,0.8,1
CUST_03031,20,Male,Tanga,Christian,Nyamwezi,Diploma,"200,000-500,000",Tigo Pesa,2,0.22,0.86,0.35,0.5,Samsung,South Korea,Premium,New,837630,8.4,Physical Store,Cash,0,1,0.4,0.294,1.0,0.814,1.0,1.0,0.781,0.74,1
CUST_04449,45,Female,Morogoro,Christian,Chagga,Diploma,"<200,000",M-Pesa,3,0.3,0.83,0.68,1.0,Samsung,South Korea,Premium,New,902380,8.9,Physical Store,Cash,1,2,0.376,0.605,1.0,1.149,1.0,0.8,0.617,0.75,1
CUST_04367,27,Female,Morogoro,Muslim,Others,Secondary,"<200,000",M-Pesa,4,0.28,0.76,0.66,0.3,Huawei,China,Premium,New,1824361,8.5,Mobile,Card,0,2,0.0,0.561,0.9,0.933,1.0,1.0,0.58,0.55,1
CUST_03970,33,Female,Mwanza,Muslim,Sukuma,Secondary,"1,000,001-2,000,000",Airtel Money,4,0.29,0.37,0.36,0.3,Oppo,China,Mid-Range,New,377927,6.2,Physical Store,Cash,0,1,0.65,0.223,0.9,0.902,1.0,1.0,0.494,0.7,0
CUST_03314,32,Female,Tanga,Muslim,Others,Secondary,"200,000-500,000",Halopesa,2,0.07,0.71,0.86,0.3,Tecno,China,Mid-Range,New,549315,7.3,Physical Store,Mobile Money,0,1,0.025,0.628,0.9,0.629,1.0,1.0,0.271,0.73,1
CUST_04716,34,Female,Mwanza,Christian,Haya,Primary,"1,000,001-2,000,000",M-Pesa,4,0.36,0.41,0.84,0.0,Oppo,China,Mid-Range,Used,313305,6.4,Online,Card,0,2,0.679,0.538,1.0,0.661,0.6,1.0,0.849,0.72,0
CUST_01641,19,Female,Arusha,Christian,Sukuma,Secondary,"<200,000",Airtel Money,3,0.44,0.91,0.63,0.0,Tecno,China,Mid-Range,New,469975,6.9,Physical Store,Mobile Money,0,2,0.0,0.435,1.0,0.565,1.0,1.0,0.534,0.72,1
CUST_02830,41,Female,Mbeya,Christian,Others,Bachelor,"200,000-500,000",Halopesa,3,0.35,0.77,0.37,0.7,Apple,USA,Premium,New,1997690,9.9,Physical Store,Cash,0,2,0.0,0.366,1.0,1.17,1.0,1.0,0.588,0.59,1
CUST_00917,15,Female,Mwanza,Muslim,Sukuma,Secondary,"<200,000",Airtel Money,3,0.46,0.89,0.74,0.7,Oppo,China,Mid-Range,New,496838,7.7,Online,Cash,0,1,0.0,0.57,0.9,0.755,1.0,1.0,0.368,0.76,1
CUST_01840,42,Male,Mbeya,Christian,Others,Bachelor,"500,001-1,000,000",M-Pesa,4,0.41,0.48,0.51,0.7,Vivo,China,Mid-Range,Used,187444,6.1,Online,Mobile Money,0,2,0.775,0.311,1.0,0.84,0.6,1.0,0.593,0.73,1
CUST_00165,15,Male,Dar es Salaam,Muslim,Makonde,Bachelor,"200,000-500,000",M-Pesa,3,0.17,0.84,0.63,0.3,Huawei,China,Premium,New,1590098,8.7,Physical Store,Cash,0,2,0.0,0.548,0.9,0.866,1.0,1.0,0.4,0.6,1
CUST_02537,27,Female,Arusha,Christian,Others,Primary,"200,000-500,000",Tigo Pesa,1,0.3,0.96,0.52,0.3,Apple,USA,Premium,New,2065207,8.7,Physical Store,Cash,0,1,0.0,0.452,1.0,0.929,1.0,1.0,0.48,0.51,1
CUST_02212,32,Female,Zanzibar,Muslim,Others,No formal,"500,001-1,000,000",Tigo Pesa,4,0.63,0.46,0.54,0.3,Itel,China,Budget,New,136060,4.1,Online,Card,1,2,0.583,0.221,0.9,0.521,1.0,1.0,0.682,0.62,0
CUST_00048,45,Female,Dar es Salaam,Muslim,Others,Secondary,"<200,000",Tigo Pesa,4,0.33,0.84,0.37,1.0,Infinix,China,Mid-Range,New,309612,6.2,Physical Store,Mobile Money,1,2,0.35,0.229,0.9,0.999,1.0,0.8,0.498,0.71,1
CUST_02174,20,Male,Morogoro,Christian,Others,Secondary,"200,000-500,000",M-Pesa,2,0.34,0.82,0.36,1.0,Vivo,China,Mid-Range,Used,346969,6.4,Physical Store,Mobile Money,1,2,0.289,0.23,1.0,0.539,0.6,0.8,0.392,0.71,1
CUST_03914,28,Female,Tanga,Muslim,Sukuma,Bachelor,"200,000-500,000",Tigo Pesa,5,0.4,0.72,0.89,0.5,Infinix,China,Mid-Range,New,457445,7.0,Online,Cash,0,2,0.177,0.623,0.9,0.697,1.0,1.0,0.582,0.73,1
CUST_01677,25,Male,Arusha,Christian,Others,Secondary,"500,001-1,000,000",M-Pesa,3,0.27,0.67,0.61,0.3,Huawei,China,Premium,New,1468909,9.4,Online,Cash,1,1,0.18,0.573,1.0,0.755,1.0,1.0,0.482,0.67,1
CUST_00402,23,Female,Morogoro,Christian,Sukuma,Diploma,"200,000-500,000",None,4,0.09,0.73,0.3,0.3,Vivo,China,Mid-Range,New,382614,7.4,Physical Store,Mobile Money,0,2,0.302,0.222,1.0,0.558,1.0,1.0,0.422,0.77,0
CUST_00735,29,Female,Morogoro,Christian,Others,Diploma,"200,000-500,000",Tigo Pesa,2,0.26,0.82,0.46,1.0,Huawei,China,Premium,New,2257439,9.9,Physical Store,Mobile Money,0,2,0.0,0.455,1.0,0.641,1.0,0.8,0.377,0.54,1
CUST_02509,52,Female,Mbeya,Christian,Others,Diploma,"200,000-500,000",M-Pesa,3,0.31,0.85,0.37,0.5,Huawei,China,Premium,New,1294060,9.5,Physical Store,Mobile Money,1,1,0.083,0.352,1.0,0.833,1.0,1.0,0.73,0.71,1
CUST_00482,48,Female,Morogoro,Muslim,Sukuma,Secondary,"1,000,001-2,000,000",M-Pesa,2,0.05,0.26,0.33,0.7,Samsung,South Korea,Premium,New,2208000,9.9,Physical Store,Mobile Money,0,2,0.522,0.327,0.9,1.069,1.0,1.0,0.595,0.55,1
CUST_03802,34,Male,Mwanza,Muslim,Haya,Primary,"500,001-1,000,000",M-Pesa,4,0.63,0.46,0.72,0.5,Samsung,South Korea,Premium,New,1956124,9.4,Physical Store,Card,1,2,0.25,0.677,0.9,0.717,1.0,1.0,0.456,0.57,1
CUST_02040,23,Female,Mwanza,Christian,Others,Diploma,"<200,000",M-Pesa,1,0.21,0.93,0.38,0.0,Samsung,South Korea,Premium,New,687563,8.2,Online,Mobile Money,0,2,0.467,0.312,1.0,1.184,1.0,1.0,0.722,0.75,1
CUST_04101,27,Male,Dar es Salaam,Christian,Haya,Secondary,"200,000-500,000",Airtel Money,4,0.16,0.91,0.62,0.5,Apple,USA,Premium,New,1672259,8.1,Physical Store,Mobile Money,0,2,0.0,0.502,1.0,0.751,1.0,1.0,0.745,0.55,1
CUST_00459,33,Female,Zanzibar,Christian,Chagga,Diploma,"500,001-1,000,000",M-Pesa,1,0.32,0.74,0.32,0.3,Apple,USA,Premium,New,966016,8.8,Physical Store,Mobile Money,0,1,0.404,0.282,1.0,0.808,1.0,1.0,0.542,0.73,1
CUST_00850,15,Male,Dar es Salaam,Muslim,Others,No formal,"200,000-500,000",M-Pesa,3,0.19,0.96,0.81,1.0,Vivo,China,Mid-Range,Used,442626,6.9,Physical Store,Cash,0,1,0.0,0.559,0.9,0.67,0.6,0.8,0.413,0.73,0
CUST_00877,49,Female,Morogoro,Christian,Haya,Secondary,"<200,000",Airtel Money,2,0.33,0.94,0.86,0.0,Samsung,South Korea,Premium,New,2006319,8.1,Online,Mobile Money,0,2,0.0,0.697,1.0,1.051,1.0,1.0,0.831,0.48,1
CUST_03625,23,Female,Arusha,Christian,Others,Secondary,"200,000-500,000",M-Pesa,1,0.13,0.94,0.39,0.0,Tecno,China,Mid-Range,New,391276,7.3,Physical Store,Cash,0,2,0.081,0.285,1.0,0.925,1.0,1.0,0.513,0.76,1
CUST_04715,20,Female,Arusha,Muslim,Chagga,Diploma,"<200,000",Airtel Money,2,0.08,0.88,0.54,0.0,Vivo,China,Mid-Range,New,348764,6.3,Online,Mobile Money,1,2,0.233,0.34,0.9,0.614,1.0,1.0,0.631,0.71,1
CUST_04764,15,Female,Dodoma,Muslim,Others,Primary,"500,001-1,000,000",M-Pesa,2,0.29,0.49,0.54,0.7,Tecno,China,Mid-Range,New,524389,6.3,Online,Mobile Money,1,2,0.358,0.34,0.9,0.887,1.0,1.0,0.656,0.67,1
CUST_03158,15,Male,Dar es Salaam,Christian,Others,Secondary,">2,000,000",Tigo Pesa,5,0.12,0.39,0.86,0.3,Huawei,China,Premium,New,1321137,8.2,Physical Store,Card,0,1,0.571,0.705,1.0,0.875,1.0,1.0,0.637,0.63,0
CUST_00615,15,Male,Mbeya,Christian,Others,Diploma,"200,000-500,000",Tigo Pesa,3,0.11,0.83,0.59,0.7,Infinix,China,Mid-Range,New,283109,6.1,Physical Store,Cash,0,2,0.413,0.36,1.0,0.508,1.0,1.0,0.535,0.71,1
CUST_03774,26,Male,Dar es Salaam,Christian,Others,No formal,"200,000-500,000",Airtel Money,2,0.22,0.72,0.64,0.3,Nokia,Finland,Mid-Range,New,514651,7.2,Physical Store,Mobile Money,0,1,0.074,0.461,1.0,0.683,1.0,1.0,0.475,0.73,0
CUST_03884,17,Female,Mwanza,Other,Others,Primary,"1,000,001-2,000,000",M-Pesa,4,0.19,0.46,0.42,0.3,Vivo,China,Mid-Range,New,341412,6.7,Online,Mobile Money,0,2,0.607,0.281,1.0,0.531,1.0,1.0,0.497,0.73,1
CUST_00721,23,Female,Dar es Salaam,Christian,Sukuma,No formal,"500,001-1,000,000",Tigo Pesa,2,0.08,0.55,0.68,0.5,Samsung,South Korea,Premium,New,1811005,9.1,Physical Store,Mobile Money,0,2,0.17,0.619,1.0,0.997,1.0,1.0,0.604,0.58,1
CUST_03368,35,Female,Mwanza,Christian,Others,Secondary,"<200,000",Tigo Pesa,4,0.64,0.84,0.46,0.3,Vivo,China,Mid-Range,New,314599,6.6,Physical Store,Cash,0,2,0.339,0.304,1.0,0.629,1.0,1.0,0.623,0.73,1
CUST_03396,35,Female,Dar es Salaam,Christian,Others,No formal,"500,001-1,000,000",M-Pesa,1,0.28,0.64,0.43,0.5,Samsung,South Korea,Premium,New,1290029,9.4,Online,Mobile Money,0,2,0.312,0.404,1.0,1.11,1.0,1.0,0.698,0.71,1
CUST_03499,16,Male,Arusha,Christian,Haya,No formal,"<200,000",Halopesa,3,0.11,0.91,0.49,0.3,Samsung,South Korea,Premium,New,1914231,9.3,Physical Store,Cash,0,2,0.0,0.456,1.0,0.871,1.0,1.0,0.524,0.58,1
CUST_02511,15,Female,Dodoma,Muslim,Others,Secondary,"<200,000",Halopesa,1,0.3,0.98,0.64,0.5,Infinix,China,Mid-Range,New,437899,7.6,Physical Store,Mobile Money,0,1,0.0,0.486,0.9,0.706,1.0,1.0,0.322,0.77,1
CUST_03334,28,Female,Mwanza,Christian,Others,Secondary,"200,000-500,000",M-Pesa,4,0.31,0.91,0.47,0.3,Huawei,China,Premium,New,1605240,8.0,Mobile,Cash,1,2,0.0,0.376,1.0,0.9,1.0,1.0,0.432,0.56,1
CUST_03398,25,Male,Morogoro,Christian,Others,Primary,"1,000,001-2,000,000",Airtel Money,3,0.41,0.42,0.46,0.3,Tecno,China,Mid-Range,New,574081,6.6,Physical Store,Cash,0,1,0.397,0.304,1.0,0.644,1.0,1.0,0.517,0.68,1
CUST_03243,22,Male,Dodoma,Muslim,Others,Primary,"1,000,001-2,000,000",Tigo Pesa,2,0.16,0.31,0.37,1.0,Samsung,South Korea,Premium,New,2261180,9.9,Physical Store,Cash,0,2,0.416,0.366,0.9,0.871,1.0,0.8,0.63,0.54,0
CUST_02825,32,Male,Dodoma,Muslim,Sukuma,Primary,"200,000-500,000",M-Pesa,5,0.31,0.72,0.63,0.3,Nokia,Finland,Mid-Range,New,479833,7.0,Physical Store,Cash,0,2,0.136,0.441,0.9,0.828,1.0,1.0,0.537,0.72,1
CUST_03956,15,Female,Dar es Salaam,Christian,Nyamwezi,No formal,"1,000,001-2,000,000",M-Pesa,2,0.3,0.45,0.34,0.3,Huawei,China,Premium,New,1684576,9.8,Physical Store,Mobile Money,0,1,0.368,0.333,1.0,0.936,1.0,1.0,0.715,0.65,1
CUST_00838,39,Female,Arusha,Muslim,Others,Secondary,"200,000-500,000",M-Pesa,2,0.16,0.95,0.83,0.5,Itel,China,Budget,Used,141197,3.0,Physical Store,Mobile Money,0,2,0.106,0.249,0.9,0.551,0.6,1.0,0.304,0.55,1
CUST_02514,20,Female,Mwanza,Christian,Others,Diploma,"<200,000",M-Pesa,3,0.39,0.75,0.48,0.3,Tecno,China,Mid-Range,New,334399,7.3,Online,Mobile Money,0,2,0.373,0.35,1.0,0.805,1.0,1.0,0.559,0.77,1
CUST_01453,15,Female,Arusha,Muslim,Others,Secondary,"<200,000",M-Pesa,2,0.22,0.9,0.31,0.3,Xiaomi,China,Mid-Range,Used,247847,5.9,Mobile,Card,0,1,0.442,0.183,0.9,0.519,0.6,1.0,0.538,0.7,0
CUST_01074,30,Female,Dar es Salaam,Christian,Gogo,Diploma,">2,000,000",Airtel Money,4,0.28,0.29,0.73,0.3,Vivo,China,Mid-Range,New,566789,6.6,Physical Store,Cash,0,2,0.589,0.482,1.0,0.581,1.0,1.0,0.613,0.68,1
CUST_03954,15,Male,Dar es Salaam,Christian,Others,No formal,">2,000,000",None,3,0.29,0.15,0.38,0.5,Apple,USA,Premium,New,1686226,8.7,Physical Store,Cash,0,11,0.789,0.331,1.0,1.174,1.0,1.0,0.592,0.58,1
CUST_00075,34,Male,Mbeya,Muslim,Makonde,No formal,"500,001-1,000,000",Tigo Pesa,2,0.16,0.72,0.49,0.3,Samsung,South Korea,Premium,New,714746,8.4,Mobile,Cash,1,2,0.571,0.412,0.9,0.74,1.0,1.0,0.607,0.76,1
CUST_01588,30,Female,Zanzibar,Christian,Chagga,Secondary,"<200,000",Tigo Pesa,2,0.19,1.0,0.56,0.7,Samsung,South Korea,Premium,New,1340789,9.6,Physical Store,Card,0,2,0.0,0.538,1.0,0.772,1.0,1.0,0.497,0.71,1
CUST_02973,21,Female,Morogoro,Other,Others,Primary,"<200,000",M-Pesa,2,0.44,0.97,0.64,0.5,Infinix,China,Mid-Range,New,423324,7.2,Physical Store,Mobile Money,0,2,0.0,0.461,1.0,0.688,1.0,1.0,0.556,0.75,1
CUST_03348,41,Female,Dodoma,Christian,Sukuma,Primary,"<200,000",M-Pesa,4,0.4,0.97,0.57,0.0,Nokia,Finland,Mid-Range,New,478918,6.3,Online,Cash,1,12,0.0,0.359,1.0,0.708,1.0,1.0,0.403,0.68,1
CUST_00101,33,Female,Zanzibar,Christian,Others,Diploma,"<200,000",Halopesa,5,0.64,0.85,0.54,0.0,Nokia,Finland,Mid-Range,Used,306088,6.5,Online,Cash,0,2,0.35,0.351,1.0,0.709,0.6,1.0,0.495,0.73,0
CUST_01074,30,Female,Dar es Salaam,Christian,Gogo,Diploma,">2,000,000",Airtel Money,4,0.28,0.29,0.73,0.3,Xiaomi,China,Mid-Range,New,519637,6.1,Mobile,Cash,0,2,0.623,0.445,1.0,0.772,1.0,1.0,0.824,0.66,1
CUST_01256,30,Male,Dodoma,Christian,Sukuma,Secondary,"500,001-1,000,000",Airtel Money,4,0.39,0.75,0.48,0.5,Oppo,China,Mid-Range,New,420383,7.4,Physical Store,Mobile Money,0,1,0.212,0.355,1.0,0.72,1.0,1.0,0.56,0.76,1
CUST_01344,31,Female,Dodoma,Other,Others,No formal,"1,000,001-2,000,000",M-Pesa,5,0.26,0.41,0.53,0.5,Tecno,China,Mid-Range,New,572352,6.3,Online,Cash,0,2,0.413,0.334,1.0,0.623,1.0,1.0,0.748,0.66,1
CUST_00064,19,Male,Dodoma,Christian,Gogo,Primary,"200,000-500,000",M-Pesa,2,0.64,0.77,0.87,0.5,Samsung,South Korea,Premium,New,1128414,8.7,Mobile,Cash,0,2,0.276,0.757,1.0,0.885,1.0,1.0,0.787,0.7,1
CUST_01285,40,Female,Arusha,Muslim,Sukuma,Bachelor,"200,000-500,000",Tigo Pesa,5,0.12,0.93,0.42,0.3,Samsung,South Korea,Premium,New,2239112,8.9,Online,Mobile Money,0,2,0.0,0.374,0.9,0.632,1.0,1.0,0.558,0.49,0
CUST_03506,30,Male,Tanga,Christian,Nyamwezi,Secondary,"500,001-1,000,000",Airtel Money,4,0.38,0.7,0.88,0.3,Huawei,China,Premium,New,963333,8.4,Physical Store,Cash,0,1,0.438,0.739,1.0,0.81,1.0,1.0,0.725,0.71,1
CUST_00413,39,Male,Zanzibar,Christian,Sukuma,No formal,"1,000,001-2,000,000",Tigo Pesa,3,0.15,0.45,0.7,0.0,Oppo,China,Mid-Range,Used,248813,5.2,Physical Store,Mobile Money,0,1,0.72,0.364,1.0,0.781,0.6,1.0,0.682,0.66,1
CUST_01264,49,Female,Mbeya,Christian,Others,Secondary,"200,000-500,000",Tigo Pesa,4,0.08,0.76,0.45,0.0,Oppo,China,Mid-Range,New,484159,6.9,Physical Store,Mobile Money,0,2,0.08,0.311,1.0,0.928,1.0,1.0,0.576,0.72,1
CUST_01213,21,Female,Arusha,Muslim,Sukuma,Secondary,"500,001-1,000,000",M-Pesa,3,0.31,0.43,0.34,0.5,Apple,USA,Premium,New,1261806,8.1,Physical Store,Cash,0,2,0.548,0.275,0.9,1.15,1.0,1.0,0.758,0.63,1
CUST_03322,33,Female,Morogoro,Muslim,Haya,Diploma,"200,000-500,000",Tigo Pesa,4,0.24,0.96,0.82,0.5,Apple,USA,Premium,New,2288862,8.9,Physical Store,Cash,0,11,0.0,0.73,0.9,0.91,1.0,1.0,0.366,0.48,1
CUST_01537,20,Male,Morogoro,Christian,Haya,Secondary,"500,001-1,000,000",Tigo Pesa,2,0.2,0.57,0.89,0.7,Xiaomi,China,Mid-Range,Used,196183,6.8,Physical Store,Mobile Money,0,2,0.72,0.605,1.0,0.669,0.6,1.0,0.838,0.77,1
CUST_00719,33,Female,Morogoro,Christian,Makonde,Primary,"200,000-500,000",Tigo Pesa,5,0.38,0.9,0.58,0.5,Apple,USA,Premium,New,1444754,9.2,Mobile,Mobile Money,0,2,0.0,0.534,1.0,1.085,1.0,1.0,0.582,0.66,0
CUST_02146,15,Male,Dodoma,Muslim,Others,Primary,"200,000-500,000",Tigo Pesa,4,0.28,0.99,0.44,0.7,Vivo,China,Mid-Range,New,533318,6.1,Physical Store,Cash,0,2,0.0,0.268,0.9,0.552,1.0,1.0,0.422,0.66,1
CUST_03929,35,Female,Arusha,Muslim,Others,No formal,"<200,000",Airtel Money,3,0.24,0.95,0.73,0.0,Samsung,South Korea,Premium,New,1811185,9.2,Online,Mobile Money,0,12,0.0,0.672,0.9,0.664,1.0,1.0,0.725,0.59,1
CUST_04488,27,Male,Tanga,Other,Others,Master+,"<200,000",None,3,0.45,0.71,0.88,0.5,Tecno,China,Mid-Range,New,329642,7.2,Physical Store,Cash,0,1,0.415,0.634,1.0,0.714,1.0,1.0,0.534,0.77,1
CUST_03360,40,Female,Tanga,Christian,Sukuma,Diploma,"1,000,001-2,000,000",Airtel Money,4,0.14,0.24,0.64,0.3,Infinix,China,Mid-Range,New,423550,6.3,Physical Store,Mobile Money,1,2,0.746,0.403,1.0,0.779,1.0,1.0,0.656,0.69,1
CUST_00313,39,Male,Dar es Salaam,Muslim,Makonde,Secondary,"200,000-500,000",Halopesa,2,0.2,0.85,0.47,0.3,Oppo,China,Mid-Range,New,491520,7.9,Physical Store,Cash,0,2,0.0,0.371,0.9,0.759,1.0,1.0,0.42,0.78,1
CUST_01305,46,Female,Zanzibar,Muslim,Gogo,No formal,"<200,000",M-Pesa,5,0.41,0.76,0.47,0.7,Samsung,South Korea,Premium,New,1494101,8.5,Physical Store,Mobile Money,0,2,0.054,0.399,0.9,0.746,1.0,1.0,0.438,0.61,1
CUST_01770,18,Male,Dar es Salaam,Christian,Haya,Primary,"<200,000",M-Pesa,1,0.4,0.77,0.44,1.0,Apple,USA,Premium,New,2290457,8.5,Physical Store,Mobile Money,1,2,0.0,0.374,1.0,0.804,1.0,0.8,0.364,0.45,1
CUST_01631,31,Female,Arusha,Christian,Others,Primary,"1,000,001-2,000,000",M-Pesa,5,0.2,0.39,0.59,0.5,Nokia,Finland,Mid-Range,Used,303610,5.7,Physical Store,Cash,1,2,0.704,0.336,1.0,0.875,0.6,1.0,0.656,0.68,1
CUST_00836,15,Female,Mbeya,Christian,Others,Primary,"200,000-500,000",M-Pesa,1,0.32,0.89,0.51,0.5,Infinix,China,Mid-Range,New,462889,6.3,Physical Store,Cash,0,11,0.0,0.321,1.0,0.684,1.0,1.0,0.401,0.69,1
CUST_01896,27,Male,Dar es Salaam,Christian,Others,Secondary,"1,000,001-2,000,000",Airtel Money,3,0.36,0.43,0.61,0.3,Apple,USA,Premium,New,1886524,8.0,Physical Store,Cash,1,2,0.324,0.488,1.0,0.895,1.0,1.0,0.663,0.5,1
CUST_01351,42,Male,Arusha,Christian,Others,Primary,"<200,000",Tigo Pesa,3,0.1,0.97,0.4,0.5,Nokia,Finland,Mid-Range,New,358107,7.2,Physical Store,Mobile Money,0,1,0.132,0.288,1.0,0.744,1.0,1.0,0.619,0.76,1
CUST_02658,18,Female,Dodoma,Christian,Others,Secondary,"1,000,001-2,000,000",M-Pesa,3,0.34,0.13,0.32,0.3,Samsung,South Korea,Premium,New,1535777,9.0,Physical Store,Cash,0,2,0.834,0.288,1.0,0.618,1.0,1.0,0.875,0.63,1
CUST_00275,20,Female,Tanga,Christian,Others,Diploma,"<200,000",Airtel Money,5,0.07,0.85,0.37,0.3,Huawei,China,Premium,New,2440182,9.2,Physical Store,Card,0,2,0.0,0.34,1.0,0.546,1.0,1.0,0.228,0.46,0
CUST_03525,21,Male,Tanga,Christian,Haya,Primary,"200,000-500,000",None,1,0.16,0.98,0.31,0.3,Huawei,China,Premium,New,914783,8.3,Online,Cash,0,2,0.253,0.257,1.0,0.62,1.0,1.0,0.735,0.72,1
CUST_04564,32,Female,Dar es Salaam,Christian,Others,No formal,"200,000-500,000",Tigo Pesa,5,0.42,0.92,0.7,0.5,Vivo,China,Mid-Range,New,520893,7.2,Online,Mobile Money,1,2,0.0,0.504,1.0,0.556,1.0,1.0,0.346,0.73,1
CUST_04968,30,Female,Mwanza,Christian,Others,Secondary,"200,000-500,000",None,3,0.58,0.97,0.87,0.0,Itel,China,Budget,Used,98538,5.8,Physical Store,Card,0,2,0.363,0.505,1.0,0.857,0.6,1.0,0.598,0.73,1
CUST_02679,35,Male,Morogoro,Muslim,Others,Bachelor,"200,000-500,000",Tigo Pesa,4,0.2,0.95,0.68,0.5,Vivo,China,Mid-Range,Used,158722,6.4,Physical Store,Cash,1,2,0.623,0.435,0.9,0.967,0.6,1.0,0.56,0.75,1
CUST_00665,18,Male,Mbeya,Christian,Nyamwezi,Diploma,"200,000-500,000",Tigo Pesa,5,0.19,0.97,0.85,0.5,Itel,China,Budget,New,201586,6.1,Online,Mobile Money,1,2,0.0,0.518,1.0,0.632,1.0,1.0,0.716,0.73,1
CUST_02271,28,Male,Dar es Salaam,Muslim,Others,Secondary,"1,000,001-2,000,000",Tigo Pesa,3,0.15,0.39,0.32,0.0,Tecno,China,Mid-Range,New,500368,7.8,Physical Store,Mobile Money,0,1,0.512,0.25,0.9,0.673,1.0,1.0,0.522,0.77,1
CUST_03499,16,Male,Arusha,Christian,Haya,No formal,"<200,000",Halopesa,3,0.11,0.91,0.49,0.3,Apple,USA,Premium,New,1293484,8.7,Physical Store,Mobile Money,0,10,0.019,0.426,1.0,1.028,1.0,1.0,0.527,0.66,1
CUST_04121,15,Male,Mwanza,Muslim,Sukuma,Secondary,"<200,000",Tigo Pesa,3,0.73,0.73,0.48,0.7,Vivo,China,Mid-Range,Used,424323,5.5,Physical Store,Cash,1,2,0.226,0.264,0.9,0.591,0.6,1.0,0.589,0.65,1
CUST_03628,36,Female,Dodoma,Christian,Sukuma,No formal,"200,000-500,000",M-Pesa,4,0.2,0.9,0.68,0.0,Infinix,China,Mid-Range,New,507062,6.7,Physical Store,Cash,0,2,0.0,0.456,1.0,0.889,1.0,1.0,0.413,0.7,1
CUST_00455,47,Male,Dodoma,Christian,Others,Master+,"500,001-1,000,000",M-Pesa,3,0.17,0.53,0.56,0.3,Samsung,South Korea,Premium,New,2405900,9.2,Physical Store,Card,0,12,0.0,0.515,1.0,0.928,1.0,1.0,0.458,0.47,0
CUST_04399,24,Female,Mbeya,Christian,Sukuma,Primary,"500,001-1,000,000",Airtel Money,3,0.04,0.46,0.69,0.3,Apple,USA,Premium,New,2269063,9.9,Physical Store,Cash,0,12,0.13,0.683,1.0,1.186,1.0,1.0,0.793,0.54,1
CUST_01919,35,Male,Dar es Salaam,Christian,Others,Secondary,"200,000-500,000",Airtel Money,3,0.12,0.95,0.77,0.7,Huawei,China,Premium,New,1344240,8.1,Physical Store,Cash,0,2,0.0,0.624,1.0,0.635,1.0,1.0,0.703,0.62,0
CUST_01698,20,Female,Mwanza,Muslim,Others,No formal,"200,000-500,000",Tigo Pesa,4,0.32,0.95,0.37,0.5,Samsung,South Korea,Premium,New,1755119,8.3,Online,Mobile Money,0,2,0.0,0.307,0.9,0.711,1.0,1.0,0.619,0.55,0
CUST_02462,32,Male,Zanzibar,Christian,Chagga,Secondary,"500,001-1,000,000",M-Pesa,4,0.51,0.77,0.75,0.3,Nokia,Finland,Mid-Range,New,384580,6.9,Online,Cash,0,2,0.26,0.518,1.0,0.738,1.0,1.0,0.648,0.74,1
CUST_04585,37,Male,Tanga,Muslim,Others,Secondary,"500,001-1,000,000",Halopesa,4,0.09,0.5,0.86,0.0,Nokia,Finland,Mid-Range,New,359342,8.0,Physical Store,Cash,0,2,0.551,0.688,0.9,0.663,1.0,1.0,0.872,0.81,1
CUST_04807,44,Male,Mwanza,Christian,Chagga,Secondary,"200,000-500,000",Airtel Money,5,0.46,0.85,0.4,0.7,Tecno,China,Mid-Range,New,431544,7.2,Physical Store,Mobile Money,0,2,0.083,0.288,1.0,0.981,1.0,1.0,0.466,0.75,1
CUST_02322,43,Female,Mbeya,Christian,Nyamwezi,Primary,"<200,000",Tigo Pesa,3,0.35,0.98,0.62,0.5,Tecno,China,Mid-Range,New,585886,7.7,Physical Store,Mobile Money,0,2,0.0,0.477,1.0,0.501,1.0,1.0,0.445,0.74,1
CUST_01114,41,Female,Zanzibar,Christian,Others,Primary,"200,000-500,000",Airtel Money,4,0.44,0.99,0.61,0.7,Nokia,Finland,Mid-Range,New,577733,6.9,Physical Store,Card,0,2,0.0,0.421,1.0,0.597,1.0,1.0,0.565,0.7,1
CUST_02098,35,Female,Morogoro,Christian,Makonde,Primary,"1,000,001-2,000,000",Halopesa,2,0.6,0.47,0.86,0.0,Samsung,South Korea,Premium,New,1900922,9.4,Physical Store,Cash,1,2,0.255,0.808,1.0,1.079,1.0,1.0,0.842,0.58,1
CUST_02039,39,Male,Dar es Salaam,Christian,Sukuma,Diploma,"200,000-500,000",M-Pesa,2,0.11,0.91,0.83,0.0,Tecno,China,Mid-Range,Used,392343,5.8,Physical Store,Mobile Money,0,2,0.107,0.481,1.0,0.986,0.6,1.0,0.501,0.67,1
CUST_04126,31,Male,Dar es Salaam,Christian,Sukuma,Primary,"200,000-500,000",Halopesa,4,0.37,0.76,0.51,0.3,Itel,China,Budget,New,194736,6.1,Physical Store,Mobile Money,0,1,0.013,0.311,1.0,0.549,1.0,1.0,0.437,0.73,1
CUST_04814,26,Female,Mwanza,Christian,Others,Primary,"1,000,001-2,000,000",M-Pesa,4,0.43,0.46,0.57,0.5,Nokia,Finland,Mid-Range,New,458045,7.5,Physical Store,Cash,1,12,0.473,0.428,1.0,0.814,1.0,1.0,0.692,0.76,1
CUST_04107,27,Female,Dodoma,Muslim,Others,No formal,"200,000-500,000",Tigo Pesa,5,0.72,0.86,0.72,0.3,Infinix,China,Mid-Range,New,315227,6.8,Physical Store,Mobile Money,0,1,0.322,0.49,0.9,0.916,1.0,1.0,0.672,0.74,1
CUST_02943,30,Male,Arusha,Muslim,Gogo,Primary,"1,000,001-2,000,000",Tigo Pesa,5,0.4,0.5,0.34,0.3,Nokia,Finland,Mid-Range,New,276315,7.8,Physical Store,Cash,0,1,0.655,0.265,0.9,0.993,1.0,1.0,0.698,0.81,1
CUST_02230,33,Female,Dodoma,Muslim,Haya,Secondary,"200,000-500,000",None,5,0.52,0.9,0.35,0.7,Nokia,Finland,Mid-Range,New,280985,7.5,Online,Mobile Money,1,2,0.368,0.262,0.9,0.611,1.0,1.0,0.424,0.79,1
CUST_00173,32,Male,Dar es Salaam,Christian,Others,Primary,"200,000-500,000",M-Pesa,5,0.24,0.7,0.74,1.0,Infinix,China,Mid-Range,New,570331,7.0,Physical Store,Cash,0,1,0.002,0.518,1.0,0.571,1.0,0.8,0.536,0.71,1
CUST_04990,15,Female,Mwanza,Christian,Others,Primary,"500,001-1,000,000",M-Pesa,1,0.65,0.59,0.67,0.5,Apple,USA,Premium,New,1780303,8.6,Physical Store,Cash,0,2,0.125,0.576,1.0,1.172,1.0,1.0,0.688,0.56,1
CUST_04473,16,Male,Dar es Salaam,Muslim,Haya,Bachelor,"<200,000",M-Pesa,3,0.25,0.77,0.83,0.3,Huawei,China,Premium,New,1699470,8.5,Physical Store,Cash,0,2,0.0,0.705,0.9,0.636,1.0,1.0,0.475,0.57,1
CUST_02745,19,Male,Dar es Salaam,Christian,Others,Secondary,"<200,000",Airtel Money,3,0.08,0.78,0.53,0.3,Apple,USA,Premium,New,1162322,9.0,Physical Store,Mobile Money,1,2,0.244,0.477,1.0,0.874,1.0,1.0,0.738,0.71,1
CUST_00227,32,Male,Mwanza,Christian,Others,Secondary,"200,000-500,000",Airtel Money,4,0.03,0.8,0.43,0.0,Infinix,China,Mid-Range,New,356343,7.7,Physical Store,Cash,0,2,0.287,0.331,1.0,0.539,1.0,1.0,0.248,0.79,1
CUST_04897,16,Male,Dar es Salaam,Christian,Others,No formal,"200,000-500,000",Halopesa,2,0.42,0.95,0.42,0.5,Apple,USA,Premium,New,2130523,9.1,Online,Mobile Money,0,2,0.0,0.382,1.0,0.861,1.0,1.0,0.505,0.52,1
CUST_00897,30,Female,Tanga,Christian,Others,No formal,"200,000-500,000",Tigo Pesa,2,0.56,0.8,0.46,1.0,Nokia,Finland,Mid-Range,Used,300900,5.3,Online,Mobile Money,1,2,0.398,0.244,1.0,0.868,0.6,0.8,0.706,0.66,1
CUST_04681,34,Female,Arusha,Christian,Others,Diploma,"200,000-500,000",M-Pesa,3,0.17,0.94,0.6,0.3,Tecno,China,Mid-Range,New,381518,6.8,Mobile,Cash,1,2,0.103,0.408,1.0,0.909,1.0,1.0,0.489,0.73,1
CUST_00044,15,Female,Dar es Salaam,Muslim,Others,Primary,"500,001-1,000,000",Tigo Pesa,3,0.23,0.49,0.84,0.3,Vivo,China,Mid-Range,Used,332244,6.8,Physical Store,Cash,0,2,0.593,0.571,0.9,0.616,0.6,1.0,0.752,0.74,1
CUST_02214,35,Male,Tanga,Muslim,Others,Secondary,"500,001-1,000,000",M-Pesa,4,0.39,0.49,0.76,0.3,Infinix,China,Mid-Range,New,411203,6.1,Physical Store,Cash,0,2,0.496,0.464,0.9,0.591,1.0,1.0,0.547,0.68,1
CUST_00047,23,Male,Zanzibar,Muslim,Others,Primary,"<200,000",Halopesa,3,0.38,0.88,0.6,0.5,Oppo,China,Mid-Range,New,359120,6.8,Physical Store,Cash,0,1,0.21,0.408,0.9,0.631,1.0,1.0,0.512,0.74,1
CUST_04972,18,Male,Zanzibar,Muslim,Nyamwezi,Secondary,"<200,000",M-Pesa,5,0.26,0.87,0.73,0.5,Xiaomi,China,Mid-Range,New,469956,6.1,Physical Store,Mobile Money,1,2,0.0,0.445,0.9,0.565,1.0,1.0,0.446,0.67,1
CUST_03741,23,Male,Mwanza,Other,Gogo,Secondary,"500,001-1,000,000",None,2,0.6,0.53,0.82,0.0,Infinix,China,Mid-Range,New,546096,6.8,Physical Store,Mobile Money,0,12,0.276,0.558,1.0,0.541,1.0,1.0,0.622,0.7,1
CUST_00361,20,Male,Dar es Salaam,Muslim,Makonde,Bachelor,"200,000-500,000",M-Pesa,3,0.22,0.87,0.51,0.3,Tecno,China,Mid-Range,New,454933,6.1,Online,Cash,0,1,0.011,0.311,0.9,0.992,1.0,1.0,0.329,0.68,1
CUST_02281,20,Male,Dodoma,Christian,Others,Primary,">2,000,000",Tigo Pesa,5,0.12,0.36,0.55,0.7,Xiaomi,China,Mid-Range,New,536952,6.6,Online,Mobile Money,1,2,0.517,0.363,1.0,0.667,1.0,1.0,0.608,0.69,1
CUST_02259,29,Male,Dar es Salaam,Muslim,Chagga,Secondary,"<200,000",M-Pesa,3,0.61,0.91,0.56,0.7,Itel,China,Budget,Used,98270,4.9,Physical Store,Cash,0,2,0.404,0.274,0.9,0.577,0.6,1.0,0.5,0.67,1
CUST_04049,15,Male,Dodoma,Muslim,Makonde,Secondary,"500,001-1,000,000",M-Pesa,3,0.22,0.74,0.59,0.5,Tecno,China,Mid-Range,New,505350,8.0,Physical Store,Card,1,1,0.065,0.472,0.9,0.914,1.0,1.0,0.616,0.78,0
CUST_01817,31,Female,Dar es Salaam,Christian,Chagga,No formal,"500,001-1,000,000",Tigo Pesa,4,0.22,0.43,0.35,0.5,Nokia,Finland,Mid-Range,New,415081,7.5,Physical Store,Cash,0,2,0.554,0.262,1.0,0.714,1.0,1.0,0.543,0.77,1
CUST_01999,20,Male,Dar es Salaam,Christian,Sukuma,Secondary,"200,000-500,000",Airtel Money,2,0.51,0.87,0.74,0.0,Tecno,China,Mid-Range,New,355355,7.1,Online,Cash,1,1,0.227,0.525,1.0,0.522,1.0,1.0,0.415,0.75,1
CUST_00206,33,Female,Zanzibar,Muslim,Haya,Primary,"200,000-500,000",Airtel Money,4,0.07,0.88,0.41,0.5,Huawei,China,Premium,New,686732,8.8,Physical Store,Cash,0,2,0.496,0.361,0.9,0.702,1.0,1.0,0.443,0.79,0
CUST_02007,34,Female,Mwanza,Christian,Sukuma,Bachelor,"500,001-1,000,000",None,3,0.23,0.55,0.49,0.5,Huawei,China,Premium,New,1521775,8.1,Physical Store,Card,0,2,0.303,0.397,1.0,0.969,1.0,1.0,0.578,0.58,1
CUST_03454,28,Female,Mwanza,Muslim,Sukuma,Primary,"1,000,001-2,000,000",M-Pesa,3,0.16,0.41,0.57,0.3,Xiaomi,China,Mid-Range,New,370805,6.8,Mobile,Mobile Money,0,1,0.62,0.388,0.9,0.805,1.0,1.0,0.49,0.73,1
CUST_00793,39,Male,Dar es Salaam,Muslim,Others,No formal,"500,001-1,000,000",Tigo Pesa,3,0.24,0.43,0.4,0.5,Xiaomi,China,Mid-Range,New,413138,6.0,Mobile,Mobile Money,0,2,0.556,0.24,0.9,0.644,1.0,1.0,0.623,0.68,1
CUST_00758,33,Male,Arusha,Muslim,Others,Primary,"200,000-500,000",Tigo Pesa,2,0.26,0.97,0.38,0.3,Huawei,China,Premium,New,2251516,8.0,Physical Store,Cash,1,2,0.0,0.304,0.9,0.593,1.0,1.0,0.619,0.43,0
CUST_01777,28,Male,Mbeya,Muslim,Sukuma,Diploma,"<200,000",M-Pesa,3,0.15,0.82,0.37,0.5,Xiaomi,China,Mid-Range,New,471187,8.0,Physical Store,Cash,0,2,0.034,0.296,0.9,0.934,1.0,1.0,0.376,0.79,1
CUST_02921,23,Male,Zanzibar,Other,Nyamwezi,Primary,"200,000-500,000",Airtel Money,3,0.36,0.74,0.62,0.3,Huawei,China,Premium,New,820249,8.2,Physical Store,Mobile Money,0,11,0.494,0.508,1.0,0.628,1.0,1.0,0.651,0.73,1
CUST_00102,33,Male,Arusha,Christian,Sukuma,Primary,"200,000-500,000",Tigo Pesa,2,0.23,0.75,0.34,0.5,Infinix,China,Mid-Range,New,429319,7.5,Physical Store,Card,0,2,0.195,0.255,1.0,0.801,1.0,1.0,0.662,0.76,1
CUST_00087,23,Female,Mwanza,Muslim,Others,Secondary,"500,001-1,000,000",M-Pesa,4,0.35,0.8,0.33,1.0,Nokia,Finland,Mid-Range,New,297069,6.9,Physical Store,Card,1,2,0.406,0.228,0.9,0.83,1.0,0.8,0.641,0.75,1
CUST_03940,40,Female,Dar es Salaam,Christian,Gogo,Secondary,"200,000-500,000",M-Pesa,4,0.27,0.74,0.67,0.3,Tecno,China,Mid-Range,New,326090,7.7,Physical Store,Mobile Money,0,2,0.397,0.516,1.0,0.685,1.0,1.0,0.653,0.8,1
CUST_03102,33,Female,Mbeya,Muslim,Chagga,Secondary,">2,000,000",Airtel Money,2,0.14,0.47,0.88,0.3,Oppo,China,Mid-Range,New,502062,7.2,Physical Store,Cash,0,1,0.41,0.634,0.9,0.804,1.0,1.0,0.577,0.73,0
CUST_00721,23,Female,Dar es Salaam,Christian,Sukuma,No formal,"500,001-1,000,000",Tigo Pesa,2,0.08,0.55,0.68,0.5,Samsung,South Korea,Premium,New,2295839,8.6,Physical Store,Card,0,2,0.0,0.585,1.0,1.129,1.0,1.0,0.543,0.46,1
CUST_01385,32,Female,Dar es Salaam,Muslim,Others,Bachelor,"1,000,001-2,000,000",M-Pesa,2,0.24,0.21,0.74,0.7,Apple,USA,Premium,New,2264378,9.2,Physical Store,Mobile Money,0,1,0.604,0.681,0.9,0.798,1.0,1.0,0.539,0.5,0
CUST_02082,23,Female,Arusha,Muslim,Makonde,Secondary,"1,000,001-2,000,000",M-Pesa,2,0.37,0.15,0.67,0.3,Samsung,South Korea,Premium,New,945873,8.3,Physical Store,Mobile Money,0,1,0.882,0.556,0.9,1.067,1.0,1.0,0.849,0.71,1
CUST_04656,27,Female,Dar es Salaam,Muslim,Gogo,Primary,"200,000-500,000",M-Pesa,5,0.17,0.88,0.61,0.0,Tecno,China,Mid-Range,New,250149,7.5,Physical Store,Cash,0,2,0.45,0.458,0.9,0.701,1.0,1.0,0.506,0.8,1
CUST_01907,30,Male,Dar es Salaam,Christian,Sukuma,Diploma,"200,000-500,000",M-Pesa,4,0.14,0.9,0.53,0.3,Tecno,China,Mid-Range,New,560548,6.3,Physical Store,Cash,1,12,0.0,0.334,1.0,0.7,1.0,1.0,0.485,0.67,1
CUST_01804,33,Female,Dar es Salaam,Christian,Others,Diploma,"<200,000",M-Pesa,4,0.31,0.91,0.34,0.0,Itel,China,Budget,Used,198594,3.3,Online,Cash,1,2,0.0,0.112,1.0,0.996,0.6,1.0,0.347,0.56,1
CUST_01686,24,Male,Dar es Salaam,Christian,Nyamwezi,Diploma,"<200,000",M-Pesa,4,0.3,0.7,0.84,0.3,Xiaomi,China,Mid-Range,New,290667,6.7,Online,Card,0,2,0.491,0.563,1.0,0.687,1.0,1.0,0.722,0.74,1
CUST_03584,32,Female,Mbeya,Christian,Sukuma,Diploma,"200,000-500,000",Tigo Pesa,2,0.09,0.91,0.39,0.5,Huawei,China,Premium,New,1983192,8.1,Online,Card,0,2,0.0,0.316,1.0,0.942,1.0,1.0,0.445,0.49,1
CUST_03933,43,Male,Mbeya,Christian,Others,Primary,">2,000,000",Tigo Pesa,3,0.21,0.45,0.85,0.3,Samsung,South Korea,Premium,New,1119952,8.8,Physical Store,Card,1,2,0.58,0.748,1.0,0.991,1.0,1.0,0.63,0.7,1
CUST_03534,31,Male,Zanzibar,Christian,Others,Master+,"<200,000",M-Pesa,5,0.01,0.79,0.87,0.3,Infinix,China,Mid-Range,New,532506,6.5,Mobile,Card,1,2,0.0,0.566,1.0,0.54,1.0,1.0,0.619,0.68,1
CUST_01996,15,Male,Dodoma,Christian,Others,Bachelor,"200,000-500,000",Tigo Pesa,4,0.18,0.8,0.69,0.7,Oppo,China,Mid-Range,New,586370,6.4,Online,Cash,0,2,0.0,0.442,1.0,0.775,1.0,1.0,0.692,0.67,1
CUST_00373,25,Female,Tanga,Christian,Others,Primary,"1,000,001-2,000,000",M-Pesa,3,0.29,0.44,0.42,0.7,Infinix,China,Mid-Range,New,252188,7.9,Physical Store,Cash,0,2,0.723,0.332,1.0,0.917,1.0,1.0,0.876,0.82,1
CUST_04375,15,Female,Mwanza,Christian,Chagga,No formal,"200,000-500,000",Tigo Pesa,4,0.63,0.85,0.58,0.5,Apple,USA,Premium,New,2177389,9.1,Physical Store,Cash,0,11,0.0,0.528,1.0,1.164,1.0,1.0,0.554,0.51,0
CUST_04775,17,Male,Mbeya,Christian,Nyamwezi,Primary,"200,000-500,000",Tigo Pesa,3,0.7,0.87,0.7,0.5,Vivo,China,Mid-Range,New,537050,6.1,Physical Store,Mobile Money,0,2,0.0,0.427,1.0,0.68,1.0,1.0,0.491,0.66,0
CUST_00350,47,Female,Morogoro,Christian,Makonde,Bachelor,"500,001-1,000,000",Tigo Pesa,4,0.1,0.5,0.85,0.3,Vivo,China,Mid-Range,Used,129863,7.0,Online,Cash,1,2,0.838,0.595,1.0,0.591,0.6,1.0,0.776,0.79,1
CUST_02165,23,Female,Mbeya,Christian,Nyamwezi,Secondary,"1,000,001-2,000,000",M-Pesa,3,0.1,0.18,0.37,0.7,Apple,USA,Premium,New,1864389,9.4,Physical Store,Mobile Money,1,2,0.72,0.348,1.0,0.885,1.0,1.0,0.561,0.59,0
CUST_04188,40,Male,Zanzibar,Muslim,Others,Primary,">2,000,000",Halopesa,2,0.21,0.37,0.61,0.7,Apple,USA,Premium,New,1068939,8.3,Physical Store,Cash,1,1,0.67,0.506,0.9,1.102,1.0,1.0,0.743,0.68,1
CUST_03850,25,Male,Dar es Salaam,Muslim,Nyamwezi,Secondary,"200,000-500,000",M-Pesa,3,0.31,0.7,0.56,0.0,Huawei,China,Premium,New,1011011,9.5,Mobile,Mobile Money,1,12,0.41,0.532,0.9,0.849,1.0,1.0,0.694,0.77,1
CUST_00042,26,Male,Dar es Salaam,Christian,Others,No formal,">2,000,000",M-Pesa,4,0.14,0.29,0.55,0.3,Tecno,China,Mid-Range,Used,195964,6.4,Mobile,Cash,0,2,0.858,0.352,1.0,0.851,0.6,1.0,0.641,0.74,1
CUST_01380,50,Male,Mbeya,Muslim,Others,Primary,"200,000-500,000",M-Pesa,2,0.23,1.0,0.39,0.3,Tecno,China,Mid-Range,New,295181,7.5,Physical Store,Mobile Money,0,1,0.262,0.292,0.9,0.63,1.0,1.0,0.499,0.79,1
CUST_01465,26,Female,Arusha,Christian,Gogo,No formal,"500,001-1,000,000",Halopesa,5,0.44,0.45,0.8,0.0,Vivo,China,Mid-Range,New,376594,6.5,Physical Store,Mobile Money,0,2,0.576,0.52,1.0,0.987,1.0,1.0,0.709,0.71,1
CUST_03020,38,Male,Dar es Salaam,Christian,Sukuma,Primary,"<200,000",M-Pesa,5,0.09,0.88,0.55,0.3,Oppo,China,Mid-Range,New,300518,6.7,Physical Store,Card,0,2,0.339,0.369,1.0,0.619,1.0,1.0,0.644,0.74,1
CUST_00414,32,Male,Mbeya,Muslim,Sukuma,Diploma,"200,000-500,000",Tigo Pesa,1,0.18,0.91,0.87,0.5,Itel,China,Budget,New,106442,5.8,Online,Mobile Money,0,2,0.354,0.505,0.9,0.905,1.0,1.0,0.626,0.73,1
CUST_03788,36,Female,Mbeya,Christian,Others,Diploma,"<200,000",Halopesa,4,0.2,0.99,0.44,0.3,Apple,USA,Premium,New,1323386,8.4,Physical Store,Mobile Money,0,2,0.0,0.37,1.0,1.092,1.0,1.0,0.489,0.64,0
CUST_04812,39,Male,Mwanza,Christian,Sukuma,No formal,"<200,000",Tigo Pesa,2,0.19,0.75,0.77,0.3,Oppo,China,Mid-Range,New,548939,7.9,Physical Store,Mobile Money,0,1,0.0,0.608,1.0,0.833,1.0,1.0,0.508,0.76,1
CUST_04998,39,Female,Mwanza,Christian,Sukuma,No formal,"200,000-500,000",M-Pesa,2,0.15,0.93,0.47,0.7,Xiaomi,China,Mid-Range,New,597673,6.1,Online,Mobile Money,1,2,0.0,0.287,1.0,0.523,1.0,1.0,0.536,0.65,1
CUST_04119,18,Female,Dodoma,Christian,Others,Diploma,"200,000-500,000",Halopesa,1,0.36,0.8,0.38,0.7,Huawei,China,Premium,New,999359,9.1,Online,Card,1,2,0.334,0.346,1.0,0.567,1.0,1.0,0.792,0.75,1
CUST_00051,15,Male,Morogoro,Christian,Gogo,Master+,"200,000-500,000",Tigo Pesa,1,0.12,0.76,0.32,0.3,Samsung,South Korea,Premium,New,935759,9.4,Physical Store,Cash,0,2,0.407,0.301,1.0,0.843,1.0,1.0,0.533,0.78,1
CUST_04081,33,Male,Dar es Salaam,Christian,Others,Diploma,"200,000-500,000",Airtel Money,4,0.12,0.97,0.57,0.5,Xiaomi,China,Mid-Range,Used,462859,5.4,Physical Store,Cash,0,2,0.0,0.308,1.0,0.773,0.6,1.0,0.279,0.63,1
CUST_02687,29,Male,Dodoma,Muslim,Haya,Secondary,"1,000,001-2,000,000",Tigo Pesa,2,0.09,0.38,0.71,1.0,Itel,China,Budget,Used,172636,4.9,Physical Store,Cash,0,1,0.563,0.348,0.9,0.932,0.6,0.8,0.591,0.66,1
CUST_00529,25,Male,Dar es Salaam,Christian,Haya,Primary,"200,000-500,000",Tigo Pesa,1,0.48,0.91,0.49,0.0,Vivo,China,Mid-Range,New,420875,6.3,Online,Cash,1,2,0.043,0.309,1.0,0.645,1.0,1.0,0.321,0.69,1
CUST_02270,28,Female,Dodoma,Muslim,Others,Secondary,"200,000-500,000",Halopesa,4,0.58,0.78,0.87,1.0,Samsung,South Korea,Premium,New,727847,9.9,Physical Store,Mobile Money,0,2,0.527,0.861,0.9,0.841,1.0,0.8,0.725,0.85,1
CUST_04289,28,Male,Dodoma,Christian,Others,Primary,"1,000,001-2,000,000",Tigo Pesa,3,0.33,0.14,0.48,0.3,Oppo,China,Mid-Range,New,541591,6.7,Physical Store,Mobile Money,1,2,0.81,0.322,1.0,0.529,1.0,1.0,0.622,0.69,1
CUST_04615,28,Female,Mwanza,Christian,Nyamwezi,Master+,"<200,000",M-Pesa,3,0.22,0.89,0.47,0.3,Vivo,China,Mid-Range,New,460454,7.1,Physical Store,Card,0,2,0.0,0.334,1.0,0.686,1.0,1.0,0.423,0.73,1
CUST_04696,42,Male,Zanzibar,Muslim,Others,Secondary,"200,000-500,000",Airtel Money,4,0.23,0.98,0.75,0.5,Tecno,China,Mid-Range,New,288911,8.0,Physical Store,Mobile Money,1,12,0.292,0.6,0.9,0.571,1.0,1.0,0.715,0.82,1
CUST_02252,16,Male,Mbeya,Christian,Sukuma,No formal,"200,000-500,000",Tigo Pesa,1,0.35,0.73,0.83,0.7,Itel,China,Budget,New,136011,5.1,Physical Store,Cash,0,1,0.338,0.423,1.0,0.681,1.0,1.0,0.532,0.68,1
CUST_00878,33,Female,Dar es Salaam,Christian,Chagga,Primary,"200,000-500,000",Tigo Pesa,2,0.66,0.71,0.61,0.3,Apple,USA,Premium,New,1687523,8.4,Mobile,Cash,0,2,0.002,0.512,1.0,1.138,1.0,1.0,0.6,0.57,1
CUST_04796,24,Male,Mbeya,Christian,Others,No formal,"200,000-500,000",M-Pesa,2,0.26,0.75,0.67,0.3,Nokia,Finland,Mid-Range,New,537896,7.6,Physical Store,Cash,0,2,0.0,0.509,1.0,0.681,1.0,1.0,0.538,0.75,1
CUST_04355,33,Female,Morogoro,Muslim,Others,Diploma,"200,000-500,000",Tigo Pesa,2,0.21,0.99,0.31,0.5,Infinix,China,Mid-Range,New,279520,6.2,Physical Store,Cash,0,1,0.308,0.192,0.9,0.725,1.0,1.0,0.59,0.72,1
CUST_03035,36,Male,Zanzibar,Christian,Others,Secondary,"200,000-500,000",M-Pesa,2,0.15,0.85,0.58,0.5,Infinix,China,Mid-Range,New,400312,7.2,Physical Store,Mobile Money,0,2,0.149,0.418,1.0,0.567,1.0,1.0,0.434,0.75,0
CUST_04787,34,Female,Dar es Salaam,Christian,Others,Diploma,"<200,000",M-Pesa,4,0.24,0.94,0.7,0.5,Oppo,China,Mid-Range,New,258360,6.8,Physical Store,Cash,1,1,0.393,0.476,1.0,0.81,1.0,1.0,0.652,0.76,1
CUST_01023,34,Female,Arusha,Christian,Others,Primary,"200,000-500,000",Tigo Pesa,3,0.27,0.93,0.53,0.7,Nokia,Finland,Mid-Range,New,533203,7.0,Physical Store,Cash,0,2,0.0,0.371,1.0,0.634,1.0,1.0,0.567,0.71,0
CUST_00646,25,Male,Mwanza,Christian,Others,Diploma,"200,000-500,000",M-Pesa,1,0.28,0.79,0.57,0.5,Huawei,China,Premium,New,2171281,8.5,Physical Store,Mobile Money,1,1,0.0,0.484,1.0,0.832,1.0,1.0,0.489,0.48,1
CUST_03167,19,Female,Dar es Salaam,Christian,Others,Secondary,"500,001-1,000,000",M-Pesa,4,0.01,0.79,0.78,0.5,Vivo,China,Mid-Range,New,579739,6.0,Physical Store,Cash,0,12,0.0,0.468,1.0,0.992,1.0,1.0,0.571,0.64,1
CUST_02207,26,Female,Dodoma,Muslim,Others,Primary,"500,001-1,000,000",M-Pesa,3,0.51,0.67,0.83,0.0,Samsung,South Korea,Premium,New,1206230,9.1,Physical Store,Mobile Money,0,2,0.327,0.755,0.9,0.721,1.0,1.0,0.822,0.7,0
CUST_04386,30,Male,Arusha,Muslim,Sukuma,Primary,">2,000,000",Tigo Pesa,4,0.06,0.47,0.43,1.0,Samsung,South Korea,Premium,New,1591345,8.9,Physical Store,Cash,1,2,0.377,0.383,0.9,1.195,1.0,0.8,0.606,0.62,1
CUST_03564,23,Female,Mwanza,Muslim,Sukuma,Bachelor,"<200,000",Tigo Pesa,3,0.37,0.87,0.31,0.5,Samsung,South Korea,Premium,New,964868,10.0,Physical Store,Mobile Money,0,2,0.3,0.31,0.9,1.153,1.0,1.0,0.493,0.81,1
CUST_03848,20,Female,Dodoma,Muslim,Sukuma,Primary,"<200,000",M-Pesa,4,0.06,0.82,0.75,0.5,Tecno,China,Mid-Range,New,325606,6.6,Physical Store,Cash,0,12,0.333,0.495,0.9,0.984,1.0,1.0,0.828,0.73,0
CUST_02047,45,Male,Dodoma,Christian,Nyamwezi,Diploma,">2,000,000",Tigo Pesa,3,0.32,0.46,0.51,0.5,Vivo,China,Mid-Range,New,422277,7.3,Physical Store,Cash,1,1,0.514,0.372,1.0,0.598,1.0,1.0,0.668,0.75,0
CUST_00722,20,Female,Dar es Salaam,Christian,Others,Diploma,"200,000-500,000",M-Pesa,3,0.23,0.73,0.47,0.7,Oppo,China,Mid-Range,New,570732,7.3,Physical Store,Cash,0,11,0.0,0.343,1.0,0.765,1.0,1.0,0.567,0.72,1
CUST_04827,21,Female,Dar es Salaam,Christian,Chagga,Secondary,"<200,000",M-Pesa,3,0.31,0.81,0.65,0.5,Infinix,China,Mid-Range,Used,442833,6.0,Physical Store,Mobile Money,0,1,0.103,0.39,1.0,0.716,0.6,1.0,0.657,0.67,1
CUST_02310,48,Male,Mwanza,Christian,Others,Diploma,"500,001-1,000,000",M-Pesa,2,0.33,0.5,0.47,0.5,Infinix,China,Mid-Range,New,424648,7.8,Online,Mobile Money,1,2,0.469,0.367,1.0,0.51,1.0,1.0,0.663,0.78,1
CUST_03328,31,Female,Mbeya,Christian,Others,Primary,"500,001-1,000,000",M-Pesa,3,0.37,0.65,0.89,0.3,Vivo,China,Mid-Range,New,572388,7.1,Online,Cash,0,2,0.07,0.632,1.0,0.708,1.0,1.0,0.527,0.71,1
CUST_00604,34,Female,Dar es Salaam,Christian,Sukuma,Primary,"<200,000",M-Pesa,5,0.2,0.82,0.85,0.0,Huawei,China,Premium,New,1064268,9.5,Physical Store,Mobile Money,0,2,0.273,0.808,1.0,0.869,1.0,1.0,0.487,0.76,1
CUST_03289,24,Male,Mbeya,Muslim,Makonde,Primary,">2,000,000",M-Pesa,2,0.13,0.35,0.54,0.0,Nokia,Finland,Mid-Range,New,542299,7.7,Online,Mobile Money,0,2,0.525,0.416,0.9,0.887,1.0,1.0,0.497,0.75,1
CUST_00379,15,Female,Dar es Salaam,Christian,Nyamwezi,Primary,"<200,000",Tigo Pesa,4,0.05,0.76,0.32,0.5,Samsung,South Korea,Premium,New,2494938,9.3,Physical Store,Card,0,1,0.0,0.298,1.0,1.011,1.0,1.0,0.54,0.46,1
CUST_01319,34,Female,Mbeya,Muslim,Others,Secondary,"200,000-500,000",None,4,0.73,0.84,0.79,0.7,Apple,USA,Premium,New,741671,8.7,Physical Store,Cash,0,1,0.481,0.687,0.9,0.766,1.0,1.0,0.708,0.77,1
CUST_00750,31,Female,Dodoma,Christian,Others,Master+,"200,000-500,000",Tigo Pesa,2,0.48,0.75,0.47,0.3,Tecno,China,Mid-Range,New,520310,6.9,Physical Store,Cash,1,2,0.024,0.324,1.0,0.995,1.0,1.0,0.381,0.71,1
CUST_01165,41,Female,Tanga,Christian,Others,Secondary,"<200,000",M-Pesa,5,0.04,0.76,0.56,0.5,Oppo,China,Mid-Range,New,532361,7.8,Physical Store,Mobile Money,0,12,0.0,0.437,1.0,0.795,1.0,1.0,0.401,0.76,1
CUST_02371,28,Male,Arusha,Christian,Haya,Secondary,"<200,000",M-Pesa,4,0.18,0.75,0.64,0.5,Apple,USA,Premium,Used,1280790,8.9,Physical Store,Mobile Money,0,2,0.2,0.57,1.0,0.943,0.6,1.0,0.644,0.68,1
CUST_01874,25,Female,Mbeya,Muslim,Chagga,Diploma,"1,000,001-2,000,000",M-Pesa,3,0.1,0.11,0.56,0.3,Samsung,South Korea,Premium,New,1911633,9.1,Online,Mobile Money,0,2,0.825,0.51,0.9,0.81,1.0,1.0,0.771,0.56,1
CUST_02391,28,Male,Mwanza,Christian,Others,Primary,"200,000-500,000",Tigo Pesa,3,0.58,0.99,0.79,0.5,Nokia,Finland,Mid-Range,New,263117,7.3,Physical Store,Mobile Money,0,2,0.349,0.577,1.0,0.944,1.0,1.0,0.622,0.79,1
CUST_04468,31,Male,Arusha,Muslim,Nyamwezi,No formal,"500,001-1,000,000",Airtel Money,3,0.12,0.46,0.76,0.0,Tecno,China,Mid-Range,New,582462,6.5,Physical Store,Card,0,10,0.33,0.494,0.9,0.922,1.0,1.0,0.514,0.67,0
CUST_00065,15,Female,Dar es Salaam,Christian,Others,Secondary,"500,001-1,000,000",M-Pesa,5,0.29,0.47,0.43,0.0,Itel,China,Budget,New,86087,6.7,Physical Store,Cash,0,1,0.73,0.288,1.0,0.751,1.0,1.0,0.58,0.78,1
CUST_04461,41,Male,Mwanza,Christian,Gogo,No formal,"500,001-1,000,000",Halopesa,5,0.14,0.5,0.78,0.3,Huawei,China,Premium,New,1992761,8.8,Physical Store,Cash,0,1,0.17,0.686,1.0,0.946,1.0,1.0,0.62,0.53,1
CUST_04292,15,Male,Mwanza,Christian,Others,Secondary,"<200,000",M-Pesa,3,0.47,0.87,0.63,0.0,Apple,USA,Premium,New,1743115,8.7,Mobile,Cash,0,2,0.0,0.548,1.0,1.098,1.0,1.0,0.698,0.57,0
CUST_03428,38,Female,Tanga,Christian,Others,Primary,"200,000-500,000",Tigo Pesa,5,0.59,0.87,0.46,0.7,Tecno,China,Mid-Range,New,564419,7.0,Physical Store,Cash,1,2,0.0,0.322,1.0,0.914,1.0,1.0,0.457,0.71,0
CUST_03717,21,Female,Dar es Salaam,Muslim,Others,Secondary,"500,001-1,000,000",Airtel Money,3,0.23,0.74,0.36,1.0,Infinix,China,Mid-Range,New,422800,7.9,Physical Store,Cash,0,2,0.218,0.284,0.9,0.595,1.0,0.8,0.44,0.79,1
CUST_01207,42,Female,Arusha,Christian,Haya,Primary,"1,000,001-2,000,000",Tigo Pesa,5,0.28,0.44,0.32,0.3,Samsung,South Korea,Premium,New,1238179,8.1,Mobile,Cash,0,12,0.546,0.259,1.0,0.831,1.0,1.0,0.791,0.64,1
CUST_01554,34,Female,Arusha,Christian,Haya,Secondary,"500,001-1,000,000",M-Pesa,4,0.09,0.67,0.69,0.0,Apple,USA,Premium,New,1680968,9.9,Physical Store,Cash,0,1,0.061,0.683,1.0,1.042,1.0,1.0,0.372,0.66,0
CUST_03565,26,Female,Arusha,Muslim,Others,No formal,"200,000-500,000",None,3,0.44,0.76,0.52,0.0,Samsung,South Korea,Premium,New,1521383,8.5,Physical Store,Mobile Money,1,12,0.036,0.442,0.9,0.849,1.0,1.0,0.48,0.61,1
CUST_01057,15,Male,Dar es Salaam,Christian,Haya,No formal,"200,000-500,000",Tigo Pesa,2,0.25,0.96,0.31,1.0,Nokia,Finland,Mid-Range,Used,132285,5.3,Online,Cash,0,12,0.683,0.164,1.0,0.598,0.6,0.8,0.714,0.69,1
CUST_00499,15,Female,Dar es Salaam,Christian,Gogo,Primary,"500,001-1,000,000",Halopesa,2,0.33,0.44,0.66,0.0,Oppo,China,Mid-Range,Used,177439,5.2,Physical Store,Card,1,12,0.805,0.343,1.0,0.939,0.6,1.0,0.652,0.68,1
CUST_00342,39,Female,Dodoma,Christian,Others,Primary,"500,001-1,000,000",Tigo Pesa,3,0.52,0.47,0.82,0.5,Apple,USA,Premium,New,2497983,8.5,Online,Cash,1,2,0.022,0.697,1.0,0.742,1.0,1.0,0.537,0.41,1
CUST_01623,26,Male,Mwanza,Christian,Gogo,No formal,"1,000,001-2,000,000",M-Pesa,3,0.15,0.3,0.85,0.5,Apple,USA,Premium,New,2140915,8.1,Physical Store,Mobile Money,1,2,0.465,0.688,1.0,1.114,1.0,1.0,0.618,0.46,0
CUST_04547,28,Female,Arusha,Muslim,Sukuma,Diploma,"500,001-1,000,000",M-Pesa,3,0.46,0.75,0.89,1.0,Infinix,China,Mid-Range,New,376776,7.4,Physical Store,Card,0,2,0.294,0.659,0.9,0.625,1.0,0.8,0.629,0.77,1
CUST_04999,15,Female,Tanga,Christian,Others,Diploma,"1,000,001-2,000,000",M-Pesa,3,0.35,0.41,0.74,0.7,Infinix,China,Mid-Range,Used,363577,6.1,Physical Store,Cash,1,2,0.627,0.451,1.0,0.824,0.6,1.0,0.652,0.69,1
CUST_04781,31,Female,Morogoro,Muslim,Sukuma,Primary,"<200,000",M-Pesa,2,0.25,0.99,0.81,0.0,Itel,China,Budget,New,81617,4.6,Physical Store,Cash,0,1,0.461,0.373,0.9,0.941,1.0,1.0,0.638,0.66,1
CUST_03314,32,Female,Tanga,Muslim,Others,Secondary,"200,000-500,000",Halopesa,2,0.07,0.71,0.86,0.3,Tecno,China,Mid-Range,Used,363435,6.8,Physical Store,Mobile Money,0,11,0.355,0.585,0.9,0.84,0.6,1.0,0.458,0.74,1
CUST_01833,28,Female,Zanzibar,Other,Makonde,Diploma,"200,000-500,000",Tigo Pesa,5,0.27,0.97,0.47,0.3,Vivo,China,Mid-Range,New,398371,7.5,Physical Store,Cash,1,1,0.034,0.352,1.0,0.967,1.0,1.0,0.532,0.77,1
CUST_02711,21,Female,Zanzibar,Christian,Sukuma,No formal,"<200,000",M-Pesa,2,0.39,0.97,0.41,0.3,Tecno,China,Mid-Range,New,285912,7.4,Physical Store,Mobile Money,0,2,0.307,0.303,1.0,0.991,1.0,1.0,0.641,0.79,1
CUST_01386,25,Male,Dodoma,Christian,Gogo,Secondary,"200,000-500,000",Tigo Pesa,4,0.01,0.8,0.69,0.0,Vivo,China,Mid-Range,Used,286571,5.1,Physical Store,Mobile Money,0,2,0.427,0.352,1.0,0.804,0.6,1.0,0.426,0.65,1
CUST_01124,36,Male,Dar es Salaam,Muslim,Nyamwezi,Primary,"<200,000",M-Pesa,3,0.42,0.89,0.73,0.3,Itel,China,Budget,New,150876,5.7,Physical Store,Cash,0,1,0.105,0.416,0.9,0.863,1.0,1.0,0.433,0.71,1
CUST_01455,29,Male,Arusha,Christian,Sukuma,Primary,"500,001-1,000,000",Tigo Pesa,3,0.16,0.48,0.51,1.0,Tecno,China,Mid-Range,New,408309,6.2,Physical Store,Cash,0,2,0.51,0.316,1.0,0.701,1.0,0.8,0.658,0.69,1
CUST_01503,34,Female,Dodoma,Muslim,Others,Primary,"500,001-1,000,000",Halopesa,3,0.13,0.79,0.78,0.7,Apple,USA,Premium,New,821466,9.9,Physical Store,Mobile Money,0,2,0.459,0.772,0.9,0.622,1.0,1.0,0.748,0.83,1
CUST_02990,31,Male,Dar es Salaam,Christian,Others,No formal,"1,000,001-2,000,000",M-Pesa,4,0.43,0.26,0.31,0.7,Apple,USA,Premium,New,1107682,9.8,Mobile,Cash,0,2,0.76,0.304,1.0,1.181,1.0,1.0,0.675,0.77,1
CUST_04848,35,Male,Zanzibar,Christian,Gogo,No formal,"1,000,001-2,000,000",Tigo Pesa,3,0.17,0.34,0.71,0.5,Tecno,China,Mid-Range,New,530351,7.4,Online,Mobile Money,0,1,0.549,0.525,1.0,0.557,1.0,1.0,0.819,0.74,1
CUST_03572,40,Female,Arusha,Christian,Others,Secondary,"<200,000",M-Pesa,1,0.14,0.79,0.66,0.3,Itel,China,Budget,Used,145236,5.6,Online,Cash,0,1,0.235,0.37,1.0,0.847,0.6,1.0,0.38,0.71,1
CUST_00470,15,Male,Dar es Salaam,Muslim,Nyamwezi,Primary,"200,000-500,000",Airtel Money,3,0.11,0.78,0.83,0.5,Samsung,South Korea,Premium,New,1656212,8.5,Physical Store,Cash,0,12,0.0,0.705,0.9,0.93,1.0,1.0,0.506,0.58,1
CUST_03025,15,Male,Morogoro,Christian,Sukuma,Bachelor,"500,001-1,000,000",Halopesa,3,0.46,0.68,0.47,0.0,Tecno,China,Mid-Range,New,323439,7.8,Physical Store,Cash,0,2,0.45,0.367,1.0,0.541,1.0,1.0,0.54,0.8,1
CUST_03486,38,Female,Dar es Salaam,Christian,Others,Primary,"200,000-500,000",Airtel Money,1,0.53,0.93,0.79,0.3,Samsung,South Korea,Premium,New,1218838,9.8,Mobile,Cash,0,2,0.055,0.774,1.0,1.039,1.0,1.0,0.692,0.74,1
CUST_02439,27,Male,Arusha,Christian,Others,Secondary,"<200,000",Tigo Pesa,3,0.15,0.74,0.39,0.5,Huawei,China,Premium,New,1001342,9.1,Physical Store,Mobile Money,0,1,0.383,0.355,1.0,0.814,1.0,1.0,0.461,0.75,0
CUST_00543,32,Female,Dodoma,Muslim,Others,Secondary,"200,000-500,000",Tigo Pesa,4,0.61,0.99,0.55,0.5,Nokia,Finland,Mid-Range,New,416582,7.5,Physical Store,Cash,0,2,0.0,0.413,0.9,0.53,1.0,1.0,0.585,0.77,1
CUST_04607,40,Male,Dar es Salaam,Christian,Makonde,Primary,"<200,000",Halopesa,3,0.21,0.78,0.77,0.3,Nokia,Finland,Mid-Range,New,536529,7.8,Mobile,Mobile Money,0,12,0.0,0.601,1.0,0.727,1.0,1.0,0.551,0.76,1
CUST_04105,15,Male,Morogoro,Christian,Others,No formal,"500,001-1,000,000",Tigo Pesa,3,0.31,0.72,0.88,0.3,Samsung,South Korea,Premium,New,2353996,8.8,Physical Store,Mobile Money,1,1,0.0,0.774,1.0,1.027,1.0,1.0,0.631,0.46,1
CUST_02761,39,Female,Morogoro,Christian,Makonde,Primary,"200,000-500,000",M-Pesa,2,0.28,0.77,0.77,0.3,Infinix,China,Mid-Range,New,494781,7.6,Physical Store,Cash,0,1,0.048,0.585,1.0,0.836,1.0,1.0,0.441,0.76,1
CUST_00962,16,Male,Mwanza,Christian,Others,Secondary,">2,000,000",Airtel Money,5,0.14,0.48,0.39,0.7,Tecno,China,Mid-Range,New,564232,6.9,Physical Store,Mobile Money,1,2,0.323,0.269,1.0,0.704,1.0,1.0,0.54,0.7,1
CUST_01510,17,Female,Dar es Salaam,Christian,Sukuma,Secondary,"200,000-500,000",Tigo Pesa,4,0.46,0.89,0.47,0.7,Samsung,South Korea,Premium,New,1058513,8.2,Physical Store,Mobile Money,0,1,0.215,0.385,1.0,1.025,1.0,1.0,0.49,0.68,0
CUST_02491,25,Male,Mbeya,Christian,Others,Master+,"<200,000",None,4,0.35,0.8,0.49,0.7,Infinix,China,Mid-Range,New,411441,7.2,Physical Store,Mobile Money,0,7,0.177,0.353,1.0,0.898,1.0,1.0,0.556,0.75,1
CUST_03285,41,Male,Dar es Salaam,Christian,Chagga,Secondary,"1,000,001-2,000,000",Airtel Money,1,0.16,0.26,0.54,0.5,Oppo,China,Mid-Range,New,269059,6.7,Online,Mobile Money,0,12,0.825,0.362,1.0,0.714,1.0,1.0,0.714,0.75,1
CUST_04002,41,Female,Morogoro,Christian,Others,Secondary,"200,000-500,000",Halopesa,4,0.24,0.93,0.74,0.5,Itel,China,Budget,New,184346,5.9,Physical Store,Cash,1,2,0.0,0.437,1.0,0.798,1.0,1.0,0.349,0.72,1
CUST_04207,28,Female,Mwanza,Christian,Sukuma,Primary,"500,001-1,000,000",Tigo Pesa,2,0.3,0.7,0.63,0.0,Xiaomi,China,Mid-Range,Used,352423,6.4,Mobile,Mobile Money,0,2,0.383,0.403,1.0,0.659,0.6,1.0,0.584,0.71,1
CUST_00066,24,Female,Dodoma,Christian,Sukuma,Secondary,"<200,000",Airtel Money,2,0.05,0.73,0.83,0.3,Infinix,China,Mid-Range,New,489246,7.2,Physical Store,Cash,0,2,0.107,0.598,1.0,0.541,1.0,1.0,0.628,0.73,1
CUST_04573,27,Female,Dar es Salaam,Christian,Sukuma,Primary,">2,000,000",M-Pesa,1,0.14,0.14,0.53,0.7,Nokia,Finland,Mid-Range,New,378404,7.4,Online,Card,0,2,0.868,0.392,1.0,0.754,1.0,1.0,0.744,0.77,1
CUST_00025,15,Male,Morogoro,Christian,Others,Secondary,"500,001-1,000,000",Airtel Money,4,0.26,0.58,0.83,0.3,Apple,USA,Premium,New,1253060,8.4,Physical Store,Cash,0,11,0.394,0.697,1.0,0.793,1.0,1.0,0.557,0.65,0
CUST_00122,34,Female,Dar es Salaam,Christian,Nyamwezi,Secondary,"<200,000",Halopesa,4,0.17,0.84,0.59,0.0,Tecno,China,Mid-Range,New,546748,7.2,Physical Store,Cash,0,2,0.0,0.425,1.0,0.584,1.0,1.0,0.383,0.72,1
CUST_00550,27,Female,Dodoma,Christian,Sukuma,Primary,"500,001-1,000,000",Airtel Money,4,0.13,0.48,0.48,0.0,Nokia,Finland,Mid-Range,New,390718,7.6,Physical Store,Cash,0,12,0.531,0.365,1.0,0.717,1.0,1.0,0.471,0.78,1
CUST_03572,40,Female,Arusha,Christian,Others,Secondary,"<200,000",M-Pesa,1,0.14,0.79,0.66,0.3,Samsung,South Korea,Premium,New,1800130,9.9,Physical Store,Mobile Money,1,10,0.0,0.653,1.0,0.781,1.0,1.0,0.508,0.63,1
CUST_00162,37,Female,Arusha,Christian,Sukuma,Diploma,"<200,000",Halopesa,4,0.26,0.72,0.44,0.3,Tecno,China,Mid-Range,New,477815,7.7,Physical Store,Mobile Money,0,12,0.14,0.339,1.0,0.595,1.0,1.0,0.489,0.77,1
CUST_04634,15,Male,Dodoma,Christian,Others,Diploma,"<200,000",Airtel Money,2,0.18,0.92,0.68,0.3,Huawei,China,Premium,New,1776875,10.0,Online,Card,0,1,0.0,0.68,1.0,0.792,1.0,1.0,0.53,0.64,1
CUST_03451,30,Female,Arusha,Muslim,Makonde,Bachelor,"500,001-1,000,000",M-Pesa,3,0.31,0.76,0.47,0.7,Nokia,Finland,Mid-Range,New,487652,6.6,Physical Store,Cash,0,1,0.073,0.31,0.9,0.536,1.0,1.0,0.523,0.7,0
CUST_03281,15,Male,Mwanza,Muslim,Others,Primary,"500,001-1,000,000",M-Pesa,3,0.1,0.43,0.73,0.7,Xiaomi,China,Mid-Range,New,307881,6.7,Physical Store,Mobile Money,0,2,0.669,0.489,0.9,0.807,1.0,1.0,0.852,0.74,1
CUST_04039,25,Male,Morogoro,Christian,Chagga,Primary,"<200,000",Tigo Pesa,5,0.19,0.98,0.79,0.3,Huawei,China,Premium,New,1753906,9.4,Physical Store,Cash,0,2,0.0,0.743,1.0,0.852,1.0,1.0,0.587,0.61,1
CUST_02519,23,Male,Arusha,Christian,Sukuma,Bachelor,"500,001-1,000,000",Airtel Money,3,0.27,0.67,0.66,0.0,Samsung,South Korea,Premium,New,610306,9.1,Mobile,Mobile Money,1,12,0.659,0.601,1.0,0.843,1.0,1.0,0.874,0.82,1
CUST_03680,31,Female,Zanzibar,Christian,Others,Primary,"200,000-500,000",Airtel Money,2,0.26,0.98,0.48,0.5,Tecno,China,Mid-Range,New,268504,6.6,Physical Store,Cash,0,1,0.342,0.317,1.0,0.577,1.0,1.0,0.521,0.74,1
CUST_04918,27,Male,Morogoro,Muslim,Others,Primary,"<200,000",Halopesa,3,0.01,0.87,0.51,0.3,Vivo,China,Mid-Range,Used,415677,5.4,Mobile,Mobile Money,0,2,0.096,0.275,0.9,0.939,0.6,1.0,0.317,0.64,1
CUST_03957,29,Female,Mwanza,Christian,Others,Primary,"500,001-1,000,000",M-Pesa,3,0.24,0.44,0.78,0.7,Xiaomi,China,Mid-Range,New,530718,6.5,Physical Store,Cash,1,2,0.416,0.507,1.0,0.743,1.0,1.0,0.362,0.68,1
CUST_02369,19,Female,Tanga,Muslim,Nyamwezi,Master+,"200,000-500,000",Airtel Money,4,0.29,0.96,0.45,0.3,Huawei,China,Premium,New,643458,9.2,Physical Store,Mobile Money,1,1,0.485,0.414,0.9,0.733,1.0,1.0,0.585,0.82,1
CUST_03109,33,Female,Dar es Salaam,Muslim,Others,Secondary,"200,000-500,000",Airtel Money,2,0.08,0.76,0.63,0.5,Infinix,China,Mid-Range,Used,396504,5.9,Online,Cash,0,2,0.247,0.372,0.9,0.96,0.6,1.0,0.54,0.67,1
CUST_04823,39,Female,Zanzibar,Christian,Others,Diploma,"500,001-1,000,000",Tigo Pesa,1,0.17,0.66,0.37,0.0,Samsung,South Korea,Premium,New,744133,8.8,Physical Store,Mobile Money,0,2,0.591,0.326,1.0,0.865,1.0,1.0,0.591,0.78,1
CUST_02595,36,Female,Mwanza,Christian,Others,Secondary,"200,000-500,000",Airtel Money,4,0.12,0.79,0.86,0.5,Apple,USA,Premium,New,1705379,8.8,Physical Store,Mobile Money,0,1,0.0,0.757,1.0,1.072,1.0,1.0,0.69,0.59,1
CUST_00446,20,Female,Mwanza,Christian,Gogo,Secondary,"500,001-1,000,000",M-Pesa,3,0.41,0.43,0.81,0.3,Infinix,China,Mid-Range,New,276050,7.6,Physical Store,Card,1,2,0.703,0.616,1.0,0.676,1.0,1.0,0.834,0.8,1
CUST_02586,19,Female,Dar es Salaam,Muslim,Haya,Secondary,"1,000,001-2,000,000",Tigo Pesa,2,0.29,0.34,0.6,0.5,Huawei,China,Premium,New,1516805,9.5,Physical Store,Cash,0,2,0.57,0.57,0.9,0.561,1.0,1.0,0.656,0.67,1
CUST_01670,22,Female,Dar es Salaam,Christian,Gogo,Secondary,"200,000-500,000",Tigo Pesa,1,0.3,0.79,0.62,0.5,Samsung,South Korea,Premium,New,733042,9.0,Physical Store,Mobile Money,0,2,0.517,0.558,1.0,1.076,1.0,1.0,0.851,0.79,1
CUST_02137,15,Male,Arusha,Christian,Sukuma,Secondary,"500,001-1,000,000",Halopesa,3,0.3,0.69,0.55,0.5,Apple,USA,Premium,New,879186,9.4,Physical Store,Mobile Money,0,2,0.494,0.517,1.0,0.602,1.0,1.0,0.654,0.79,1
CUST_02418,22,Female,Arusha,Muslim,Others,Primary,"1,000,001-2,000,000",Tigo Pesa,3,0.09,0.43,0.69,0.3,Samsung,South Korea,Premium,New,864744,9.8,Physical Store,Cash,1,1,0.69,0.676,0.9,0.86,1.0,1.0,0.9,0.82,1
CUST_00192,45,Male,Tanga,Christian,Haya,Primary,"200,000-500,000",Tigo Pesa,2,0.3,0.99,0.67,0.5,Huawei,China,Premium,New,1010951,9.2,Physical Store,Mobile Money,0,1,0.166,0.616,1.0,0.694,1.0,1.0,0.538,0.75,1
CUST_01591,33,Female,Zanzibar,Christian,Haya,Secondary,"200,000-500,000",Airtel Money,4,0.06,0.95,0.72,0.0,Samsung,South Korea,Premium,New,1317940,8.6,Physical Store,Cash,0,2,0.0,0.619,1.0,0.604,1.0,1.0,0.558,0.65,1
CUST_04435,31,Female,Mwanza,Muslim,Sukuma,Bachelor,"200,000-500,000",Halopesa,1,0.34,0.79,0.59,0.3,Huawei,China,Premium,New,1822568,9.7,Physical Store,Cash,1,2,0.0,0.572,0.9,0.857,1.0,1.0,0.475,0.62,1
CUST_02204,42,Female,Dar es Salaam,Christian,Gogo,Primary,"<200,000",Tigo Pesa,5,0.32,0.92,0.6,0.5,Infinix,China,Mid-Range,New,372680,6.5,Physical Store,Cash,1,12,0.143,0.39,1.0,0.9,1.0,1.0,0.584,0.72,1
CUST_03846,22,Female,Dar es Salaam,Muslim,Gogo,Primary,"200,000-500,000",Tigo Pesa,3,0.25,0.92,0.58,0.0,Xiaomi,China,Mid-Range,New,355496,7.6,Physical Store,Cash,1,2,0.182,0.441,0.9,0.645,1.0,1.0,0.498,0.78,1
CUST_02555,33,Female,Tanga,Christian,Sukuma,Primary,"200,000-500,000",Tigo Pesa,5,0.38,0.71,0.52,0.7,Xiaomi,China,Mid-Range,New,448966,6.1,Physical Store,Cash,0,2,0.203,0.317,1.0,0.79,1.0,1.0,0.526,0.68,1
CUST_02394,20,Male,Zanzibar,Muslim,Nyamwezi,No formal,"200,000-500,000",None,5,0.17,0.7,0.6,0.5,Apple,USA,Premium,New,2415303,8.1,Physical Store,Cash,0,12,0.0,0.486,0.9,0.836,1.0,1.0,0.542,0.4,1
CUST_01259,28,Female,Dar es Salaam,Christian,Haya,No formal,"200,000-500,000",Halopesa,5,0.07,0.99,0.62,0.3,Apple,USA,Premium,New,1016565,8.5,Online,Cash,0,2,0.161,0.527,1.0,0.747,1.0,1.0,0.601,0.71,1
CUST_02218,34,Female,Dodoma,Christian,Chagga,Secondary,"200,000-500,000",Halopesa,1,0.04,0.89,0.32,0.5,Oppo,China,Mid-Range,New,420281,6.7,Physical Store,Card,0,12,0.065,0.214,1.0,0.619,1.0,1.0,0.381,0.72,1
CUST_00516,45,Male,Dar es Salaam,Christian,Others,Primary,"500,001-1,000,000",Halopesa,2,0.44,0.61,0.39,0.0,Samsung,South Korea,Premium,New,2037969,10.0,Physical Store,Mobile Money,0,2,0.0,0.39,1.0,0.64,1.0,1.0,0.527,0.59,1
CUST_00307,36,Male,Dodoma,Muslim,Chagga,Diploma,"200,000-500,000",M-Pesa,4,0.27,1.0,0.43,0.0,Apple,USA,Premium,New,1349553,8.0,Mobile,Cash,0,2,0.0,0.344,0.9,0.885,1.0,1.0,0.519,0.61,1
CUST_01583,38,Female,Arusha,Christian,Makonde,Secondary,"200,000-500,000",M-Pesa,4,0.83,0.98,0.87,0.0,Tecno,China,Mid-Range,New,377767,6.5,Online,Cash,0,2,0.074,0.566,1.0,0.796,1.0,1.0,0.592,0.71,1
CUST_03353,29,Female,Tanga,Christian,Others,Primary,"500,001-1,000,000",Tigo Pesa,5,0.36,0.47,0.47,0.5,Apple,USA,Premium,New,1282918,9.0,Physical Store,Mobile Money,0,2,0.498,0.423,1.0,0.621,1.0,1.0,0.72,0.68,1
CUST_02523,31,Female,Arusha,Christian,Chagga,Bachelor,"200,000-500,000",Airtel Money,3,0.31,0.91,0.88,0.3,Apple,USA,Premium,New,793347,8.6,Online,Mobile Money,1,12,0.398,0.757,1.0,1.056,1.0,1.0,0.79,0.76,1
CUST_02070,26,Male,Morogoro,Christian,Others,Secondary,"200,000-500,000",Tigo Pesa,4,0.07,0.85,0.89,0.3,Oppo,China,Mid-Range,Used,436694,5.6,Physical Store,Cash,0,2,0.072,0.498,1.0,0.953,0.6,1.0,0.252,0.65,1
CUST_02716,24,Female,Dodoma,Christian,Others,Diploma,"1,000,001-2,000,000",Halopesa,5,0.38,0.23,0.71,0.0,Tecno,China,Mid-Range,New,552566,6.5,Physical Store,Mobile Money,0,2,0.682,0.461,1.0,0.794,1.0,1.0,0.531,0.68,1
CUST_02589,26,Female,Dodoma,Muslim,Makonde,Secondary,">2,000,000",None,4,0.31,0.23,0.72,1.0,Apple,USA,Premium,New,2255903,8.2,Online,Cash,1,1,0.568,0.59,0.9,1.07,1.0,0.8,0.818,0.44,1
CUST_00962,16,Male,Mwanza,Christian,Others,Secondary,">2,000,000",Airtel Money,5,0.14,0.48,0.39,0.7,Apple,USA,Premium,New,1847732,8.7,Physical Store,Cash,0,2,0.261,0.339,1.0,0.858,1.0,1.0,0.586,0.55,1
CUST_03829,19,Female,Dar es Salaam,Christian,Others,Secondary,"500,001-1,000,000",Tigo Pesa,4,0.29,0.42,0.42,0.7,Samsung,South Korea,Premium,New,1814695,8.3,Physical Store,Card,0,2,0.365,0.349,1.0,0.992,1.0,1.0,0.643,0.54,1
CUST_03127,27,Female,Mbeya,Christian,Others,Secondary,"500,001-1,000,000",Airtel Money,1,0.23,0.49,0.8,0.3,Huawei,China,Premium,New,1877422,8.8,Physical Store,Card,1,1,0.233,0.704,1.0,0.89,1.0,1.0,0.607,0.55,0
CUST_02280,40,Male,Mwanza,Christian,Sukuma,Primary,"1,000,001-2,000,000",None,4,0.16,0.27,0.71,0.5,Xiaomi,China,Mid-Range,New,564749,6.6,Physical Store,Card,0,2,0.619,0.469,1.0,0.775,1.0,1.0,0.788,0.68,1
CUST_00615,15,Male,Mbeya,Christian,Others,Diploma,"200,000-500,000",Tigo Pesa,3,0.11,0.83,0.59,0.7,Oppo,China,Mid-Range,Used,455511,6.1,Mobile,Cash,0,2,0.055,0.36,1.0,0.738,0.6,1.0,0.488,0.67,1
CUST_00798,30,Male,Dar es Salaam,Christian,Others,No formal,">2,000,000",M-Pesa,5,0.3,0.33,0.62,0.7,Huawei,China,Premium,New,1532470,9.9,Physical Store,Cash,1,2,0.579,0.614,1.0,0.588,1.0,1.0,0.698,0.69,1
CUST_03048,20,Female,Morogoro,Christian,Others,Secondary,"500,001-1,000,000",Tigo Pesa,5,0.09,0.74,0.82,0.7,Vivo,China,Mid-Range,New,372860,7.1,Physical Store,Cash,0,2,0.31,0.582,1.0,0.752,1.0,1.0,0.713,0.75,1
CUST_04576,28,Female,Dar es Salaam,Muslim,Gogo,Secondary,"<200,000",M-Pesa,2,0.37,0.96,0.63,0.3,Infinix,China,Mid-Range,New,588033,6.7,Physical Store,Cash,0,1,0.0,0.422,0.9,0.85,1.0,1.0,0.346,0.68,1
CUST_02300,32,Female,Dodoma,Christian,Others,Primary,"500,001-1,000,000",Airtel Money,2,0.35,0.58,0.8,0.5,Tecno,China,Mid-Range,New,494377,7.9,Physical Store,Cash,0,2,0.283,0.632,1.0,0.852,1.0,1.0,0.744,0.78,1
CUST_01049,22,Female,Arusha,Christian,Others,No formal,"500,001-1,000,000",Tigo Pesa,5,0.26,0.57,0.88,0.5,Xiaomi,China,Mid-Range,New,520693,6.4,Physical Store,Card,0,1,0.258,0.563,1.0,0.749,1.0,1.0,0.708,0.68,1
CUST_02193,15,Female,Dodoma,Christian,Others,Secondary,"200,000-500,000",None,5,0.26,0.79,0.9,0.0,Vivo,China,Mid-Range,New,558287,7.0,Physical Store,Cash,0,2,0.0,0.63,1.0,0.956,1.0,1.0,0.535,0.71,0
CUST_01168,29,Male,Arusha,Christian,Makonde,Secondary,"200,000-500,000",M-Pesa,4,0.08,0.85,0.56,0.3,Tecno,China,Mid-Range,New,585507,7.8,Physical Store,Mobile Money,0,1,0.0,0.437,1.0,0.985,1.0,1.0,0.58,0.75,1
CUST_03255,35,Male,Dar es Salaam,Christian,Gogo,Secondary,"200,000-500,000",M-Pesa,2,0.39,0.77,0.31,0.5,Nokia,Finland,Mid-Range,New,364940,6.3,Physical Store,Cash,0,2,0.297,0.195,1.0,0.846,1.0,1.0,0.523,0.71,0
CUST_02440,29,Male,Arusha,Muslim,Sukuma,Diploma,"<200,000",Airtel Money,4,0.03,0.72,0.64,0.3,Apple,USA,Premium,New,1927206,9.8,Physical Store,Mobile Money,0,1,0.0,0.627,0.9,0.857,1.0,1.0,0.515,0.6,1
CUST_03657,22,Female,Mwanza,Christian,Haya,No formal,"<200,000",None,3,0.53,0.82,0.65,1.0,Vivo,China,Mid-Range,New,500299,6.3,Physical Store,Cash,0,2,0.0,0.41,1.0,0.53,1.0,0.8,0.374,0.68,1
CUST_02329,25,Male,Mbeya,Muslim,Sukuma,Primary,"<200,000",Tigo Pesa,3,0.27,0.78,0.64,0.3,Infinix,China,Mid-Range,New,452124,6.1,Physical Store,Mobile Money,1,2,0.118,0.39,0.9,0.833,1.0,1.0,0.552,0.68,1
CUST_03104,34,Male,Dodoma,Muslim,Others,Secondary,"1,000,001-2,000,000",Tigo Pesa,5,0.51,0.45,0.43,0.3,Samsung,South Korea,Premium,New,766783,9.1,Physical Store,Cash,0,2,0.712,0.391,0.9,1.078,1.0,1.0,0.543,0.79,1
CUST_02228,43,Male,Mwanza,Christian,Sukuma,Secondary,"<200,000",M-Pesa,4,0.4,0.88,0.72,0.7,Tecno,China,Mid-Range,New,376865,6.6,Physical Store,Mobile Money,0,2,0.171,0.475,1.0,0.523,1.0,1.0,0.619,0.72,1
CUST_02429,39,Male,Dodoma,Muslim,Nyamwezi,Primary,"500,001-1,000,000",Halopesa,1,0.09,0.65,0.89,0.0,Tecno,China,Mid-Range,New,340367,7.2,Physical Store,Cash,1,2,0.447,0.641,0.9,0.763,1.0,1.0,0.765,0.76,1
CUST_03764,30,Female,Dodoma,Muslim,Makonde,No formal,"200,000-500,000",Airtel Money,2,0.54,0.89,0.79,0.3,Vivo,China,Mid-Range,New,548482,6.3,Physical Store,Cash,0,2,0.0,0.498,0.9,0.558,1.0,1.0,0.486,0.67,1
CUST_00033,29,Female,Mbeya,Muslim,Others,Diploma,"200,000-500,000",M-Pesa,1,0.3,0.74,0.31,0.3,Tecno,China,Mid-Range,New,330915,6.2,Physical Store,Cash,1,2,0.388,0.192,0.9,0.804,1.0,1.0,0.644,0.71,1
CUST_02229,34,Female,Tanga,Muslim,Others,Diploma,"<200,000",M-Pesa,3,0.24,0.72,0.55,0.3,Nokia,Finland,Mid-Range,New,355954,7.8,Physical Store,Cash,0,2,0.359,0.429,0.9,0.861,1.0,1.0,0.503,0.8,1
CUST_02781,20,Male,Dodoma,Christian,Chagga,Bachelor,"200,000-500,000",Airtel Money,3,0.51,0.78,0.6,0.3,Oppo,China,Mid-Range,New,328393,6.9,Physical Store,Mobile Money,0,2,0.36,0.414,1.0,0.956,1.0,1.0,0.789,0.75,0
CUST_04532,30,Male,Zanzibar,Christian,Sukuma,Primary,"<200,000",None,2,0.17,0.73,0.3,0.5,Infinix,China,Mid-Range,New,471244,7.2,Physical Store,Cash,0,2,0.14,0.216,1.0,0.889,1.0,1.0,0.465,0.74,1
CUST_01884,21,Male,Zanzibar,Christian,Others,Secondary,"200,000-500,000",Airtel Money,2,0.29,0.89,0.33,1.0,Infinix,China,Mid-Range,New,577949,7.4,Physical Store,Mobile Money,0,2,0.0,0.244,1.0,0.982,1.0,0.8,0.484,0.73,1
CUST_00582,15,Female,Arusha,Christian,Gogo,Secondary,"200,000-500,000",None,3,0.04,0.98,0.63,0.5,Oppo,China,Mid-Range,New,341006,8.0,Online,Cash,0,2,0.165,0.504,1.0,0.595,1.0,1.0,0.581,0.81,1
CUST_00110,35,Female,Morogoro,Christian,Others,No formal,"200,000-500,000",Halopesa,2,0.58,0.98,0.44,0.0,Tecno,China,Mid-Range,New,437495,6.8,Physical Store,Cash,0,1,0.0,0.299,1.0,0.863,1.0,1.0,0.476,0.72,0
CUST_03441,44,Female,Dodoma,Christian,Others,Secondary,"200,000-500,000",None,5,0.24,0.89,0.49,0.5,Vivo,China,Mid-Range,New,281879,6.9,Physical Store,Mobile Money,0,2,0.373,0.338,1.0,0.561,1.0,1.0,0.729,0.76,0
CUST_00092,18,Male,Mbeya,Muslim,Chagga,No formal,"<200,000",Airtel Money,2,0.51,0.78,0.88,0.3,Samsung,South Korea,Premium,New,664382,9.6,Physical Store,Mobile Money,0,2,0.568,0.845,0.9,0.701,1.0,1.0,0.911,0.84,1
CUST_04768,23,Male,Mbeya,Muslim,Sukuma,Secondary,"<200,000",Halopesa,4,0.16,0.75,0.64,0.0,Samsung,South Korea,Premium,New,2460177,8.5,Physical Store,Mobile Money,1,2,0.0,0.544,0.9,0.971,1.0,1.0,0.55,0.42,1
CUST_00312,29,Male,Zanzibar,Muslim,Sukuma,Secondary,"1,000,001-2,000,000",Airtel Money,3,0.27,0.25,0.88,0.5,Huawei,China,Premium,Used,1819633,7.3,Online,Cash,1,11,0.621,0.642,0.9,0.718,0.6,1.0,0.681,0.47,1
CUST_00185,26,Female,Mwanza,Muslim,Sukuma,Secondary,"500,001-1,000,000",M-Pesa,4,0.27,0.49,0.46,0.3,Nokia,Finland,Mid-Range,New,411848,7.6,Physical Store,Cash,1,8,0.495,0.35,0.9,0.516,1.0,1.0,0.707,0.77,1
CUST_04715,20,Female,Arusha,Muslim,Chagga,Diploma,"<200,000",Airtel Money,2,0.08,0.88,0.54,0.0,Apple,USA,Premium,New,741936,8.3,Physical Store,Mobile Money,0,2,0.456,0.448,0.9,1.09,1.0,1.0,0.589,0.75,1
CUST_03621,38,Male,Tanga,Christian,Sukuma,No formal,"200,000-500,000",Tigo Pesa,5,0.41,0.88,0.69,0.0,Xiaomi,China,Mid-Range,New,415094,7.2,Physical Store,Mobile Money,1,2,0.087,0.497,1.0,0.858,1.0,1.0,0.665,0.75,0
CUST_02643,25,Male,Mwanza,Muslim,Nyamwezi,Master+,"200,000-500,000",Halopesa,5,0.17,0.96,0.48,0.3,Huawei,China,Premium,New,2192837,9.6,Physical Store,Mobile Money,0,12,0.0,0.461,0.9,0.688,1.0,1.0,0.565,0.54,0
CUST_03592,15,Male,Morogoro,Muslim,Others,Secondary,"1,000,001-2,000,000",M-Pesa,3,0.36,0.13,0.84,0.0,Vivo,China,Mid-Range,New,573607,6.7,Physical Store,Cash,0,2,0.814,0.563,0.9,0.631,1.0,1.0,0.595,0.69,1
CUST_03653,27,Male,Tanga,Christian,Others,No formal,"500,001-1,000,000",Tigo Pesa,5,0.09,0.62,0.43,0.7,Itel,China,Budget,Used,122208,3.9,Physical Store,Cash,0,12,0.495,0.168,1.0,0.818,0.6,1.0,0.286,0.61,1
CUST_03720,16,Male,Zanzibar,Christian,Sukuma,Diploma,"<200,000",Tigo Pesa,5,0.11,0.84,0.72,0.5,Tecno,China,Mid-Range,New,583750,7.7,Physical Store,Cash,0,1,0.0,0.554,1.0,0.704,1.0,1.0,0.563,0.75,1
CUST_04433,43,Female,Mbeya,Christian,Others,Primary,"1,000,001-2,000,000",M-Pesa,3,0.11,0.4,0.59,0.5,Tecno,China,Mid-Range,New,556073,7.4,Physical Store,Cash,0,2,0.444,0.437,1.0,0.829,1.0,1.0,0.611,0.73,1
CUST_00946,24,Male,Arusha,Christian,Sukuma,Secondary,"<200,000",Airtel Money,3,0.29,0.94,0.76,0.3,Nokia,Finland,Mid-Range,New,458631,6.4,Physical Store,Cash,0,2,0.0,0.486,1.0,0.545,1.0,1.0,0.386,0.69,1
CUST_02075,20,Male,Mwanza,Christian,Nyamwezi,Primary,"200,000-500,000",Tigo Pesa,3,0.4,0.88,0.35,0.5,Samsung,South Korea,Premium,New,950824,9.2,Physical Store,Cash,0,2,0.303,0.322,1.0,0.728,1.0,1.0,0.632,0.76,1
CUST_04423,47,Male,Dar es Salaam,Christian,Others,No formal,"<200,000",Tigo Pesa,3,0.22,0.89,0.83,0.0,Huawei,China,Premium,New,1501844,8.8,Online,Mobile Money,0,2,0.0,0.73,1.0,0.564,1.0,1.0,0.488,0.63,1
CUST_03289,24,Male,Mbeya,Muslim,Makonde,Primary,">2,000,000",M-Pesa,2,0.13,0.35,0.54,0.0,Huawei,China,Premium,New,970202,9.6,Online,Mobile Money,0,1,0.717,0.518,0.9,0.574,1.0,1.0,0.605,0.78,1
CUST_02958,41,Female,Zanzibar,Christian,Others,Primary,"500,001-1,000,000",M-Pesa,2,0.2,0.6,0.51,0.5,Tecno,China,Mid-Range,New,402807,7.1,Mobile,Cash,1,2,0.396,0.362,1.0,0.83,1.0,1.0,0.677,0.75,1
CUST_00808,22,Female,Mwanza,Christian,Sukuma,Master+,"<200,000",M-Pesa,2,0.33,0.83,0.67,0.5,Vivo,China,Mid-Range,New,404689,6.9,Physical Store,Cash,0,2,0.16,0.462,1.0,0.647,1.0,1.0,0.543,0.73,1
CUST_00463,15,Male,Zanzibar,Christian,Haya,Secondary,"200,000-500,000",Airtel Money,2,0.19,0.94,0.84,0.5,Itel,China,Budget,New,235876,5.3,Physical Store,Mobile Money,0,2,0.0,0.445,1.0,0.55,1.0,1.0,0.354,0.67,1
CUST_01815,37,Female,Arusha,Christian,Others,Secondary,"200,000-500,000",M-Pesa,5,0.19,0.9,0.67,0.3,Itel,China,Budget,New,230293,5.3,Physical Store,Mobile Money,0,1,0.0,0.355,1.0,0.677,1.0,1.0,0.358,0.67,0
CUST_03011,22,Male,Mbeya,Christian,Nyamwezi,Primary,">2,000,000",Tigo Pesa,4,0.1,0.36,0.86,0.0,Samsung,South Korea,Premium,New,1444282,9.7,Physical Store,Mobile Money,0,2,0.567,0.834,1.0,1.082,1.0,1.0,0.715,0.69,1
CUST_01392,41,Male,Morogoro,Christian,Others,Diploma,"1,000,001-2,000,000",Airtel Money,4,0.24,0.12,0.52,0.3,Samsung,South Korea,Premium,New,1917090,9.7,Physical Store,Cash,0,1,0.808,0.504,1.0,1.189,1.0,1.0,0.888,0.6,1
CUST_01441,19,Male,Arusha,Muslim,Sukuma,Secondary,"200,000-500,000",Tigo Pesa,2,0.52,0.72,0.7,0.3,Xiaomi,China,Mid-Range,New,260452,7.8,Physical Store,Cash,1,2,0.531,0.546,0.9,0.647,1.0,1.0,0.821,0.82,1
CUST_02908,17,Male,Tanga,Christian,Others,Primary,"<200,000",M-Pesa,4,0.22,0.81,0.47,0.0,Tecno,China,Mid-Range,New,469366,7.7,Physical Store,Mobile Money,0,2,0.05,0.362,1.0,0.767,1.0,1.0,0.523,0.77,1
CUST_01339,42,Female,Dar es Salaam,Christian,Others,No formal,"200,000-500,000",M-Pesa,5,0.44,0.98,0.44,0.0,Samsung,South Korea,Premium,New,1224526,8.7,Online,Cash,0,1,0.0,0.383,1.0,1.085,1.0,1.0,0.429,0.68,1
CUST_00252,18,Female,Arusha,Christian,Others,Primary,"500,001-1,000,000",M-Pesa,4,0.1,0.55,0.34,0.3,Apple,USA,Premium,New,1526852,8.7,Physical Store,Cash,0,2,0.3,0.296,1.0,0.753,1.0,1.0,0.606,0.62,1
CUST_03787,22,Male,Dar es Salaam,Muslim,Others,Primary,"<200,000",Airtel Money,2,0.27,0.86,0.75,0.3,Huawei,China,Premium,New,2193345,9.0,Physical Store,Cash,0,11,0.0,0.675,0.9,0.656,1.0,1.0,0.51,0.5,1
CUST_01063,42,Female,Tanga,Muslim,Others,No formal,"500,001-1,000,000",Airtel Money,4,0.35,0.55,0.67,0.5,Tecno,China,Mid-Range,New,566513,6.9,Physical Store,Cash,1,11,0.221,0.462,0.9,0.714,1.0,1.0,0.684,0.7,1
CUST_02833,37,Male,Dodoma,Christian,Others,Diploma,"500,001-1,000,000",M-Pesa,4,0.3,0.63,0.39,0.5,Nokia,Finland,Mid-Range,New,559252,7.7,Physical Store,Cash,0,2,0.119,0.3,1.0,0.594,1.0,1.0,0.358,0.75,1
CUST_00722,20,Female,Dar es Salaam,Christian,Others,Diploma,"200,000-500,000",M-Pesa,3,0.23,0.73,0.47,0.7,Tecno,China,Mid-Range,New,445775,6.5,Physical Store,Cash,1,2,0.186,0.306,1.0,0.724,1.0,1.0,0.484,0.7,1
CUST_00760,25,Male,Dar es Salaam,Muslim,Others,Primary,"200,000-500,000",Tigo Pesa,2,0.05,0.73,0.78,1.0,Vivo,China,Mid-Range,New,326664,6.0,Physical Store,Cash,0,2,0.404,0.468,0.9,0.521,1.0,0.8,0.619,0.69,1
CUST_02480,28,Male,Arusha,Muslim,Makonde,Primary,"<200,000",Halopesa,5,0.08,0.78,0.32,0.7,Vivo,China,Mid-Range,New,576600,7.5,Physical Store,Mobile Money,1,2,0.0,0.24,0.9,0.744,1.0,1.0,0.528,0.73,1
CUST_04361,33,Male,Dar es Salaam,Christian,Nyamwezi,Bachelor,"<200,000",M-Pesa,3,0.4,0.82,0.9,0.0,Apple,USA,Premium,New,1804914,8.5,Online,Mobile Money,0,2,0.0,0.765,1.0,1.123,1.0,1.0,0.522,0.55,1
CUST_03733,22,Female,Dodoma,Christian,Others,Primary,"500,001-1,000,000",None,3,0.19,0.76,0.42,0.3,Nokia,Finland,Mid-Range,New,494194,7.8,Physical Store,Mobile Money,0,1,0.061,0.328,1.0,0.898,1.0,1.0,0.586,0.77,1
CUST_00952,30,Female,Arusha,Muslim,Others,Diploma,"200,000-500,000",Tigo Pesa,4,0.15,0.83,0.31,0.3,Nokia,Finland,Mid-Range,New,482030,7.1,Online,Mobile Money,0,2,0.0,0.22,0.9,0.563,1.0,1.0,0.275,0.73,0
CUST_03142,31,Male,Dar es Salaam,Christian,Sukuma,Secondary,"500,001-1,000,000",Airtel Money,1,0.17,0.47,0.65,0.0,Itel,China,Budget,Used,176881,4.7,Physical Store,Mobile Money,0,12,0.446,0.306,1.0,0.668,0.6,1.0,0.571,0.65,1
CUST_01394,20,Female,Dar es Salaam,Muslim,Sukuma,No formal,"500,001-1,000,000",Halopesa,4,0.08,0.79,0.57,0.7,Infinix,China,Mid-Range,New,495926,7.2,Physical Store,Mobile Money,1,1,0.021,0.41,0.9,0.718,1.0,1.0,0.398,0.73,1
CUST_04466,23,Male,Mwanza,Christian,Others,No formal,"200,000-500,000",Tigo Pesa,4,0.2,0.95,0.81,0.3,Apple,USA,Premium,New,643369,8.3,Physical Store,Mobile Money,0,2,0.491,0.672,1.0,1.025,1.0,1.0,0.846,0.77,1
CUST_03878,24,Female,Dar es Salaam,Muslim,Others,Secondary,"1,000,001-2,000,000",Tigo Pesa,2,0.32,0.15,0.9,0.3,Tecno,China,Mid-Range,New,425531,6.5,Physical Store,Cash,1,1,0.84,0.585,0.9,0.647,1.0,1.0,0.669,0.7,1
CUST_01052,21,Male,Dar es Salaam,Muslim,Others,No formal,">2,000,000",M-Pesa,2,0.56,0.27,0.37,0.3,Huawei,China,Premium,Used,474664,7.1,Online,Mobile Money,0,2,0.893,0.263,0.9,0.998,0.6,1.0,0.775,0.73,1
CUST_00646,25,Male,Mwanza,Christian,Others,Diploma,"200,000-500,000",M-Pesa,1,0.28,0.79,0.57,0.5,Apple,USA,Premium,New,992868,8.4,Physical Store,Mobile Money,0,2,0.346,0.479,1.0,0.633,1.0,1.0,0.669,0.71,1
CUST_04615,28,Female,Mwanza,Christian,Nyamwezi,Master+,"<200,000",M-Pesa,3,0.22,0.89,0.47,0.3,Infinix,China,Mid-Range,New,545931,6.5,Mobile,Card,0,1,0.0,0.306,1.0,0.859,1.0,1.0,0.357,0.68,1
CUST_03516,31,Female,Mbeya,Christian,Others,No formal,"<200,000",M-Pesa,4,0.19,0.81,0.78,0.3,Nokia,Finland,Mid-Range,New,338974,7.6,Physical Store,Cash,0,2,0.314,0.593,1.0,0.992,1.0,1.0,0.546,0.79,1
CUST_01514,25,Male,Arusha,Christian,Others,Secondary,"500,001-1,000,000",Airtel Money,1,0.62,0.51,0.57,0.3,Huawei,China,Premium,New,2231672,8.9,Physical Store,Mobile Money,0,2,0.052,0.507,1.0,0.51,1.0,1.0,0.611,0.49,1
CUST_01435,24,Male,Morogoro,Muslim,Others,Diploma,"200,000-500,000",M-Pesa,4,0.08,0.82,0.4,0.0,Nokia,Finland,Mid-Range,New,552317,6.6,Mobile,Cash,1,2,0.0,0.264,0.9,0.759,1.0,1.0,0.366,0.69,1
CUST_02628,36,Male,Dar es Salaam,Christian,Others,Primary,"<200,000",Tigo Pesa,2,0.55,0.72,0.39,0.3,Apple,USA,Premium,Used,1162189,8.2,Physical Store,Mobile Money,0,1,0.303,0.32,1.0,0.88,0.6,1.0,0.675,0.66,1
CUST_00388,34,Female,Dodoma,Muslim,Others,Primary,"500,001-1,000,000",Airtel Money,5,0.25,0.47,0.34,1.0,Apple,USA,Premium,New,1967281,9.9,Physical Store,Cash,0,2,0.229,0.337,0.9,0.957,1.0,0.8,0.651,0.6,1
CUST_02922,33,Male,Mwanza,Muslim,Nyamwezi,Secondary,"500,001-1,000,000",M-Pesa,2,0.46,0.77,0.72,0.5,Apple,USA,Premium,New,1794707,8.6,Online,Cash,0,2,0.0,0.619,0.9,1.062,1.0,1.0,0.603,0.56,1
CUST_00960,32,Female,Mwanza,Christian,Sukuma,Bachelor,"200,000-500,000",M-Pesa,2,0.07,0.89,0.64,0.0,Infinix,China,Mid-Range,New,523660,6.9,Physical Store,Cash,0,2,0.0,0.442,1.0,0.87,1.0,1.0,0.567,0.71,1
CUST_01085,19,Female,Morogoro,Christian,Others,Primary,"<200,000",Halopesa,3,0.14,0.79,0.52,0.7,Oppo,China,Mid-Range,New,465382,6.9,Mobile,Cash,0,1,0.081,0.359,1.0,0.733,1.0,1.0,0.596,0.72,1
CUST_00754,16,Male,Tanga,Christian,Others,Primary,"<200,000",M-Pesa,4,0.12,0.92,0.73,0.0,Vivo,China,Mid-Range,New,431268,6.1,Physical Store,Cash,0,2,0.008,0.445,1.0,0.95,1.0,1.0,0.475,0.68,1
CUST_02041,23,Male,Zanzibar,Christian,Sukuma,Primary,"200,000-500,000",Tigo Pesa,3,0.43,0.8,0.56,0.3,Huawei,China,Premium,New,1974492,8.5,Physical Store,Cash,0,1,0.0,0.476,1.0,0.945,1.0,1.0,0.478,0.52,1
CUST_01081,34,Male,Arusha,Christian,Others,Primary,"<200,000",M-Pesa,3,0.26,0.9,0.36,0.5,Apple,USA,Premium,New,1955537,8.7,Physical Store,Mobile Money,0,2,0.0,0.313,1.0,1.182,1.0,1.0,0.477,0.53,1
CUST_04906,22,Female,Dar es Salaam,Christian,Others,Secondary,"<200,000",Tigo Pesa,2,0.4,0.9,0.9,0.0,Vivo,China,Mid-Range,New,384087,6.9,Physical Store,Mobile Money,0,2,0.136,0.621,1.0,0.997,1.0,1.0,0.486,0.74,1
CUST_04667,27,Female,Arusha,Muslim,Others,Secondary,"200,000-500,000",M-Pesa,3,0.08,0.75,0.6,0.5,Tecno,China,Mid-Range,New,542047,7.8,Physical Store,Mobile Money,0,1,0.0,0.468,0.9,0.764,1.0,1.0,0.503,0.76,1
CUST_01417,24,Male,Dodoma,Other,Others,Primary,"200,000-500,000",M-Pesa,3,0.07,0.71,0.54,0.7,Infinix,China,Mid-Range,New,521405,7.4,Physical Store,Cash,0,1,0.075,0.4,1.0,0.688,1.0,1.0,0.533,0.74,1
CUST_01400,15,Male,Morogoro,Christian,Others,No formal,"200,000-500,000",M-Pesa,3,0.21,0.84,0.47,0.7,Huawei,China,Premium,New,694436,9.3,Physical Store,Mobile Money,0,2,0.514,0.437,1.0,0.948,1.0,1.0,0.648,0.82,1
CUST_00847,32,Female,Dar es Salaam,Muslim,Others,No formal,"200,000-500,000",Airtel Money,2,0.15,0.9,0.39,0.0,Tecno,China,Mid-Range,New,442325,6.2,Physical Store,Mobile Money,1,2,0.005,0.242,0.9,0.579,1.0,1.0,0.212,0.68,1
CUST_01229,28,Male,Tanga,Christian,Chagga,Secondary,"1,000,001-2,000,000",Airtel Money,3,0.52,0.24,0.44,0.7,Huawei,China,Premium,New,694458,9.0,Physical Store,Cash,1,2,0.861,0.396,1.0,0.998,1.0,1.0,0.764,0.8,1
CUST_03386,23,Female,Dodoma,Muslim,Others,Primary,"200,000-500,000",Airtel Money,2,0.17,0.72,0.73,0.5,Apple,USA,Premium,New,782265,8.9,Physical Store,Mobile Money,0,2,0.531,0.65,0.9,1.084,1.0,1.0,0.624,0.78,0
CUST_01594,15,Female,Dodoma,Christian,Nyamwezi,Primary,"200,000-500,000",Halopesa,5,0.14,0.87,0.77,0.5,Huawei,China,Premium,New,1401323,9.1,Physical Store,Cash,0,1,0.0,0.701,1.0,0.846,1.0,1.0,0.425,0.67,1
CUST_00193,38,Male,Mwanza,Christian,Others,Secondary,"200,000-500,000",Halopesa,4,0.4,0.8,0.39,0.5,Xiaomi,China,Mid-Range,New,516961,6.8,Physical Store,Cash,0,1,0.0,0.265,1.0,0.998,1.0,1.0,0.532,0.7,1
CUST_01057,15,Male,Dar es Salaam,Christian,Haya,No formal,"200,000-500,000",Tigo Pesa,2,0.25,0.96,0.31,1.0,Huawei,China,Premium,New,1711720,9.2,Physical Store,Mobile Money,0,2,0.0,0.285,1.0,0.598,1.0,0.8,0.309,0.61,1
CUST_02299,28,Female,Mwanza,Christian,Others,Primary,"<200,000",Halopesa,2,0.67,0.83,0.65,1.0,Nokia,Finland,Mid-Range,New,524963,6.3,Online,Mobile Money,0,2,0.0,0.41,1.0,0.549,1.0,0.8,0.481,0.67,1
CUST_02371,28,Male,Arusha,Christian,Haya,Secondary,"<200,000",M-Pesa,4,0.18,0.75,0.64,0.5,Nokia,Finland,Mid-Range,New,517040,6.7,Physical Store,Mobile Money,1,2,0.031,0.429,1.0,0.596,1.0,1.0,0.428,0.7,1
CUST_01201,18,Male,Tanga,Muslim,Nyamwezi,Diploma,"1,000,001-2,000,000",M-Pesa,3,0.28,0.46,0.5,0.0,Apple,USA,Premium,New,1147690,9.1,Physical Store,Cash,0,2,0.56,0.455,0.9,1.035,1.0,1.0,0.751,0.72,1
CUST_02906,24,Male,Mwanza,Muslim,Others,Secondary,"<200,000",Airtel Money,4,0.23,0.71,0.42,0.5,Nokia,Finland,Mid-Range,New,590333,7.1,Online,Mobile Money,0,2,0.0,0.298,0.9,0.674,1.0,1.0,0.452,0.71,1
CUST_01241,35,Male,Tanga,Christian,Others,Secondary,"200,000-500,000",Tigo Pesa,3,0.38,0.79,0.52,0.0,Apple,USA,Premium,New,1615069,9.5,Online,Cash,0,2,0.0,0.494,1.0,0.761,1.0,1.0,0.666,0.65,1
CUST_01938,15,Male,Dodoma,Muslim,Gogo,Secondary,"200,000-500,000",M-Pesa,4,0.53,0.84,0.87,0.7,Huawei,China,Premium,New,1824217,9.9,Physical Store,Cash,1,1,0.0,0.861,0.9,0.566,1.0,1.0,0.521,0.63,1
CUST_03061,27,Female,Dar es Salaam,Christian,Others,No formal,"500,001-1,000,000",M-Pesa,3,0.22,0.51,0.71,0.5,Tecno,China,Mid-Range,New,259565,7.4,Physical Store,Cash,0,2,0.669,0.525,1.0,0.69,1.0,1.0,0.691,0.79,1
CUST_03019,16,Female,Mwanza,Muslim,Others,Secondary,"<200,000",Tigo Pesa,4,0.34,0.76,0.61,0.3,Samsung,South Korea,Premium,New,1859427,8.9,Physical Store,Cash,0,2,0.0,0.543,0.9,0.679,1.0,1.0,0.67,0.56,1
CUST_04082,29,Male,Mwanza,Muslim,Others,Diploma,"1,000,001-2,000,000",Halopesa,2,0.17,0.37,0.31,0.5,Huawei,China,Premium,New,628191,8.2,Online,Cash,0,2,0.806,0.254,0.9,0.869,1.0,1.0,0.524,0.77,0
CUST_02584,15,Male,Mwanza,Muslim,Nyamwezi,No formal,"200,000-500,000",M-Pesa,1,0.21,0.78,0.44,0.7,Tecno,China,Mid-Range,New,354639,6.4,Mobile,Card,0,2,0.308,0.282,0.9,0.762,1.0,1.0,0.587,0.71,1
CUST_04724,34,Male,Morogoro,Muslim,Others,No formal,"500,001-1,000,000",M-Pesa,2,0.08,0.59,0.31,0.3,Nokia,Finland,Mid-Range,New,521758,6.8,Physical Store,Mobile Money,0,2,0.23,0.211,0.9,0.881,1.0,1.0,0.213,0.7,1
CUST_04982,31,Male,Dodoma,Christian,Sukuma,Secondary,"500,001-1,000,000",M-Pesa,3,0.28,0.75,0.58,0.3,Apple,USA,Premium,New,1528531,9.5,Online,Card,0,1,0.045,0.551,1.0,1.133,1.0,1.0,0.61,0.66,1
CUST_00695,15,Male,Mwanza,Christian,Haya,Secondary,"1,000,001-2,000,000",None,3,0.39,0.26,0.42,0.3,Tecno,China,Mid-Range,New,514052,7.8,Physical Store,Mobile Money,0,2,0.666,0.328,1.0,0.648,1.0,1.0,0.618,0.77,1
CUST_03340,35,Female,Morogoro,Christian,Chagga,Bachelor,"<200,000",M-Pesa,5,0.46,0.75,0.66,0.0,Nokia,Finland,Mid-Range,New,329124,6.4,Physical Store,Mobile Money,0,2,0.383,0.422,1.0,0.579,1.0,1.0,0.579,0.72,1
CUST_01051,29,Female,Dar es Salaam,Muslim,Others,Secondary,"200,000-500,000",M-Pesa,3,0.06,0.8,0.48,0.3,Infinix,China,Mid-Range,New,460364,7.0,Physical Store,Card,0,8,0.079,0.336,0.9,0.639,1.0,1.0,0.391,0.73,1
CUST_01208,42,Male,Dar es Salaam,Christian,Others,Bachelor,"500,001-1,000,000",Tigo Pesa,3,0.23,0.49,0.73,0.5,Apple,USA,Premium,New,1397703,9.7,Online,Cash,0,2,0.429,0.708,1.0,0.701,1.0,1.0,0.852,0.7,1
CUST_01300,31,Female,Zanzibar,Muslim,Others,Secondary,"<200,000",Halopesa,4,0.62,0.94,0.88,0.3,Huawei,China,Premium,New,1625038,8.2,Online,Mobile Money,0,2,0.0,0.722,0.9,0.957,1.0,1.0,0.439,0.57,1
CUST_02778,22,Male,Dodoma,Muslim,Sukuma,Bachelor,"200,000-500,000",Airtel Money,4,0.2,0.99,0.4,0.3,Huawei,China,Premium,New,622421,9.0,Physical Store,Cash,0,2,0.487,0.36,0.9,0.525,1.0,1.0,0.38,0.82,0
CUST_01192,23,Male,Arusha,Christian,Others,Primary,"<200,000",Airtel Money,3,0.24,0.9,0.66,0.7,Nokia,Finland,Mid-Range,New,556675,6.5,Physical Store,Mobile Money,0,2,0.0,0.429,1.0,0.767,1.0,1.0,0.31,0.68,1
CUST_03859,34,Male,Dar es Salaam,Christian,Others,Secondary,"200,000-500,000",M-Pesa,2,0.4,0.87,0.76,0.3,Tecno,China,Mid-Range,New,442675,7.6,Physical Store,Mobile Money,0,2,0.037,0.578,1.0,0.797,1.0,1.0,0.421,0.77,1
CUST_04675,29,Female,Dar es Salaam,Christian,Makonde,Diploma,"200,000-500,000",M-Pesa,1,0.22,0.74,0.55,0.5,Apple,USA,Premium,New,1017616,9.8,Physical Store,Cash,1,2,0.372,0.539,1.0,0.643,1.0,1.0,0.605,0.78,1
CUST_01482,48,Male,Arusha,Christian,Others,No formal,"200,000-500,000",Halopesa,3,0.24,0.79,0.55,0.3,Apple,USA,Premium,New,1846270,9.4,Online,Cash,0,2,0.0,0.517,1.0,0.613,1.0,1.0,0.6,0.59,1
CUST_01738,15,Female,Zanzibar,Muslim,Sukuma,Diploma,"200,000-500,000",Airtel Money,3,0.11,0.76,0.52,0.7,Huawei,China,Premium,New,772101,8.5,Physical Store,Mobile Money,0,9,0.511,0.442,0.9,0.524,1.0,1.0,0.668,0.76,1
CUST_04614,35,Female,Mbeya,Christian,Others,Secondary,"500,001-1,000,000",Tigo Pesa,4,0.52,0.55,0.6,0.3,Nokia,Finland,Mid-Range,New,461643,6.1,Physical Store,Cash,0,2,0.365,0.366,1.0,0.6,1.0,1.0,0.566,0.67,1
CUST_00212,30,Male,Zanzibar,Christian,Makonde,Secondary,"200,000-500,000",Airtel Money,1,0.31,0.9,0.77,0.7,Tecno,China,Mid-Range,New,286956,6.3,Physical Store,Card,0,1,0.354,0.485,1.0,0.753,1.0,1.0,0.528,0.72,1
CUST_01412,27,Male,Dodoma,Muslim,Others,Secondary,"<200,000",M-Pesa,3,0.24,0.97,0.35,0.7,Tecno,China,Mid-Range,New,513096,6.8,Physical Store,Mobile Money,1,1,0.0,0.238,0.9,0.805,1.0,1.0,0.399,0.71,1
CUST_02300,32,Female,Dodoma,Christian,Others,Primary,"500,001-1,000,000",Airtel Money,2,0.35,0.58,0.8,0.5,Apple,USA,Premium,New,698728,9.0,Online,Mobile Money,1,12,0.662,0.72,1.0,1.135,1.0,1.0,0.681,0.8,1
CUST_03026,23,Female,Dodoma,Christian,Others,Secondary,"200,000-500,000",Airtel Money,5,0.4,0.81,0.9,0.0,Itel,China,Budget,New,156074,5.4,Physical Store,Mobile Money,1,1,0.157,0.486,1.0,0.655,1.0,1.0,0.571,0.69,1
CUST_02293,32,Female,Dodoma,Christian,Sukuma,Secondary,"500,001-1,000,000",Airtel Money,4,0.16,0.78,0.56,1.0,Tecno,China,Mid-Range,New,434946,6.6,Physical Store,Card,0,1,0.152,0.37,1.0,0.743,1.0,0.8,0.447,0.71,1
CUST_02286,20,Female,Arusha,Muslim,Haya,Bachelor,"200,000-500,000",M-Pesa,4,0.2,0.98,0.43,0.5,Samsung,South Korea,Premium,New,1349534,9.8,Physical Store,Cash,0,2,0.0,0.421,0.9,0.757,1.0,1.0,0.51,0.72,1
CUST_02218,34,Female,Dodoma,Christian,Chagga,Secondary,"200,000-500,000",Halopesa,1,0.04,0.89,0.32,0.5,Apple,USA,Premium,New,1787969,8.9,Physical Store,Mobile Money,1,6,0.0,0.285,1.0,0.842,1.0,1.0,0.591,0.58,1
CUST_04988,34,Female,Zanzibar,Muslim,Others,Primary,"500,001-1,000,000",Airtel Money,2,0.22,0.79,0.48,1.0,Samsung,South Korea,Premium,New,1889219,9.1,Physical Store,Mobile Money,0,2,0.0,0.437,0.9,0.972,1.0,0.8,0.42,0.57,1
CUST_03570,40,Male,Mwanza,Christian,Others,Secondary,"1,000,001-2,000,000",M-Pesa,2,0.16,0.2,0.59,0.3,Nokia,Finland,Mid-Range,New,316387,7.1,Online,Mobile Money,1,1,0.842,0.419,1.0,0.773,1.0,1.0,0.627,0.76,1
CUST_00352,16,Male,Dar es Salaam,Other,Others,Secondary,"<200,000",None,2,0.07,0.9,0.67,0.7,Huawei,China,Premium,New,616469,9.5,Physical Store,Mobile Money,0,2,0.538,0.636,1.0,0.892,1.0,1.0,0.573,0.85,1
CUST_01148,33,Male,Dodoma,Christian,Chagga,Bachelor,"200,000-500,000",Halopesa,5,0.83,0.97,0.77,0.0,Huawei,China,Premium,Used,1617500,8.4,Physical Store,Cash,0,2,0.0,0.647,1.0,0.541,0.6,1.0,0.518,0.58,1
CUST_00221,15,Male,Tanga,Muslim,Chagga,Bachelor,"<200,000",Airtel Money,4,0.2,0.78,0.51,0.7,Xiaomi,China,Mid-Range,New,545500,6.1,Physical Store,Cash,0,1,0.0,0.311,0.9,0.856,1.0,1.0,0.326,0.66,1
CUST_04706,34,Male,Mwanza,Christian,Others,Primary,"<200,000",M-Pesa,5,0.04,0.72,0.62,0.0,Tecno,China,Mid-Range,New,273206,6.7,Physical Store,Mobile Money,0,1,0.508,0.415,1.0,0.512,1.0,1.0,0.592,0.75,1
CUST_03078,16,Female,Mbeya,Christian,Others,Secondary,"500,001-1,000,000",Halopesa,5,0.15,0.73,0.51,0.3,Apple,USA,Premium,New,789656,8.6,Physical Store,Cash,1,1,0.52,0.439,1.0,0.954,1.0,1.0,0.641,0.76,1
CUST_04171,32,Female,Dar es Salaam,Christian,Others,Primary,"1,000,001-2,000,000",Halopesa,3,0.32,0.27,0.36,0.3,Xiaomi,China,Mid-Range,Used,288861,5.4,Physical Store,Cash,0,2,0.805,0.194,1.0,0.816,0.6,1.0,0.624,0.67,0
CUST_03476,27,Female,Dar es Salaam,Christian,Gogo,Secondary,">2,000,000",Tigo Pesa,1,0.13,0.41,0.55,0.5,Infinix,China,Mid-Range,New,424215,7.5,Physical Store,Cash,1,2,0.565,0.413,1.0,0.676,1.0,1.0,0.557,0.77,1
CUST_03450,17,Male,Mbeya,Christian,Others,Primary,"1,000,001-2,000,000",M-Pesa,4,0.21,0.13,0.78,0.0,Vivo,China,Mid-Range,New,416805,6.8,Physical Store,Mobile Money,0,2,0.865,0.53,1.0,0.926,1.0,1.0,0.659,0.72,1
CUST_03029,46,Male,Dar es Salaam,Muslim,Others,Secondary,"200,000-500,000",Airtel Money,3,0.22,0.7,0.47,0.3,Samsung,South Korea,Premium,Used,353557,7.1,Physical Store,Cash,1,1,0.794,0.334,0.9,0.836,0.6,1.0,0.565,0.76,1
CUST_02629,18,Female,Dodoma,Muslim,Nyamwezi,Diploma,"<200,000",M-Pesa,2,0.29,0.87,0.37,1.0,Samsung,South Korea,Premium,New,754663,9.5,Physical Store,Cash,0,2,0.453,0.352,0.9,0.95,1.0,0.8,0.421,0.82,1
CUST_04696,42,Male,Zanzibar,Muslim,Others,Secondary,"200,000-500,000",Airtel Money,4,0.23,0.98,0.75,0.5,Samsung,South Korea,Premium,New,922831,8.3,Physical Store,Mobile Money,0,1,0.246,0.622,0.9,0.683,1.0,1.0,0.714,0.71,1
CUST_00975,19,Female,Arusha,Muslim,Others,Secondary,"500,001-1,000,000",Airtel Money,3,0.16,0.44,0.86,0.7,Nokia,Finland,Mid-Range,Used,331685,5.2,Mobile,Cash,1,2,0.635,0.447,0.9,0.728,0.6,1.0,0.834,0.65,1
CUST_00408,24,Male,Dar es Salaam,Christian,Others,Secondary,"<200,000",M-Pesa,5,0.06,0.97,0.68,0.0,Infinix,China,Mid-Range,New,354904,7.7,Online,Card,0,1,0.139,0.524,1.0,0.739,1.0,1.0,0.76,0.79,1
CUST_01709,16,Female,Arusha,Muslim,Others,Secondary,"200,000-500,000",Halopesa,3,0.27,0.8,0.54,0.3,Itel,China,Budget,Used,143887,4.1,Physical Store,Mobile Money,0,2,0.233,0.221,0.9,0.681,0.6,1.0,0.566,0.62,1
CUST_00068,15,Female,Zanzibar,Christian,Others,Diploma,"200,000-500,000",Airtel Money,3,0.13,0.96,0.82,0.5,Apple,USA,Premium,New,2378607,9.6,Physical Store,Cash,1,2,0.0,0.787,1.0,1.03,1.0,1.0,0.629,0.5,0
CUST_01719,29,Female,Dar es Salaam,Christian,Haya,Secondary,"500,001-1,000,000",M-Pesa,1,0.66,0.61,0.42,0.0,Huawei,China,Premium,New,1687308,8.1,Physical Store,Mobile Money,1,12,0.142,0.34,1.0,0.709,1.0,1.0,0.603,0.55,1
CUST_03418,24,Male,Dar es Salaam,Christian,Others,Bachelor,"200,000-500,000",Airtel Money,3,0.23,0.96,0.32,0.3,Oppo,China,Mid-Range,New,551036,7.0,Physical Store,Mobile Money,0,1,0.0,0.224,1.0,0.703,1.0,1.0,0.437,0.71,1
CUST_01590,40,Male,Morogoro,Christian,Others,Primary,"200,000-500,000",Airtel Money,4,0.38,0.84,0.48,0.3,Samsung,South Korea,Premium,Used,1078230,7.4,Physical Store,Cash,0,1,0.245,0.355,1.0,0.775,0.6,1.0,0.636,0.63,0
CUST_04769,15,Male,Dar es Salaam,Christian,Others,Secondary,"200,000-500,000",M-Pesa,3,0.36,0.85,0.81,0.5,Oppo,China,Mid-Range,New,401805,6.7,Physical Store,Cash,1,1,0.146,0.543,1.0,0.548,1.0,1.0,0.675,0.72,0
CUST_00713,39,Female,Dar es Salaam,Christian,Gogo,Primary,"<200,000",Airtel Money,3,0.3,0.93,0.63,0.7,Nokia,Finland,Mid-Range,New,475891,7.3,Physical Store,Card,0,2,0.0,0.46,1.0,0.509,1.0,1.0,0.533,0.74,1
CUST_03820,21,Male,Mwanza,Christian,Sukuma,Primary,"<200,000",M-Pesa,3,0.28,0.72,0.71,0.5,Apple,USA,Premium,New,868739,8.6,Physical Store,Cash,0,1,0.479,0.611,1.0,1.005,1.0,1.0,0.878,0.74,1
CUST_01374,21,Female,Arusha,Christian,Gogo,Secondary,"<200,000",Tigo Pesa,3,0.07,0.77,0.84,0.3,Nokia,Finland,Mid-Range,New,355037,7.0,Physical Store,Cash,0,2,0.317,0.588,1.0,0.571,1.0,1.0,0.576,0.75,1
CUST_00452,28,Female,Morogoro,Muslim,Others,Primary,"500,001-1,000,000",Tigo Pesa,1,0.1,0.45,0.89,0.3,Apple,USA,Premium,New,1835718,8.2,Physical Store,Mobile Money,0,1,0.312,0.73,0.9,0.873,1.0,1.0,0.75,0.52,1
CUST_03886,37,Female,Tanga,Muslim,Sukuma,No formal,"500,001-1,000,000",Airtel Money,4,0.4,0.52,0.34,0.5,Apple,USA,Premium,New,2431702,8.9,Online,Mobile Money,0,2,0.0,0.303,0.9,0.663,1.0,1.0,0.429,0.45,1
CUST_01713,31,Female,Mwanza,Christian,Others,Secondary,"200,000-500,000",M-Pesa,1,0.31,0.78,0.46,0.0,Samsung,South Korea,Premium,New,709487,10.0,Online,Mobile Money,0,1,0.539,0.46,1.0,1.102,1.0,1.0,0.538,0.86,1
CUST_02828,24,Male,Morogoro,Christian,Others,No formal,"200,000-500,000",None,4,0.12,0.8,0.7,0.7,Infinix,China,Mid-Range,New,294346,7.4,Physical Store,Card,0,2,0.411,0.518,1.0,0.567,1.0,1.0,0.653,0.79,1
CUST_04582,33,Male,Zanzibar,Muslim,Sukuma,Primary,"200,000-500,000",M-Pesa,2,0.14,0.77,0.5,0.3,Itel,China,Budget,New,104649,5.8,Online,Mobile Money,0,2,0.463,0.29,0.9,0.965,1.0,1.0,0.821,0.73,1
CUST_02298,38,Female,Dodoma,Muslim,Sukuma,No formal,"<200,000",Tigo Pesa,3,0.12,0.83,0.8,0.3,Tecno,China,Mid-Range,New,555492,6.7,Physical Store,Mobile Money,1,2,0.0,0.536,0.9,0.867,1.0,1.0,0.619,0.69,1
CUST_01226,19,Female,Arusha,Christian,Others,Master+,"500,001-1,000,000",Tigo Pesa,3,0.21,0.61,0.36,0.5,Samsung,South Korea,Premium,New,1879325,9.5,Physical Store,Cash,0,11,0.045,0.342,1.0,0.732,1.0,1.0,0.44,0.59,1
CUST_00175,15,Female,Dar es Salaam,Muslim,Others,No formal,"200,000-500,000",Tigo Pesa,2,0.33,0.85,0.52,0.7,Nokia,Finland,Mid-Range,New,303325,7.2,Physical Store,Card,0,2,0.355,0.374,0.9,0.549,1.0,1.0,0.41,0.77,1
CUST_01167,26,Male,Dar es Salaam,Muslim,Others,Secondary,"500,001-1,000,000",Tigo Pesa,3,0.29,0.59,0.35,0.5,Nokia,Finland,Mid-Range,New,296935,7.4,Online,Mobile Money,1,2,0.562,0.259,0.9,0.871,1.0,1.0,0.663,0.78,1
CUST_03829,19,Female,Dar es Salaam,Christian,Others,Secondary,"500,001-1,000,000",Tigo Pesa,4,0.29,0.42,0.42,0.7,Tecno,China,Mid-Range,New,549818,7.2,Physical Store,Card,0,2,0.423,0.302,1.0,0.66,1.0,1.0,0.648,0.72,1
CUST_04221,21,Male,Dar es Salaam,Muslim,Others,No formal,"500,001-1,000,000",Tigo Pesa,3,0.21,0.66,0.53,0.0,Oppo,China,Mid-Range,Used,137271,6.0,Online,Cash,0,2,0.774,0.318,0.9,0.934,0.6,1.0,0.742,0.73,1
CUST_01038,25,Male,Zanzibar,Christian,Others,Primary,"<200,000",Tigo Pesa,4,0.37,0.88,0.55,0.7,Nokia,Finland,Mid-Range,New,583864,7.4,Physical Store,Cash,1,1,0.0,0.407,1.0,0.582,1.0,1.0,0.634,0.73,1
CUST_02853,31,Male,Dar es Salaam,Christian,Makonde,No formal,"200,000-500,000",M-Pesa,2,0.16,0.93,0.58,0.3,Samsung,South Korea,Premium,New,1859458,9.6,Physical Store,Mobile Money,0,1,0.0,0.557,1.0,0.942,1.0,1.0,0.472,0.6,0
CUST_04051,28,Male,Dar es Salaam,Christian,Gogo,Secondary,"1,000,001-2,000,000",Halopesa,5,0.17,0.17,0.88,0.7,Apple,USA,Premium,New,2017287,8.4,Physical Store,Mobile Money,0,2,0.714,0.739,1.0,0.851,1.0,1.0,0.773,0.5,1
CUST_00713,39,Female,Dar es Salaam,Christian,Gogo,Primary,"<200,000",Airtel Money,3,0.3,0.93,0.63,0.7,Apple,USA,Premium,New,1079583,8.0,Online,Cash,1,2,0.163,0.504,1.0,0.62,1.0,1.0,0.533,0.66,1
CUST_00230,23,Male,Dodoma,Muslim,Haya,Primary,"500,001-1,000,000",Airtel Money,1,0.25,0.42,0.55,0.0,Huawei,China,Premium,New,814244,8.3,Online,Mobile Money,0,2,0.715,0.457,0.9,0.69,1.0,1.0,0.66,0.74,0
CUST_03048,20,Female,Morogoro,Christian,Others,Secondary,"500,001-1,000,000",Tigo Pesa,5,0.09,0.74,0.82,0.7,Vivo,China,Mid-Range,New,325266,7.0,Physical Store,Mobile Money,1,2,0.398,0.574,1.0,0.734,1.0,1.0,0.626,0.75,1
CUST_02763,20,Female,Tanga,Muslim,Others,Primary,"200,000-500,000",Halopesa,4,0.27,0.83,0.84,0.5,Infinix,China,Mid-Range,New,513956,6.3,Physical Store,Cash,1,1,0.0,0.529,0.9,0.686,1.0,1.0,0.58,0.68,1
CUST_04477,26,Male,Mwanza,Christian,Makonde,Secondary,"<200,000",Airtel Money,5,0.5,0.76,0.52,0.0,Infinix,China,Mid-Range,New,312188,6.9,Physical Store,Cash,0,1,0.407,0.359,1.0,0.917,1.0,1.0,0.543,0.75,1
CUST_03591,33,Female,Dar es Salaam,Christian,Nyamwezi,No formal,"200,000-500,000",Tigo Pesa,1,0.36,0.8,0.82,0.5,Infinix,China,Mid-Range,Used,241903,6.2,Online,Card,0,2,0.516,0.508,1.0,0.687,0.6,1.0,0.719,0.72,1
CUST_04750,33,Female,Dar es Salaam,Christian,Others,Primary,"200,000-500,000",M-Pesa,1,0.43,0.9,0.44,0.3,Huawei,China,Premium,New,1317052,10.0,Physical Store,Mobile Money,0,2,0.012,0.44,1.0,0.922,1.0,1.0,0.49,0.74,1
CUST_00788,45,Female,Dar es Salaam,Christian,Others,Primary,"200,000-500,000",M-Pesa,3,0.39,0.77,0.88,0.5,Infinix,China,Mid-Range,New,528195,6.3,Physical Store,Cash,1,2,0.0,0.554,1.0,0.707,1.0,1.0,0.455,0.67,1
CUST_02920,41,Male,Zanzibar,Christian,Others,Primary,"200,000-500,000",Airtel Money,4,0.65,0.7,0.56,0.3,Huawei,China,Premium,New,2477916,8.2,Physical Store,Card,1,2,0.0,0.459,1.0,0.941,1.0,1.0,0.5,0.4,0
CUST_00518,35,Female,Morogoro,Christian,Makonde,Primary,"<200,000",M-Pesa,3,0.36,0.94,0.47,0.5,Itel,China,Budget,New,123311,4.6,Physical Store,Cash,0,2,0.227,0.216,1.0,0.883,1.0,1.0,0.516,0.65,1
CUST_03755,25,Female,Dar es Salaam,Christian,Others,Diploma,"<200,000",Tigo Pesa,5,0.67,0.92,0.33,0.7,Nokia,Finland,Mid-Range,New,564522,6.6,Physical Store,Mobile Money,1,2,0.0,0.218,1.0,0.818,1.0,1.0,0.455,0.68,1
CUST_04547,28,Female,Arusha,Muslim,Sukuma,Diploma,"500,001-1,000,000",M-Pesa,3,0.46,0.75,0.89,1.0,Nokia,Finland,Mid-Range,New,522316,7.9,Physical Store,Card,0,2,0.021,0.703,0.9,0.577,1.0,0.8,0.598,0.77,1
CUST_00574,21,Female,Dar es Salaam,Christian,Sukuma,Primary,"<200,000",Halopesa,1,0.31,0.8,0.38,0.3,Tecno,China,Mid-Range,New,520310,7.5,Online,Cash,0,2,0.0,0.285,1.0,0.887,1.0,1.0,0.67,0.75,1
CUST_03482,32,Female,Dar es Salaam,Christian,Others,Primary,"200,000-500,000",Airtel Money,3,0.21,0.75,0.65,0.0,Oppo,China,Mid-Range,New,367754,7.3,Online,Card,0,2,0.31,0.474,1.0,0.549,1.0,1.0,0.638,0.76,1
CUST_04481,36,Male,Zanzibar,Muslim,Sukuma,Secondary,"500,001-1,000,000",Tigo Pesa,3,0.25,0.47,0.71,0.5,Huawei,China,Premium,New,2197473,8.1,Physical Store,Cash,0,1,0.139,0.575,0.9,0.611,1.0,1.0,0.565,0.45,1
CUST_01169,49,Female,Mwanza,Christian,Others,Primary,"200,000-500,000",M-Pesa,3,0.43,0.91,0.88,0.5,Nokia,Finland,Mid-Range,New,363184,7.2,Physical Store,Cash,1,12,0.174,0.634,1.0,0.741,1.0,1.0,0.44,0.76,0
CUST_00778,23,Male,Dodoma,Muslim,Others,Bachelor,">2,000,000",M-Pesa,2,0.14,0.31,0.5,0.5,Tecno,China,Mid-Range,Used,461598,6.3,Mobile,Cash,0,2,0.642,0.315,0.9,0.58,0.6,1.0,0.65,0.69,1
CUST_03544,34,Female,Mwanza,Muslim,Others,Diploma,"<200,000",M-Pesa,3,0.17,0.71,0.76,0.5,Tecno,China,Mid-Range,New,323557,7.0,Mobile,Cash,0,11,0.426,0.532,0.9,0.671,1.0,1.0,0.704,0.76,1
CUST_04133,31,Female,Zanzibar,Muslim,Others,Secondary,"500,001-1,000,000",M-Pesa,3,0.17,0.72,0.39,0.3,Itel,China,Budget,Used,176894,3.5,Online,Cash,0,2,0.151,0.136,0.9,0.519,0.6,1.0,0.443,0.57,1
CUST_01756,46,Male,Mwanza,Muslim,Sukuma,Primary,"500,001-1,000,000",M-Pesa,5,0.39,0.61,0.88,0.3,Nokia,Finland,Mid-Range,New,522557,7.3,Physical Store,Cash,0,2,0.203,0.642,0.9,0.641,1.0,1.0,0.203,0.73,1
CUST_03365,39,Female,Arusha,Muslim,Sukuma,Secondary,"200,000-500,000",Tigo Pesa,1,0.32,0.92,0.71,1.0,Vivo,China,Mid-Range,Used,405643,6.5,Physical Store,Mobile Money,0,1,0.067,0.461,0.9,0.751,0.6,0.8,0.519,0.71,1
CUST_03187,26,Female,Mbeya,Christian,Nyamwezi,Secondary,"500,001-1,000,000",M-Pesa,3,0.19,0.62,0.61,1.0,Huawei,China,Premium,New,2396006,8.2,Physical Store,Mobile Money,0,1,0.0,0.5,1.0,0.708,1.0,0.8,0.593,0.41,1
CUST_04212,17,Female,Mbeya,Christian,Chagga,Diploma,"200,000-500,000",Airtel Money,3,0.07,0.88,0.89,0.5,Infinix,China,Mid-Range,New,337499,6.0,Physical Store,Cash,0,2,0.258,0.534,1.0,0.961,1.0,1.0,0.535,0.69,1
CUST_02473,15,Male,Tanga,Christian,Sukuma,Diploma,"1,000,001-2,000,000",None,3,0.4,0.2,0.87,0.5,Samsung,South Korea,Premium,New,972734,8.3,Online,Cash,1,2,0.838,0.722,1.0,0.896,1.0,1.0,0.9,0.7,1
CUST_03191,18,Male,Dodoma,Other,Makonde,Secondary,"500,001-1,000,000",Airtel Money,1,0.17,0.58,0.42,0.3,Samsung,South Korea,Premium,New,1214321,9.0,Physical Store,Mobile Money,1,2,0.413,0.378,1.0,0.824,1.0,1.0,0.735,0.7,1
CUST_01217,41,Female,Dodoma,Muslim,Sukuma,Bachelor,"200,000-500,000",Tigo Pesa,1,0.02,0.91,0.36,0.0,Infinix,China,Mid-Range,New,302256,7.5,Physical Store,Cash,1,1,0.312,0.27,0.9,0.593,1.0,1.0,0.6,0.79,1
CUST_01349,25,Female,Arusha,Muslim,Others,Primary,"500,001-1,000,000",Airtel Money,3,0.26,0.5,0.68,1.0,Vivo,China,Mid-Range,New,473706,6.3,Physical Store,Cash,0,2,0.408,0.428,0.9,0.872,1.0,0.8,0.457,0.68,1
CUST_01275,29,Male,Mwanza,Christian,Nyamwezi,Secondary,"500,001-1,000,000",Airtel Money,3,0.38,0.62,0.71,0.5,Xiaomi,China,Mid-Range,New,558673,6.9,Physical Store,Cash,0,2,0.134,0.49,1.0,0.599,1.0,1.0,0.536,0.7,0
CUST_00805,21,Female,Morogoro,Christian,Others,Bachelor,"500,001-1,000,000",M-Pesa,2,0.52,0.78,0.4,0.0,Oppo,China,Mid-Range,New,354484,6.3,Physical Store,Mobile Money,0,2,0.309,0.252,1.0,0.642,1.0,1.0,0.712,0.71,1
CUST_01630,15,Female,Arusha,Muslim,Sukuma,No formal,"200,000-500,000",Tigo Pesa,5,0.29,0.88,0.68,0.3,Vivo,China,Mid-Range,New,557724,7.6,Online,Card,0,2,0.0,0.517,0.9,0.983,1.0,1.0,0.588,0.74,1
CUST_02389,35,Male,Zanzibar,Muslim,Others,No formal,"200,000-500,000",Tigo Pesa,1,0.18,0.88,0.87,0.5,Samsung,South Korea,Premium,Used,1465075,8.9,Physical Store,Cash,0,2,0.0,0.774,0.9,0.948,0.6,1.0,0.629,0.64,1
CUST_00802,52,Female,Dar es Salaam,Christian,Others,Diploma,"500,001-1,000,000",M-Pesa,3,0.13,0.5,0.52,0.5,Nokia,Finland,Mid-Range,Used,344744,5.6,Physical Store,Cash,0,2,0.569,0.291,1.0,0.847,0.6,1.0,0.463,0.67,1
CUST_03366,28,Male,Dodoma,Muslim,Sukuma,Primary,"1,000,001-2,000,000",Tigo Pesa,3,0.17,0.4,0.55,0.0,Xiaomi,China,Mid-Range,New,309931,7.7,Physical Store,Cash,0,1,0.69,0.424,0.9,0.829,1.0,1.0,0.492,0.8,0
CUST_00405,31,Female,Arusha,Christian,Chagga,Primary,"<200,000",Tigo Pesa,1,0.26,0.94,0.74,0.3,Tecno,China,Mid-Range,New,487245,7.4,Online,Cash,1,2,0.0,0.548,1.0,0.736,1.0,1.0,0.596,0.75,1
CUST_04589,24,Female,Dodoma,Muslim,Gogo,Secondary,"500,001-1,000,000",None,3,0.37,0.61,0.85,0.7,Tecno,China,Mid-Range,Used,205342,6.8,Physical Store,Cash,0,2,0.687,0.578,0.9,0.858,0.6,1.0,0.547,0.77,0
CUST_03345,28,Male,Morogoro,Muslim,Others,Diploma,"1,000,001-2,000,000",M-Pesa,1,0.23,0.42,0.81,0.7,Tecno,China,Mid-Range,New,284004,7.1,Physical Store,Mobile Money,0,2,0.702,0.575,0.9,0.981,1.0,1.0,0.743,0.77,1
CUST_04427,15,Female,Arusha,Christian,Sukuma,Primary,"<200,000",M-Pesa,3,0.2,0.77,0.58,0.5,Apple,USA,Premium,New,1950200,9.5,Physical Store,Mobile Money,0,12,0.0,0.551,1.0,0.607,1.0,1.0,0.371,0.58,1
CUST_00495,15,Female,Mbeya,Christian,Chagga,Secondary,"1,000,001-2,000,000",Tigo Pesa,2,0.1,0.43,0.38,0.7,Vivo,China,Mid-Range,New,452943,7.5,Physical Store,Cash,0,2,0.513,0.285,1.0,0.787,1.0,1.0,0.497,0.76,1
CUST_01371,29,Female,Mwanza,Muslim,Chagga,Diploma,"200,000-500,000",M-Pesa,3,0.41,0.83,0.72,0.7,Apple,USA,Premium,New,2442721,8.3,Physical Store,Mobile Money,1,1,0.0,0.598,0.9,0.74,1.0,1.0,0.532,0.41,1
CUST_04140,32,Female,Tanga,Christian,Others,No formal,"200,000-500,000",M-Pesa,1,0.26,0.72,0.85,0.5,Xiaomi,China,Mid-Range,Used,381924,5.3,Physical Store,Cash,0,1,0.313,0.45,1.0,0.503,0.6,1.0,0.499,0.64,1
CUST_00002,22,Male,Arusha,Muslim,Sukuma,Primary,"200,000-500,000",Airtel Money,2,0.58,0.75,0.34,0.7,Vivo,China,Mid-Range,New,271697,6.1,Physical Store,Card,0,2,0.491,0.207,0.9,0.755,1.0,1.0,0.505,0.71,1
CUST_03906,28,Male,Dar es Salaam,Other,Others,Primary,"<200,000",Tigo Pesa,4,0.45,0.91,0.33,0.0,Tecno,China,Mid-Range,Used,266897,6.4,Physical Store,Mobile Money,0,2,0.393,0.211,1.0,0.753,0.6,1.0,0.56,0.73,1
CUST_02913,51,Female,Mwanza,Christian,Others,Bachelor,"1,000,001-2,000,000",M-Pesa,1,0.45,0.29,0.75,0.0,Xiaomi,China,Mid-Range,Used,261576,5.8,Physical Store,Cash,0,2,0.81,0.435,1.0,0.998,0.6,1.0,0.766,0.7,1
CUST_00905,22,Female,Mwanza,Christian,Others,Bachelor,"500,001-1,000,000",M-Pesa,4,0.35,0.59,0.68,0.3,Tecno,China,Mid-Range,Used,450734,6.7,Physical Store,Mobile Money,0,2,0.335,0.456,1.0,0.829,0.6,1.0,0.461,0.71,1
CUST_02304,28,Female,Zanzibar,Muslim,Gogo,No formal,"200,000-500,000",Tigo Pesa,3,0.1,0.84,0.5,0.3,Samsung,South Korea,Premium,New,991420,9.1,Physical Store,Mobile Money,0,1,0.306,0.455,0.9,0.786,1.0,1.0,0.434,0.75,1
CUST_00491,32,Male,Zanzibar,Christian,Gogo,Secondary,"<200,000",Tigo Pesa,5,0.05,0.99,0.67,0.5,Nokia,Finland,Mid-Range,New,505119,6.7,Online,Mobile Money,0,2,0.0,0.449,1.0,0.934,1.0,1.0,0.661,0.7,1
CUST_00469,38,Female,Dar es Salaam,Muslim,Sukuma,Diploma,"200,000-500,000",Tigo Pesa,4,0.65,0.84,0.63,0.7,Samsung,South Korea,Premium,New,1372010,9.3,Mobile,Cash,0,2,0.04,0.586,0.9,0.733,1.0,1.0,0.717,0.68,1
CUST_03166,33,Female,Zanzibar,Muslim,Gogo,Master+,">2,000,000",Tigo Pesa,1,0.08,0.39,0.52,0.7,Xiaomi,China,Mid-Range,New,418618,7.3,Physical Store,Mobile Money,0,2,0.592,0.38,0.9,0.517,1.0,1.0,0.727,0.75,1
CUST_00448,35,Male,Mbeya,Muslim,Chagga,Primary,"200,000-500,000",Tigo Pesa,4,0.1,0.89,0.46,0.0,Oppo,China,Mid-Range,New,400420,7.6,Physical Store,Cash,1,2,0.109,0.35,0.9,0.776,1.0,1.0,0.538,0.78,1
CUST_01876,32,Male,Dar es Salaam,Muslim,Sukuma,Diploma,"200,000-500,000",M-Pesa,5,0.18,0.89,0.7,0.7,Huawei,China,Premium,Used,1650420,7.5,Physical Store,Cash,1,2,0.0,0.525,0.9,0.581,0.6,1.0,0.478,0.52,1
CUST_00066,24,Female,Dodoma,Christian,Sukuma,Secondary,"<200,000",Airtel Money,2,0.05,0.73,0.83,0.3,Itel,China,Budget,New,200847,6.0,Physical Store,Card,0,12,0.023,0.498,1.0,0.77,1.0,1.0,0.637,0.72,1
CUST_00103,15,Male,Mwanza,Christian,Others,Secondary,">2,000,000",M-Pesa,2,0.27,0.12,0.61,1.0,Huawei,China,Premium,New,1625826,9.3,Online,Cash,1,2,0.837,0.567,1.0,0.756,1.0,0.8,0.92,0.63,1
CUST_03551,16,Female,Arusha,Christian,Others,Primary,"<200,000",Airtel Money,5,0.26,0.7,0.49,1.0,Samsung,South Korea,Premium,New,2052270,8.8,Mobile,Cash,0,1,0.0,0.431,1.0,1.007,1.0,0.8,0.534,0.52,1
CUST_01539,28,Male,Arusha,Christian,Others,Secondary,"200,000-500,000",Halopesa,3,0.13,1.0,0.61,0.7,Infinix,China,Mid-Range,New,476694,7.8,Physical Store,Card,1,11,0.0,0.476,1.0,0.639,1.0,1.0,0.488,0.77,1
CUST_02521,34,Female,Mwanza,Muslim,Others,Primary,"200,000-500,000",M-Pesa,2,0.21,0.73,0.89,0.7,Oppo,China,Mid-Range,Used,455989,6.6,Physical Store,Mobile Money,0,2,0.168,0.587,0.9,0.658,0.6,1.0,0.354,0.7,1
CUST_01724,23,Male,Dar es Salaam,Christian,Others,Diploma,"1,000,001-2,000,000",Tigo Pesa,5,0.24,0.41,0.8,0.7,Xiaomi,China,Mid-Range,New,299097,6.5,Mobile,Mobile Money,0,1,0.693,0.52,1.0,0.996,1.0,1.0,0.677,0.73,1
CUST_04067,29,Male,Dar es Salaam,Christian,Makonde,Secondary,"200,000-500,000",Airtel Money,3,0.33,0.79,0.68,0.3,Samsung,South Korea,Premium,New,2373355,9.5,Physical Store,Cash,0,2,0.0,0.646,1.0,0.609,1.0,1.0,0.508,0.5,0
CUST_03422,26,Male,Mbeya,Muslim,Gogo,No formal,"200,000-500,000",Airtel Money,3,0.45,0.98,0.66,0.7,Apple,USA,Premium,New,1240343,8.6,Mobile,Cash,0,2,0.0,0.568,0.9,0.744,1.0,1.0,0.58,0.67,1
CUST_00628,23,Female,Dodoma,Christian,Sukuma,No formal,">2,000,000",M-Pesa,2,0.31,0.47,0.65,0.5,Apple,USA,Premium,New,675777,8.7,Physical Store,Cash,0,2,0.735,0.565,1.0,0.979,1.0,1.0,0.687,0.79,1
CUST_03846,22,Female,Dar es Salaam,Muslim,Gogo,Primary,"200,000-500,000",Tigo Pesa,3,0.25,0.92,0.58,0.0,Nokia,Finland,Mid-Range,New,294618,6.0,Physical Store,Mobile Money,1,2,0.322,0.348,0.9,0.837,1.0,1.0,0.536,0.7,1
CUST_02551,26,Male,Dar es Salaam,Christian,Sukuma,Secondary,"<200,000",Tigo Pesa,2,0.21,0.76,0.79,0.5,Tecno,China,Mid-Range,Used,473604,6.4,Physical Store,Mobile Money,1,12,0.1,0.506,1.0,0.77,0.6,1.0,0.579,0.69,1
CUST_02351,18,Female,Morogoro,Christian,Haya,Primary,"<200,000",Airtel Money,1,0.5,0.84,0.66,0.5,Xiaomi,China,Mid-Range,New,506169,6.4,Online,Cash,0,2,0.0,0.422,1.0,0.854,1.0,1.0,0.559,0.68,1
CUST_02424,21,Male,Arusha,Christian,Chagga,Diploma,"500,001-1,000,000",M-Pesa,4,0.11,0.78,0.59,0.7,Itel,China,Budget,New,174882,4.3,Physical Store,Cash,0,2,0.091,0.254,1.0,0.993,1.0,1.0,0.458,0.62,1
CUST_00549,27,Female,Dar es Salaam,Christian,Others,Primary,"1,000,001-2,000,000",Halopesa,3,0.17,0.15,0.86,0.3,Samsung,South Korea,Premium,New,1184970,8.7,Physical Store,Mobile Money,0,11,0.852,0.748,1.0,0.682,1.0,1.0,0.84,0.69,1
CUST_02868,47,Male,Arusha,Christian,Nyamwezi,Secondary,">2,000,000",Halopesa,3,0.03,0.4,0.49,0.7,Tecno,China,Mid-Range,New,432150,6.2,Online,Cash,0,2,0.568,0.304,1.0,0.702,1.0,1.0,0.47,0.69,1
CUST_01302,15,Female,Mbeya,Christian,Chagga,Secondary,"200,000-500,000",Tigo Pesa,3,0.02,0.93,0.52,0.5,Infinix,China,Mid-Range,New,486283,7.7,Physical Store,Mobile Money,0,2,0.0,0.4,1.0,0.682,1.0,1.0,0.461,0.76,1
CUST_01349,25,Female,Arusha,Muslim,Others,Primary,"500,001-1,000,000",Airtel Money,3,0.26,0.5,0.68,1.0,Tecno,China,Mid-Range,Used,315328,6.1,Physical Store,Mobile Money,1,1,0.606,0.415,0.9,0.682,0.6,0.8,0.732,0.7,1
CUST_04083,37,Female,Tanga,Muslim,Sukuma,Primary,"200,000-500,000",M-Pesa,2,0.47,0.96,0.9,0.3,Huawei,China,Premium,New,1131077,8.6,Online,Cash,1,1,0.095,0.774,0.9,0.637,1.0,1.0,0.477,0.69,1
CUST_01542,31,Female,Mwanza,Muslim,Others,No formal,"<200,000",M-Pesa,2,0.32,0.88,0.83,0.5,Oppo,China,Mid-Range,New,280781,6.7,Physical Store,Mobile Money,0,1,0.382,0.556,0.9,0.803,1.0,1.0,0.555,0.75,1
CUST_01175,15,Female,Mwanza,Christian,Others,Secondary,"500,001-1,000,000",Halopesa,4,0.28,0.61,0.46,0.5,Tecno,China,Mid-Range,New,394602,6.8,Online,Mobile Money,0,2,0.398,0.313,1.0,0.725,1.0,1.0,0.617,0.73,1
CUST_01054,42,Female,Dar es Salaam,Other,Others,No formal,"200,000-500,000",Airtel Money,1,0.02,0.79,0.37,0.5,Samsung,South Korea,Premium,New,1821674,9.4,Online,Cash,0,1,0.0,0.348,1.0,0.97,1.0,1.0,0.328,0.6,1
CUST_00981,39,Male,Arusha,Christian,Gogo,Secondary,"500,001-1,000,000",M-Pesa,3,0.29,0.8,0.33,0.3,Infinix,China,Mid-Range,New,478096,7.5,Physical Store,Mobile Money,0,2,0.044,0.248,1.0,0.961,1.0,1.0,0.568,0.75,1
CUST_03112,26,Male,Morogoro,Muslim,Others,No formal,"200,000-500,000",Tigo Pesa,2,0.33,0.93,0.58,0.3,Apple,USA,Premium,New,1599341,9.1,Physical Store,Mobile Money,0,2,0.0,0.528,0.9,1.006,1.0,1.0,0.683,0.63,1
CUST_01896,27,Male,Dar es Salaam,Christian,Others,Secondary,"1,000,001-2,000,000",Airtel Money,3,0.36,0.43,0.61,0.3,Huawei,China,Premium,New,1043576,8.1,Physical Store,Cash,1,2,0.626,0.494,1.0,0.926,1.0,1.0,0.607,0.68,1
CUST_01823,24,Male,Arusha,Christian,Others,Diploma,"200,000-500,000",M-Pesa,4,0.44,0.97,0.76,1.0,Infinix,China,Mid-Range,New,324078,7.6,Physical Store,Mobile Money,1,2,0.214,0.578,1.0,0.506,1.0,0.8,0.541,0.79,1
CUST_03387,24,Male,Morogoro,Christian,Others,No formal,">2,000,000",M-Pesa,4,0.33,0.33,0.43,0.3,Samsung,South Korea,Premium,New,1807910,9.4,Online,Cash,0,2,0.503,0.404,1.0,0.87,1.0,1.0,0.821,0.6,1
CUST_00435,27,Male,Zanzibar,Christian,Gogo,Diploma,"<200,000",Halopesa,4,0.49,0.86,0.48,0.3,Samsung,South Korea,Premium,New,2404868,9.2,Physical Store,Cash,1,2,0.0,0.442,1.0,1.106,1.0,1.0,0.648,0.47,1
CUST_02508,16,Female,Dodoma,Christian,Sukuma,Diploma,"200,000-500,000",Airtel Money,4,0.23,0.93,0.63,0.5,Itel,China,Budget,New,213828,5.2,Online,Mobile Money,0,1,0.0,0.328,1.0,0.611,1.0,1.0,0.473,0.67,1
CUST_02099,24,Female,Dodoma,Christian,Nyamwezi,No formal,"500,001-1,000,000",M-Pesa,2,0.5,0.66,0.47,0.0,Xiaomi,China,Mid-Range,New,480054,7.4,Online,Cash,0,2,0.208,0.348,1.0,0.681,1.0,1.0,0.619,0.75,1
CUST_03597,18,Female,Mwanza,Christian,Others,Primary,">2,000,000",None,4,0.16,0.14,0.3,0.0,Huawei,China,Premium,New,1946115,9.1,Physical Store,Cash,1,2,0.773,0.273,1.0,0.588,1.0,1.0,0.587,0.56,1
CUST_00946,24,Male,Arusha,Christian,Sukuma,Secondary,"<200,000",Airtel Money,3,0.29,0.94,0.76,0.3,Tecno,China,Mid-Range,New,380309,6.3,Physical Store,Cash,0,2,0.106,0.479,1.0,0.644,1.0,1.0,0.662,0.7,1
CUST_02646,16,Male,Mwanza,Muslim,Sukuma,Secondary,"200,000-500,000",Tigo Pesa,5,0.3,0.93,0.78,0.5,Tecno,China,Mid-Range,Used,478576,6.7,Online,Card,1,2,0.0,0.523,0.9,0.643,0.6,1.0,0.605,0.71,1
CUST_01611,27,Female,Dar es Salaam,Christian,Chagga,Primary,"200,000-500,000",Halopesa,2,0.27,0.83,0.72,0.3,Oppo,China,Mid-Range,New,524735,7.7,Physical Store,Mobile Money,0,2,0.0,0.554,1.0,0.726,1.0,1.0,0.501,0.76,1
CUST_04455,25,Male,Arusha,Christian,Gogo,Primary,"500,001-1,000,000",M-Pesa,2,0.29,0.57,0.87,0.5,Nokia,Finland,Mid-Range,Used,181477,5.7,Physical Store,Mobile Money,1,1,0.741,0.496,1.0,0.757,0.6,1.0,0.736,0.71,1
CUST_04464,27,Female,Zanzibar,Christian,Makonde,Diploma,"1,000,001-2,000,000",Tigo Pesa,2,0.74,0.11,0.66,0.7,Samsung,South Korea,Premium,New,2494701,8.9,Mobile,Cash,0,12,0.771,0.587,1.0,0.642,1.0,1.0,0.81,0.44,1
CUST_01027,15,Male,Mwanza,Christian,Others,Secondary,"<200,000",Tigo Pesa,4,0.06,0.92,0.67,0.0,Huawei,China,Premium,New,1010174,9.6,Physical Store,Mobile Money,1,2,0.226,0.643,1.0,0.951,1.0,1.0,0.628,0.77,1
CUST_02482,32,Female,Arusha,Muslim,Chagga,Secondary,"200,000-500,000",Airtel Money,4,0.24,0.76,0.84,0.0,Huawei,China,Premium,New,774415,8.9,Physical Store,Cash,0,1,0.51,0.748,0.9,0.668,1.0,1.0,0.71,0.78,1
CUST_02118,31,Male,Mbeya,Christian,Others,Primary,"200,000-500,000",Airtel Money,2,0.22,0.77,0.65,0.5,Huawei,China,Premium,New,1823935,8.8,Mobile,Cash,0,1,0.0,0.572,1.0,0.58,1.0,1.0,0.362,0.56,1
CUST_02790,49,Female,Dar es Salaam,Muslim,Others,No formal,"200,000-500,000",M-Pesa,4,0.21,0.8,0.89,1.0,Nokia,Finland,Mid-Range,New,311264,6.6,Physical Store,Cash,0,1,0.377,0.587,0.9,0.545,1.0,0.8,0.646,0.73,1
CUST_02499,24,Female,Dar es Salaam,Muslim,Others,Primary,"<200,000",Airtel Money,2,0.42,0.8,0.56,0.0,Oppo,China,Mid-Range,New,317939,7.0,Physical Store,Mobile Money,1,1,0.364,0.392,0.9,0.868,1.0,1.0,0.411,0.76,1
CUST_02798,15,Male,Zanzibar,Christian,Chagga,No formal,"1,000,001-2,000,000",M-Pesa,3,0.2,0.35,0.65,0.3,Infinix,China,Mid-Range,New,464650,7.1,Mobile,Cash,0,2,0.593,0.461,1.0,0.753,1.0,1.0,0.789,0.73,1
CUST_01467,40,Male,Dar es Salaam,Muslim,Others,Primary,"<200,000",Halopesa,2,0.14,0.96,0.41,0.5,Huawei,China,Premium,New,1886633,9.8,Physical Store,Mobile Money,0,2,0.0,0.402,0.9,0.836,1.0,1.0,0.522,0.61,1
CUST_00383,43,Female,Morogoro,Muslim,Chagga,Diploma,"200,000-500,000",Airtel Money,3,0.59,0.92,0.32,0.5,Itel,China,Budget,New,80000,6.9,Physical Store,Cash,0,1,0.509,0.221,0.9,0.559,1.0,1.0,0.596,0.8,1
CUST_00012,33,Female,Dar es Salaam,Christian,Others,Secondary,"200,000-500,000",M-Pesa,4,0.25,0.97,0.66,0.0,Infinix,China,Mid-Range,New,485021,6.9,Physical Store,Cash,0,2,0.0,0.455,1.0,0.898,1.0,1.0,0.565,0.72,1
CUST_00448,35,Male,Mbeya,Muslim,Chagga,Primary,"200,000-500,000",Tigo Pesa,4,0.1,0.89,0.46,0.0,Apple,USA,Premium,New,1958783,8.5,Online,Mobile Money,1,12,0.0,0.391,0.9,0.919,1.0,1.0,0.533,0.52,1
CUST_02791,17,Male,Dodoma,Muslim,Gogo,Bachelor,"200,000-500,000",M-Pesa,2,0.08,0.85,0.64,0.0,Apple,USA,Premium,New,2361132,8.2,Physical Store,Cash,0,1,0.0,0.525,0.9,0.656,1.0,1.0,0.452,0.42,1
CUST_02679,35,Male,Morogoro,Muslim,Others,Bachelor,"200,000-500,000",Tigo Pesa,4,0.2,0.95,0.68,0.5,Huawei,China,Premium,New,2071573,9.3,Mobile,Cash,0,2,0.0,0.632,0.9,0.622,1.0,1.0,0.55,0.54,1
CUST_01252,37,Male,Dar es Salaam,Muslim,Sukuma,Secondary,"500,001-1,000,000",Airtel Money,3,0.54,0.67,0.43,0.5,Huawei,China,Premium,New,2160043,8.2,Physical Store,Card,1,2,0.0,0.353,0.9,0.678,1.0,1.0,0.244,0.46,1
CUST_00537,29,Male,Mbeya,Christian,Others,Primary,"<200,000",M-Pesa,2,0.07,0.79,0.61,0.3,Tecno,China,Mid-Range,Used,351891,6.6,Physical Store,Mobile Money,0,2,0.305,0.403,1.0,0.709,0.6,1.0,0.504,0.73,1
CUST_03662,23,Male,Zanzibar,Muslim,Chagga,Master+,"200,000-500,000",Tigo Pesa,2,0.65,0.88,0.41,0.5,Samsung,South Korea,Premium,New,2171353,8.3,Physical Store,Cash,1,1,0.0,0.34,0.9,1.009,1.0,1.0,0.568,0.46,1
CUST_04239,30,Female,Arusha,Christian,Others,Secondary,"500,001-1,000,000",Halopesa,4,0.21,0.75,0.77,0.5,Tecno,China,Mid-Range,New,534550,6.1,Physical Store,Cash,1,12,0.0,0.47,1.0,0.558,1.0,1.0,0.525,0.66,1
CUST_01841,20,Male,Arusha,Christian,Others,Secondary,"<200,000",Tigo Pesa,3,0.21,1.0,0.36,0.7,Vivo,China,Mid-Range,New,268768,6.7,Physical Store,Mobile Money,0,2,0.328,0.241,1.0,0.513,1.0,1.0,0.515,0.75,1
CUST_01336,18,Male,Dodoma,Muslim,Sukuma,Diploma,"200,000-500,000",Halopesa,4,0.74,0.86,0.7,0.3,Tecno,China,Mid-Range,Used,247631,5.8,Online,Cash,0,1,0.468,0.406,0.9,0.647,0.6,1.0,0.571,0.7,1
CUST_00337,34,Male,Dodoma,Muslim,Sukuma,Secondary,"200,000-500,000",None,1,0.28,0.77,0.6,0.7,Tecno,China,Mid-Range,Used,142278,5.8,Physical Store,Cash,0,2,0.726,0.348,0.9,0.514,0.6,1.0,0.624,0.72,1
CUST_03260,27,Female,Morogoro,Christian,Others,Primary,"<200,000",M-Pesa,3,0.5,0.83,0.87,0.5,Vivo,China,Mid-Range,New,254593,7.6,Physical Store,Card,0,1,0.472,0.661,1.0,0.664,1.0,1.0,0.706,0.81,1
CUST_03972,28,Male,Mwanza,Christian,Gogo,Secondary,"1,000,001-2,000,000",M-Pesa,2,0.17,0.46,0.73,1.0,Apple,USA,Premium,New,659795,8.2,Mobile,Mobile Money,0,2,0.747,0.599,1.0,1.142,1.0,0.8,0.784,0.76,1
CUST_02056,37,Female,Mwanza,Christian,Others,Bachelor,"<200,000",M-Pesa,3,0.55,0.85,0.39,0.5,Samsung,South Korea,Premium,New,934815,9.2,Mobile,Cash,1,2,0.338,0.359,1.0,0.947,1.0,1.0,0.923,0.77,0
CUST_01314,22,Male,Morogoro,Muslim,Nyamwezi,Primary,"500,001-1,000,000",M-Pesa,3,0.19,0.45,0.8,0.5,Nokia,Finland,Mid-Range,New,534132,6.1,Mobile,Cash,1,2,0.399,0.488,0.9,0.617,1.0,1.0,0.784,0.66,1
CUST_00231,24,Female,Tanga,Christian,Nyamwezi,Secondary,">2,000,000",M-Pesa,5,0.33,0.31,0.71,0.3,Infinix,China,Mid-Range,New,432839,6.4,Mobile,Cash,0,2,0.665,0.454,1.0,0.693,1.0,1.0,0.699,0.7,1
CUST_01724,23,Male,Dar es Salaam,Christian,Others,Diploma,"1,000,001-2,000,000",Tigo Pesa,5,0.24,0.41,0.8,0.7,Nokia,Finland,Mid-Range,New,523033,6.4,Physical Store,Cash,1,2,0.464,0.512,1.0,0.541,1.0,1.0,0.567,0.68,1
CUST_02289,23,Female,Arusha,Christian,Others,Secondary,"200,000-500,000",Tigo Pesa,3,0.25,0.76,0.48,0.0,Samsung,South Korea,Premium,New,2258706,8.4,Physical Store,Cash,1,1,0.0,0.403,1.0,0.617,1.0,1.0,0.425,0.45,1
CUST_00149,31,Female,Dar es Salaam,Muslim,Gogo,Secondary,"200,000-500,000",Halopesa,5,0.48,0.99,0.42,0.0,Apple,USA,Premium,New,913132,9.1,Physical Store,Cash,0,2,0.247,0.382,0.9,0.64,1.0,1.0,0.514,0.76,1
CUST_02684,39,Male,Mbeya,Christian,Others,Secondary,"1,000,001-2,000,000",Tigo Pesa,2,0.25,0.19,0.86,0.5,Itel,China,Budget,New,237868,4.4,Physical Store,Cash,1,2,0.699,0.378,1.0,0.626,1.0,1.0,0.701,0.62,0
CUST_01461,22,Male,Dar es Salaam,Other,Gogo,No formal,"200,000-500,000",None,3,0.2,0.91,0.52,0.7,Huawei,China,Premium,New,1641835,8.4,Physical Store,Cash,0,1,0.0,0.437,1.0,0.731,1.0,1.0,0.616,0.58,1
CUST_01569,30,Male,Tanga,Muslim,Haya,Secondary,"1,000,001-2,000,000",Tigo Pesa,4,0.4,0.34,0.47,1.0,Samsung,South Korea,Premium,New,2494872,9.5,Online,Mobile Money,1,2,0.293,0.446,0.9,0.873,1.0,0.8,0.639,0.47,1
CUST_00514,15,Female,Arusha,Muslim,Others,Diploma,"200,000-500,000",Tigo Pesa,4,0.32,0.86,0.57,0.3,Tecno,China,Mid-Range,Used,153359,5.7,Physical Store,Mobile Money,0,2,0.67,0.325,0.9,0.515,0.6,1.0,0.667,0.71,1
CUST_01194,24,Female,Zanzibar,Muslim,Haya,Secondary,"500,001-1,000,000",None,1,0.07,0.75,0.31,0.3,Huawei,China,Premium,New,1758361,9.6,Mobile,Cash,0,2,0.0,0.298,0.9,0.948,1.0,1.0,0.395,0.62,1
CUST_00609,33,Female,Mwanza,Muslim,Others,Primary,"500,001-1,000,000",M-Pesa,3,0.41,0.79,0.4,0.5,Huawei,China,Premium,New,768321,9.6,Physical Store,Cash,0,2,0.494,0.384,0.9,0.917,1.0,1.0,0.683,0.82,1
CUST_03148,23,Female,Mwanza,Other,Chagga,Primary,"200,000-500,000",M-Pesa,3,0.2,0.85,0.68,0.5,Itel,China,Budget,New,228074,6.2,Physical Store,Card,0,1,0.0,0.422,1.0,0.649,1.0,1.0,0.46,0.73,1
CUST_01071,26,Female,Dodoma,Christian,Others,Bachelor,"500,001-1,000,000",Halopesa,5,0.22,0.67,0.5,0.3,Huawei,China,Premium,New,2343860,9.1,Physical Store,Cash,1,11,0.0,0.455,1.0,0.544,1.0,1.0,0.464,0.48,1
CUST_02847,25,Male,Tanga,Christian,Others,Bachelor,"<200,000",M-Pesa,4,0.33,0.9,0.69,0.5,Oppo,China,Mid-Range,New,310743,7.3,Physical Store,Mobile Money,0,1,0.301,0.504,1.0,0.838,1.0,1.0,0.59,0.78,1
CUST_04759,33,Female,Dodoma,Christian,Others,Secondary,"500,001-1,000,000",M-Pesa,1,0.31,0.78,0.61,0.0,Nokia,Finland,Mid-Range,New,514861,6.9,Physical Store,Mobile Money,0,12,0.0,0.421,1.0,0.995,1.0,1.0,0.52,0.71,1
CUST_03011,22,Male,Mbeya,Christian,Nyamwezi,Primary,">2,000,000",Tigo Pesa,4,0.1,0.36,0.86,0.0,Vivo,China,Mid-Range,New,388071,7.1,Physical Store,Card,0,1,0.651,0.611,1.0,0.608,1.0,1.0,0.678,0.75,1
CUST_04078,27,Female,Dar es Salaam,Christian,Others,Secondary,"200,000-500,000",M-Pesa,4,0.11,0.86,0.75,0.5,Samsung,South Korea,Premium,New,1771121,8.3,Online,Cash,0,2,0.0,0.622,1.0,0.64,1.0,1.0,0.539,0.54,1
CUST_04147,37,Male,Dar es Salaam,Christian,Others,Secondary,"500,001-1,000,000",M-Pesa,3,0.53,0.49,0.79,0.7,Infinix,China,Mid-Range,New,594691,8.0,Online,Mobile Money,0,2,0.272,0.632,1.0,0.709,1.0,1.0,0.646,0.76,0
CUST_00468,37,Male,Dar es Salaam,Christian,Chagga,Secondary,"200,000-500,000",Tigo Pesa,2,0.56,0.76,0.51,0.3,Itel,China,Budget,New,105458,4.6,Physical Store,Cash,1,12,0.466,0.235,1.0,0.881,1.0,1.0,0.631,0.65,0
CUST_03631,15,Female,Arusha,Muslim,Others,Master+,"200,000-500,000",Tigo Pesa,5,0.29,0.81,0.58,0.3,Xiaomi,China,Mid-Range,New,563300,6.3,Physical Store,Cash,0,2,0.0,0.365,0.9,0.522,1.0,1.0,0.455,0.67,1
CUST_00488,39,Male,Arusha,Christian,Haya,Secondary,"<200,000",M-Pesa,3,0.06,0.74,0.34,0.3,Tecno,China,Mid-Range,New,507185,7.2,Online,Mobile Money,1,12,0.062,0.245,1.0,0.953,1.0,1.0,0.562,0.73,1
CUST_02217,15,Male,Dar es Salaam,Muslim,Chagga,No formal,"200,000-500,000",Tigo Pesa,4,0.35,0.82,0.43,0.5,Huawei,China,Premium,New,1139424,8.1,Physical Store,Mobile Money,1,2,0.221,0.348,0.9,0.952,1.0,1.0,0.491,0.66,1
CUST_02532,33,Female,Arusha,Muslim,Others,Primary,"200,000-500,000",Airtel Money,3,0.48,0.96,0.58,0.5,Samsung,South Korea,Premium,New,2256326,8.3,Online,Cash,0,1,0.0,0.481,0.9,0.784,1.0,1.0,0.632,0.45,1
CUST_02562,29,Male,Mwanza,Christian,Others,Master+,"<200,000",M-Pesa,4,0.14,0.8,0.44,0.7,Samsung,South Korea,Premium,New,2091742,9.2,Physical Store,Mobile Money,1,2,0.0,0.405,1.0,1.094,1.0,1.0,0.404,0.53,1
CUST_04576,28,Female,Dar es Salaam,Muslim,Gogo,Secondary,"<200,000",M-Pesa,2,0.37,0.96,0.63,0.3,Nokia,Finland,Mid-Range,New,450206,6.1,Physical Store,Cash,0,2,0.0,0.384,0.9,0.585,1.0,1.0,0.514,0.68,1
CUST_03543,24,Male,Dodoma,Muslim,Others,No formal,">2,000,000",M-Pesa,2,0.22,0.13,0.72,0.0,Infinix,China,Mid-Range,New,527486,7.3,Online,Mobile Money,0,2,0.829,0.526,0.9,0.543,1.0,1.0,0.771,0.73,1
CUST_02036,45,Male,Mwanza,Muslim,Sukuma,Secondary,"200,000-500,000",Tigo Pesa,2,0.2,0.89,0.55,0.5,Itel,China,Budget,New,149568,4.1,Physical Store,Mobile Money,0,2,0.113,0.226,0.9,0.558,1.0,1.0,0.217,0.62,1
CUST_04030,15,Male,Zanzibar,Christian,Others,Master+,"200,000-500,000",M-Pesa,3,0.11,0.98,0.55,0.5,Infinix,China,Mid-Range,Used,280697,5.5,Physical Store,Cash,0,2,0.312,0.303,1.0,0.971,0.6,1.0,0.643,0.67,1
CUST_00800,35,Male,Morogoro,Christian,Others,Primary,"1,000,001-2,000,000",M-Pesa,2,0.58,0.14,0.52,0.5,Apple,USA,Premium,New,1030620,8.1,Physical Store,Cash,0,2,0.88,0.421,1.0,0.808,1.0,1.0,0.882,0.68,1
CUST_03426,22,Female,Mbeya,Christian,Sukuma,Diploma,"500,001-1,000,000",Halopesa,5,0.29,0.7,0.39,0.7,Vivo,China,Mid-Range,New,569913,6.2,Physical Store,Cash,0,2,0.003,0.242,1.0,0.833,1.0,1.0,0.474,0.66,1
CUST_02669,32,Male,Dar es Salaam,Christian,Makonde,Primary,"<200,000",Airtel Money,5,0.46,0.89,0.39,1.0,Infinix,China,Mid-Range,New,396274,7.7,Physical Store,Mobile Money,1,1,0.118,0.3,1.0,0.635,1.0,0.8,0.412,0.78,1
CUST_03445,15,Male,Mwanza,Muslim,Gogo,Primary,"1,000,001-2,000,000",Tigo Pesa,3,0.27,0.13,0.67,0.3,Xiaomi,China,Mid-Range,New,433288,7.5,Physical Store,Card,0,1,0.859,0.503,0.9,0.656,1.0,1.0,0.553,0.76,1
CUST_02168,32,Male,Morogoro,Muslim,Makonde,Secondary,"200,000-500,000",M-Pesa,3,0.13,0.97,0.85,0.5,Oppo,China,Mid-Range,New,309047,7.1,Mobile,Cash,0,1,0.251,0.603,0.9,0.976,1.0,1.0,0.61,0.76,1
CUST_02002,23,Female,Arusha,Muslim,Chagga,No formal,"200,000-500,000",M-Pesa,2,0.06,0.77,0.46,0.0,Huawei,China,Premium,Used,1266258,8.4,Physical Store,Mobile Money,0,1,0.187,0.386,0.9,0.501,0.6,1.0,0.555,0.65,1
CUST_01135,29,Male,Morogoro,Christian,Others,Primary,">2,000,000",M-Pesa,2,0.24,0.28,0.63,0.0,Samsung,South Korea,Premium,New,2265848,9.7,Online,Cash,0,1,0.471,0.611,1.0,0.728,1.0,1.0,0.886,0.53,1
CUST_02369,19,Female,Tanga,Muslim,Nyamwezi,Master+,"200,000-500,000",Airtel Money,4,0.29,0.96,0.45,0.3,Vivo,China,Mid-Range,New,550135,6.2,Physical Store,Cash,1,2,0.0,0.279,0.9,0.836,1.0,1.0,0.301,0.66,1
CUST_03423,27,Male,Dar es Salaam,Christian,Chagga,Primary,"500,001-1,000,000",M-Pesa,3,0.51,0.57,0.61,0.5,Xiaomi,China,Mid-Range,New,322858,7.1,Physical Store,Card,0,2,0.54,0.433,1.0,0.629,1.0,1.0,0.713,0.76,1
CUST_03978,26,Male,Morogoro,Christian,Sukuma,No formal,"200,000-500,000",Airtel Money,3,0.54,0.86,0.33,0.3,Itel,China,Budget,New,140375,5.9,Physical Store,Mobile Money,0,2,0.195,0.195,1.0,0.91,1.0,1.0,0.572,0.73,0
CUST_04787,34,Female,Dar es Salaam,Christian,Others,Diploma,"<200,000",M-Pesa,4,0.24,0.94,0.7,0.5,Oppo,China,Mid-Range,New,458925,6.6,Physical Store,Cash,0,2,0.0,0.462,1.0,0.828,1.0,1.0,0.63,0.7,1
CUST_02115,42,Female,Dodoma,Muslim,Makonde,Primary,"200,000-500,000",M-Pesa,2,0.29,0.8,0.67,0.5,Samsung,South Korea,Premium,New,2322867,9.6,Mobile,Cash,0,2,0.0,0.643,0.9,0.923,1.0,1.0,0.569,0.51,0
CUST_01568,34,Male,Zanzibar,Christian,Haya,Secondary,"200,000-500,000",M-Pesa,5,0.14,1.0,0.48,0.3,Samsung,South Korea,Premium,New,1159826,8.2,Physical Store,Cash,1,12,0.033,0.394,1.0,1.153,1.0,1.0,0.408,0.66,1
CUST_00463,15,Male,Zanzibar,Christian,Haya,Secondary,"200,000-500,000",Airtel Money,2,0.19,0.94,0.84,0.5,Apple,USA,Premium,New,1327446,9.1,Physical Store,Cash,0,1,0.0,0.764,1.0,0.956,1.0,1.0,0.398,0.68,1
CUST_01697,15,Male,Tanga,Christian,Others,No formal,"500,001-1,000,000",Airtel Money,3,0.1,0.74,0.52,0.5,Vivo,China,Mid-Range,Used,247460,6.6,Physical Store,Card,0,2,0.542,0.343,1.0,0.647,0.6,1.0,0.577,0.75,1
CUST_03832,29,Female,Dar es Salaam,Christian,Others,Primary,"500,001-1,000,000",Airtel Money,2,0.52,0.5,0.63,0.3,Tecno,China,Mid-Range,New,348611,7.3,Physical Store,Cash,0,2,0.564,0.46,1.0,0.68,1.0,1.0,0.591,0.77,1
CUST_00559,17,Female,Arusha,Christian,Haya,Diploma,"1,000,001-2,000,000",M-Pesa,3,0.35,0.39,0.53,0.0,Apple,USA,Premium,New,1492632,9.0,Mobile,Cash,0,2,0.515,0.477,1.0,1.137,1.0,1.0,0.892,0.64,0
CUST_00832,22,Male,Dar es Salaam,Christian,Others,Bachelor,"<200,000",Airtel Money,3,0.38,0.85,0.79,0.3,Nokia,Finland,Mid-Range,New,576370,6.1,Physical Store,Cash,0,1,0.0,0.482,1.0,0.695,1.0,1.0,0.584,0.65,1
CUST_01414,36,Male,Dar es Salaam,Christian,Sukuma,Diploma,"200,000-500,000",M-Pesa,3,0.56,0.94,0.57,0.5,Huawei,China,Premium,New,1776112,8.1,Mobile,Mobile Money,1,1,0.0,0.462,1.0,0.739,1.0,1.0,0.559,0.53,1
CUST_03194,19,Male,Zanzibar,Christian,Others,Bachelor,"200,000-500,000",M-Pesa,4,0.36,0.76,0.38,0.3,Tecno,China,Mid-Range,New,500532,8.0,Physical Store,Card,0,12,0.049,0.304,1.0,0.529,1.0,1.0,0.481,0.78,1
CUST_01697,15,Male,Tanga,Christian,Others,No formal,"500,001-1,000,000",Airtel Money,3,0.1,0.74,0.52,0.5,Itel,China,Budget,Used,43819,4.7,Mobile,Mobile Money,0,2,0.784,0.244,1.0,0.644,0.6,1.0,0.718,0.67,1
CUST_05000,16,Female,Mwanza,Muslim,Sukuma,Bachelor,"500,001-1,000,000",Tigo Pesa,3,0.2,0.56,0.32,0.5,Vivo,China,Mid-Range,Used,207793,6.5,Physical Store,Mobile Money,0,2,0.709,0.208,0.9,0.942,0.6,1.0,0.554,0.75,1
CUST_03927,29,Female,Tanga,Muslim,Sukuma,Secondary,"200,000-500,000",M-Pesa,5,0.69,0.96,0.43,0.3,Samsung,South Korea,Premium,New,1338914,9.6,Online,Card,0,1,0.0,0.413,0.9,0.742,1.0,1.0,0.479,0.71,1
CUST_02217,15,Male,Dar es Salaam,Muslim,Chagga,No formal,"200,000-500,000",Tigo Pesa,4,0.35,0.82,0.43,0.5,Tecno,China,Mid-Range,New,327128,7.1,Physical Store,Mobile Money,0,2,0.329,0.305,0.9,0.779,1.0,1.0,0.719,0.76,1
CUST_01387,16,Female,Arusha,Muslim,Others,Secondary,"1,000,001-2,000,000",None,3,0.02,0.42,0.78,0.7,Apple,USA,Premium,New,2299308,9.5,Physical Store,Cash,0,2,0.195,0.741,0.9,0.939,1.0,1.0,0.737,0.51,1
CUST_02830,41,Female,Mbeya,Christian,Others,Bachelor,"200,000-500,000",Halopesa,3,0.35,0.77,0.37,0.7,Tecno,China,Mid-Range,New,529875,7.4,Physical Store,Card,1,11,0.0,0.274,1.0,0.785,1.0,1.0,0.467,0.74,1
CUST_04756,39,Male,Mbeya,Christian,Others,Primary,"<200,000",Tigo Pesa,4,0.2,0.77,0.83,0.5,Samsung,South Korea,Premium,New,861442,9.9,Physical Store,Cash,0,1,0.447,0.822,1.0,0.856,1.0,1.0,0.859,0.82,0
CUST_03223,53,Male,Mbeya,Muslim,Gogo,Diploma,"<200,000",Airtel Money,4,0.43,0.78,0.64,0.0,Infinix,China,Mid-Range,New,507639,6.8,Physical Store,Mobile Money,1,2,0.01,0.435,0.9,0.579,1.0,1.0,0.57,0.71,1
CUST_04687,39,Female,Dar es Salaam,Christian,Chagga,Secondary,"<200,000",Airtel Money,2,0.21,0.8,0.64,0.3,Oppo,China,Mid-Range,New,571605,6.7,Online,Mobile Money,1,2,0.0,0.429,1.0,0.583,1.0,1.0,0.488,0.69,1
CUST_01589,22,Male,Morogoro,Christian,Makonde,Secondary,"200,000-500,000",M-Pesa,4,0.28,0.92,0.47,0.5,Vivo,China,Mid-Range,New,303864,6.2,Physical Store,Cash,0,1,0.301,0.291,1.0,0.862,1.0,1.0,0.523,0.71,1
CUST_03042,33,Male,Mwanza,Muslim,Gogo,No formal,"200,000-500,000",M-Pesa,1,0.12,0.84,0.72,0.0,Nokia,Finland,Mid-Range,New,587498,7.9,Physical Store,Mobile Money,0,2,0.0,0.569,0.9,0.986,1.0,1.0,0.542,0.76,1
CUST_02105,21,Female,Dar es Salaam,Muslim,Nyamwezi,Diploma,"<200,000",M-Pesa,1,0.14,0.85,0.79,0.5,Apple,USA,Premium,New,1872026,9.9,Physical Store,Cash,0,11,0.0,0.782,0.9,1.161,1.0,1.0,0.39,0.62,1
CUST_00059,15,Female,Dodoma,Christian,Sukuma,Secondary,"500,001-1,000,000",Tigo Pesa,2,0.29,0.64,0.52,0.0,Apple,USA,Premium,New,2475645,9.3,Physical Store,Cash,0,1,0.0,0.484,1.0,0.852,1.0,1.0,0.357,0.46,1
CUST_00453,35,Female,Dar es Salaam,Other,Chagga,Primary,"200,000-500,000",Halopesa,3,0.1,0.76,0.49,0.0,Itel,China,Budget,New,173577,5.1,Online,Cash,1,12,0.121,0.25,1.0,0.774,1.0,1.0,0.378,0.67,1
CUST_01647,21,Male,Dodoma,Christian,Others,Primary,"200,000-500,000",M-Pesa,3,0.26,0.93,0.82,0.7,Tecno,China,Mid-Range,New,382301,6.6,Physical Store,Cash,0,1,0.111,0.541,1.0,0.801,1.0,1.0,0.448,0.72,1
CUST_04304,31,Male,Mwanza,Christian,Nyamwezi,Primary,"200,000-500,000",M-Pesa,4,0.11,0.89,0.34,0.3,Apple,USA,Premium,New,1488260,9.3,Physical Store,Mobile Money,0,2,0.0,0.316,1.0,1.038,1.0,1.0,0.373,0.66,0
CUST_00156,25,Male,Dar es Salaam,Muslim,Chagga,Diploma,"200,000-500,000",Airtel Money,5,0.17,0.73,0.71,0.3,Apple,USA,Premium,New,2421983,8.9,Online,Cash,0,6,0.0,0.632,0.9,0.731,1.0,1.0,0.517,0.45,1
CUST_02368,40,Female,Dar es Salaam,Christian,Sukuma,Primary,"200,000-500,000",M-Pesa,2,0.5,0.97,0.84,0.3,Apple,USA,Premium,New,2110852,8.5,Physical Store,Card,0,2,0.0,0.714,1.0,0.875,1.0,1.0,0.593,0.49,1
CUST_02580,27,Female,Morogoro,Christian,Others,Primary,"200,000-500,000",M-Pesa,1,0.14,0.94,0.78,0.5,Itel,China,Budget,Used,126193,3.2,Physical Store,Mobile Money,0,1,0.209,0.25,1.0,0.692,0.6,1.0,0.488,0.57,1
CUST_01241,35,Male,Tanga,Christian,Others,Secondary,"200,000-500,000",Tigo Pesa,3,0.38,0.79,0.52,0.0,Vivo,China,Mid-Range,New,488355,7.5,Mobile,Cash,0,2,0.035,0.39,1.0,0.561,1.0,1.0,0.434,0.75,1
CUST_02209,38,Female,Morogoro,Muslim,Haya,Bachelor,"500,001-1,000,000",Tigo Pesa,5,0.08,0.43,0.65,0.3,Samsung,South Korea,Premium,New,2232729,8.8,Online,Cash,0,2,0.2,0.572,0.9,0.824,1.0,1.0,0.515,0.48,0
CUST_01549,43,Male,Dar es Salaam,Christian,Others,Primary,"<200,000",Airtel Money,5,0.4,0.8,0.62,1.0,Apple,USA,Premium,New,988091,8.4,Physical Store,Mobile Money,0,2,0.341,0.521,1.0,0.841,1.0,0.8,0.561,0.71,1
CUST_03269,32,Male,Dar es Salaam,Christian,Gogo,Primary,">2,000,000",M-Pesa,3,0.08,0.25,0.43,0.3,Apple,USA,Premium,New,2383406,9.2,Physical Store,Cash,0,2,0.503,0.396,1.0,0.927,1.0,1.0,0.745,0.48,1
CUST_04172,21,Female,Mbeya,Christian,Others,Secondary,"500,001-1,000,000",M-Pesa,1,0.26,0.73,0.31,0.7,Tecno,China,Mid-Range,Used,148470,5.4,Physical Store,Card,0,1,0.729,0.167,1.0,0.584,0.6,1.0,0.541,0.69,1
CUST_02233,15,Male,Dar es Salaam,Muslim,Haya,Primary,"500,001-1,000,000",Tigo Pesa,4,0.4,0.61,0.4,0.3,Xiaomi,China,Mid-Range,New,351314,6.1,Physical Store,Cash,0,1,0.464,0.244,0.9,0.762,1.0,1.0,0.696,0.7,1
CUST_04094,25,Male,Dar es Salaam,Christian,Others,Secondary,"1,000,001-2,000,000",M-Pesa,3,0.08,0.37,0.65,0.3,Huawei,China,Premium,New,1922947,8.5,Physical Store,Cash,0,2,0.407,0.552,1.0,0.717,1.0,1.0,0.706,0.53,1
CUST_01175,15,Female,Mwanza,Christian,Others,Secondary,"500,001-1,000,000",Halopesa,4,0.28,0.61,0.46,0.5,Apple,USA,Premium,New,1671544,8.9,Online,Card,1,2,0.15,0.409,1.0,0.721,1.0,1.0,0.46,0.6,1
CUST_02389,35,Male,Zanzibar,Muslim,Others,No formal,"200,000-500,000",Tigo Pesa,1,0.18,0.88,0.87,0.5,Infinix,China,Mid-Range,New,455671,6.2,Physical Store,Cash,0,2,0.0,0.539,0.9,0.806,1.0,1.0,0.498,0.68,1
CUST_01689,20,Female,Dar es Salaam,Christian,Others,Primary,"<200,000",M-Pesa,2,0.32,0.99,0.52,0.0,Vivo,China,Mid-Range,New,459028,7.3,Mobile,Card,0,1,0.0,0.38,1.0,0.995,1.0,1.0,0.587,0.75,1
CUST_02650,25,Male,Mwanza,Muslim,Haya,Diploma,">2,000,000",Airtel Money,4,0.35,0.4,0.43,0.7,Tecno,China,Mid-Range,New,262909,7.2,Physical Store,Mobile Money,0,1,0.737,0.31,0.9,0.55,1.0,1.0,0.767,0.78,1
CUST_00192,45,Male,Tanga,Christian,Haya,Primary,"200,000-500,000",Tigo Pesa,2,0.3,0.99,0.67,0.5,Nokia,Finland,Mid-Range,Used,166482,6.8,Online,Mobile Money,0,2,0.588,0.456,1.0,0.7,0.6,1.0,0.642,0.77,1
CUST_03096,22,Male,Dodoma,Christian,Others,Secondary,"200,000-500,000",Airtel Money,4,0.46,0.84,0.56,0.3,Huawei,China,Premium,Used,997999,8.5,Physical Store,Card,0,2,0.301,0.476,1.0,0.736,0.6,1.0,0.618,0.71,1
CUST_00872,28,Male,Arusha,Christian,Gogo,Secondary,"<200,000",Halopesa,5,0.11,0.81,0.45,0.7,Tecno,China,Mid-Range,New,396601,7.2,Physical Store,Cash,0,2,0.197,0.324,1.0,0.761,1.0,1.0,0.41,0.75,1
CUST_01676,16,Female,Dar es Salaam,Muslim,Haya,Primary,"500,001-1,000,000",Airtel Money,3,0.21,0.54,0.71,0.7,Nokia,Finland,Mid-Range,New,490798,7.4,Physical Store,Cash,1,2,0.337,0.525,0.9,0.653,1.0,1.0,0.546,0.75,1
CUST_00546,32,Female,Tanga,Muslim,Others,Diploma,"<200,000",M-Pesa,2,0.26,0.77,0.78,0.5,Apple,USA,Premium,New,975763,10.0,Online,Cash,0,1,0.374,0.78,0.9,0.829,1.0,1.0,0.608,0.8,1
CUST_02255,15,Female,Zanzibar,Christian,Others,Primary,"<200,000",Tigo Pesa,4,0.17,0.83,0.52,0.5,Apple,USA,Premium,New,615016,9.3,Physical Store,Mobile Money,0,2,0.575,0.484,1.0,0.78,1.0,1.0,0.653,0.83,1
CUST_03659,29,Female,Morogoro,Muslim,Others,Secondary,"1,000,001-2,000,000",M-Pesa,3,0.39,0.11,0.4,0.7,Oppo,China,Mid-Range,New,401867,6.6,Mobile,Cash,1,1,0.889,0.264,0.9,0.571,1.0,1.0,0.557,0.72,1
CUST_04156,15,Female,Tanga,Christian,Chagga,Bachelor,"<200,000",Halopesa,4,0.49,0.97,0.8,0.0,Apple,USA,Premium,New,908722,9.7,Physical Store,Card,0,2,0.265,0.776,1.0,1.026,1.0,1.0,0.646,0.8,1
CUST_03708,22,Male,Mwanza,Other,Others,Primary,"200,000-500,000",None,2,0.55,0.76,0.45,1.0,Apple,USA,Premium,New,2030842,9.2,Physical Store,Cash,0,2,0.0,0.414,1.0,1.11,1.0,0.8,0.469,0.55,0
CUST_01516,22,Male,Zanzibar,Muslim,Sukuma,Bachelor,"500,001-1,000,000",Airtel Money,3,0.34,0.51,0.33,0.0,Nokia,Finland,Mid-Range,New,344034,6.0,Physical Store,Cash,0,2,0.561,0.198,0.9,0.582,1.0,1.0,0.688,0.69,1
CUST_04344,15,Female,Mwanza,Muslim,Nyamwezi,Secondary,"1,000,001-2,000,000",Tigo Pesa,3,0.2,0.33,0.82,0.3,Oppo,China,Mid-Range,New,273819,6.8,Physical Store,Cash,0,2,0.774,0.558,0.9,0.907,1.0,1.0,0.799,0.75,1
CUST_01162,25,Female,Dar es Salaam,Christian,Haya,Primary,"500,001-1,000,000",M-Pesa,4,0.29,0.72,0.41,0.3,Huawei,China,Premium,New,891981,8.1,Physical Store,Cash,1,2,0.465,0.332,1.0,0.602,1.0,1.0,0.458,0.71,1
CUST_02444,15,Male,Mwanza,Other,Haya,Diploma,"200,000-500,000",Airtel Money,3,0.03,0.86,0.5,1.0,Vivo,China,Mid-Range,New,269872,6.7,Physical Store,Mobile Money,0,2,0.42,0.335,1.0,0.74,1.0,0.8,0.549,0.75,1
CUST_00773,28,Female,Tanga,Christian,Gogo,Bachelor,"500,001-1,000,000",Tigo Pesa,1,0.38,0.52,0.52,0.3,Nokia,Finland,Mid-Range,New,588730,7.4,Physical Store,Cash,0,2,0.235,0.385,1.0,0.943,1.0,1.0,0.547,0.73,1
CUST_04837,15,Male,Zanzibar,Christian,Sukuma,Secondary,"<200,000",Halopesa,1,0.2,0.88,0.87,0.0,Samsung,South Korea,Premium,New,2215934,9.9,Online,Mobile Money,0,1,0.0,0.861,1.0,0.702,1.0,1.0,0.637,0.55,0
CUST_01792,35,Male,Tanga,Christian,Gogo,No formal,"<200,000",M-Pesa,2,0.48,0.85,0.49,0.7,Samsung,South Korea,Premium,New,804209,8.1,Physical Store,Cash,0,1,0.43,0.397,1.0,0.712,1.0,1.0,0.4,0.73,1
CUST_00905,22,Female,Mwanza,Christian,Others,Bachelor,"500,001-1,000,000",M-Pesa,4,0.35,0.59,0.68,0.3,Samsung,South Korea,Premium,New,1511251,9.0,Physical Store,Cash,0,2,0.257,0.612,1.0,0.607,1.0,1.0,0.736,0.64,1
CUST_03650,57,Female,Arusha,Christian,Nyamwezi,Primary,"200,000-500,000",None,2,0.26,0.99,0.4,0.5,Xiaomi,China,Mid-Range,New,308035,6.9,Physical Store,Cash,0,1,0.238,0.276,1.0,0.946,1.0,1.0,0.41,0.75,1
CUST_04574,40,Female,Dodoma,Christian,Others,Primary,"<200,000",Tigo Pesa,4,0.19,0.72,0.67,0.5,Huawei,China,Premium,Used,1025790,7.3,Physical Store,Cash,0,2,0.385,0.489,1.0,0.974,0.6,1.0,0.757,0.63,1
CUST_00806,37,Female,Dar es Salaam,Christian,Gogo,Diploma,"200,000-500,000",Tigo Pesa,3,0.4,0.74,0.53,0.5,Infinix,China,Mid-Range,New,284897,6.2,Physical Store,Mobile Money,0,2,0.473,0.329,1.0,0.81,1.0,1.0,0.54,0.72,1
CUST_00285,15,Male,Tanga,Christian,Haya,Bachelor,"<200,000",M-Pesa,2,0.17,0.89,0.37,0.0,Nokia,Finland,Mid-Range,New,341837,7.9,Physical Store,Mobile Money,1,1,0.239,0.292,1.0,0.609,1.0,1.0,0.376,0.81,1
CUST_01911,21,Female,Mbeya,Muslim,Others,Primary,"500,001-1,000,000",Halopesa,4,0.16,0.4,0.79,0.5,Vivo,China,Mid-Range,New,583364,6.1,Online,Cash,0,2,0.417,0.482,0.9,0.84,1.0,1.0,0.598,0.65,1
CUST_04017,34,Male,Dar es Salaam,Muslim,Makonde,Diploma,"200,000-500,000",M-Pesa,4,0.19,0.89,0.68,0.5,Apple,USA,Premium,New,1967110,10.0,Physical Store,Mobile Money,0,2,0.0,0.68,0.9,0.745,1.0,1.0,0.452,0.61,1
CUST_04840,31,Female,Mbeya,Muslim,Others,Secondary,"200,000-500,000",Airtel Money,2,0.43,0.96,0.76,0.3,Tecno,China,Mid-Range,New,261040,7.3,Physical Store,Cash,0,2,0.374,0.555,0.9,0.858,1.0,1.0,0.717,0.79,1
CUST_02843,34,Female,Dar es Salaam,Christian,Others,Primary,"200,000-500,000",None,5,0.15,0.84,0.5,0.5,Huawei,China,Premium,New,840705,8.4,Physical Store,Card,0,2,0.412,0.42,1.0,0.532,1.0,1.0,0.423,0.74,1
CUST_04043,20,Male,Tanga,Christian,Others,Diploma,"500,001-1,000,000",M-Pesa,3,0.05,0.66,0.83,0.3,Infinix,China,Mid-Range,New,281441,6.6,Physical Store,Cash,0,2,0.536,0.548,1.0,0.654,1.0,1.0,0.552,0.74,1
CUST_01617,18,Female,Tanga,Christian,Others,Secondary,"500,001-1,000,000",Halopesa,1,0.36,0.78,0.86,0.7,Nokia,Finland,Mid-Range,New,476864,7.5,Physical Store,Cash,0,1,0.07,0.645,1.0,0.949,1.0,1.0,0.447,0.75,1
CUST_01864,25,Male,Mwanza,Christian,Sukuma,No formal,"200,000-500,000",Airtel Money,4,0.05,0.84,0.42,0.0,Apple,USA,Premium,New,1740333,8.4,Physical Store,Mobile Money,0,2,0.0,0.353,1.0,0.98,1.0,1.0,0.445,0.56,1
CUST_02656,40,Male,Mbeya,Muslim,Others,Secondary,"<200,000",Airtel Money,3,0.32,0.77,0.74,0.7,Tecno,China,Mid-Range,Used,300245,6.0,Physical Store,Card,0,2,0.422,0.444,0.9,0.934,0.6,1.0,0.577,0.7,1
CUST_03435,32,Female,Mwanza,Christian,Others,Bachelor,"<200,000",M-Pesa,3,0.05,0.88,0.54,0.5,Tecno,China,Mid-Range,Used,238309,6.2,Physical Store,Cash,0,2,0.476,0.335,1.0,0.565,0.6,1.0,0.577,0.72,1
CUST_04720,21,Male,Mbeya,Muslim,Sukuma,Bachelor,"200,000-500,000",Tigo Pesa,3,0.49,0.74,0.68,0.5,Nokia,Finland,Mid-Range,New,485785,6.3,Physical Store,Cash,0,1,0.101,0.428,0.9,0.902,1.0,1.0,0.598,0.68,1
CUST_01362,35,Male,Zanzibar,Christian,Sukuma,No formal,"500,001-1,000,000",Halopesa,4,0.49,0.61,0.74,0.0,Apple,USA,Premium,New,2023960,8.4,Physical Store,Mobile Money,1,12,0.0,0.622,1.0,1.195,1.0,1.0,0.477,0.5,1
CUST_00747,34,Female,Dar es Salaam,Christian,Nyamwezi,Primary,"200,000-500,000",M-Pesa,1,0.19,0.78,0.59,0.3,Infinix,China,Mid-Range,New,275027,6.9,Mobile,Cash,0,2,0.464,0.407,1.0,0.552,1.0,1.0,0.564,0.76,1
CUST_02514,20,Female,Mwanza,Christian,Others,Diploma,"<200,000",M-Pesa,3,0.39,0.75,0.48,0.3,Apple,USA,Premium,Used,1043968,8.6,Online,Mobile Money,1,1,0.348,0.413,1.0,0.62,0.6,1.0,0.458,0.71,1
CUST_00628,23,Female,Dodoma,Christian,Sukuma,No formal,">2,000,000",M-Pesa,2,0.31,0.47,0.65,0.5,Samsung,South Korea,Premium,New,752975,9.0,Online,Mobile Money,1,11,0.705,0.585,1.0,0.981,1.0,1.0,0.586,0.79,1
CUST_01458,15,Female,Mbeya,Christian,Others,Secondary,">2,000,000",Tigo Pesa,2,0.02,0.17,0.32,0.3,Huawei,China,Premium,New,1663774,10.0,Physical Store,Mobile Money,0,1,0.764,0.32,1.0,0.683,1.0,1.0,0.678,0.67,1
CUST_04640,15,Female,Arusha,Muslim,Gogo,Secondary,"500,001-1,000,000",M-Pesa,3,0.11,0.69,0.66,0.0,Apple,USA,Premium,New,2353860,9.0,Physical Store,Mobile Money,0,1,0.0,0.594,0.9,1.017,1.0,1.0,0.413,0.47,1
CUST_04796,24,Male,Mbeya,Christian,Others,No formal,"200,000-500,000",M-Pesa,2,0.26,0.75,0.67,0.3,Apple,USA,Premium,New,1313745,8.8,Physical Store,Cash,0,2,0.179,0.59,1.0,0.827,1.0,1.0,0.612,0.67,1
CUST_01409,16,Female,Mbeya,Muslim,Nyamwezi,Secondary,"<200,000",None,4,0.11,0.83,0.55,0.5,Samsung,South Korea,Premium,New,894731,8.1,Physical Store,Mobile Money,0,1,0.381,0.446,0.9,0.964,1.0,1.0,0.459,0.71,1
CUST_04937,40,Female,Mbeya,Christian,Others,Secondary,"<200,000",M-Pesa,3,0.38,0.93,0.7,0.5,Huawei,China,Premium,New,1724383,9.3,Mobile,Cash,0,1,0.0,0.651,1.0,0.682,1.0,1.0,0.483,0.61,1
CUST_04924,31,Male,Dar es Salaam,Muslim,Nyamwezi,No formal,"<200,000",Airtel Money,5,0.34,0.78,0.66,0.3,Nokia,Finland,Mid-Range,New,539848,7.9,Online,Cash,0,1,0.0,0.521,0.9,0.898,1.0,1.0,0.376,0.77,1
CUST_02146,15,Male,Dodoma,Muslim,Others,Primary,"200,000-500,000",Tigo Pesa,4,0.28,0.99,0.44,0.7,Samsung,South Korea,Premium,New,2110439,9.0,Physical Store,Card,1,1,0.0,0.396,0.9,1.104,1.0,1.0,0.455,0.52,1
CUST_00563,24,Male,Dodoma,Christian,Chagga,Secondary,"<200,000",M-Pesa,5,0.29,0.8,0.71,0.0,Apple,USA,Premium,New,1769476,9.2,Mobile,Cash,0,2,0.0,0.653,1.0,0.838,1.0,1.0,0.254,0.6,1
CUST_04714,27,Female,Dar es Salaam,Muslim,Others,Primary,"1,000,001-2,000,000",Tigo Pesa,5,0.06,0.26,0.41,0.5,Huawei,China,Premium,Used,1382333,8.8,Physical Store,Cash,1,2,0.7,0.361,0.9,0.508,0.6,1.0,0.604,0.65,1
CUST_01232,17,Female,Arusha,Christian,Nyamwezi,Secondary,"200,000-500,000",Airtel Money,3,0.15,0.79,0.58,0.3,Huawei,China,Premium,New,1635469,9.4,Physical Store,Cash,0,2,0.0,0.545,1.0,0.713,1.0,1.0,0.584,0.64,0
CUST_04428,19,Male,Zanzibar,Christian,Haya,Secondary,"200,000-500,000",M-Pesa,3,0.26,0.93,0.63,0.7,Huawei,China,Premium,New,2359665,8.9,Physical Store,Cash,1,12,0.0,0.561,1.0,0.887,1.0,1.0,0.643,0.46,1
CUST_02594,37,Male,Arusha,Muslim,Others,No formal,"<200,000",Airtel Money,4,0.44,0.83,0.5,0.5,Samsung,South Korea,Premium,New,1279113,8.2,Physical Store,Cash,1,12,0.115,0.41,0.9,1.089,1.0,1.0,0.429,0.64,1
CUST_03258,45,Male,Dar es Salaam,Muslim,Others,Bachelor,"1,000,001-2,000,000",Tigo Pesa,5,0.14,0.19,0.34,0.3,Infinix,China,Mid-Range,New,462884,6.6,Physical Store,Cash,0,12,0.78,0.224,0.9,0.528,1.0,1.0,0.622,0.7,1
CUST_02571,42,Male,Tanga,Christian,Gogo,Bachelor,"200,000-500,000",Airtel Money,3,0.66,0.92,0.38,0.0,Samsung,South Korea,Premium,New,1219890,8.2,Physical Store,Cash,1,12,0.065,0.312,1.0,0.726,1.0,1.0,0.6,0.65,1
CUST_02248,40,Male,Dar es Salaam,Christian,Sukuma,Diploma,"<200,000",M-Pesa,5,0.17,0.86,0.34,0.3,Huawei,China,Premium,New,1142274,8.4,Physical Store,Mobile Money,1,2,0.181,0.286,1.0,0.835,1.0,1.0,0.446,0.68,1
CUST_01417,24,Male,Dodoma,Other,Others,Primary,"200,000-500,000",M-Pesa,3,0.07,0.71,0.54,0.7,Itel,China,Budget,New,249203,5.2,Online,Cash,0,12,0.0,0.281,1.0,0.782,1.0,1.0,0.485,0.66,1
CUST_03686,35,Female,Dar es Salaam,Christian,Sukuma,Primary,"1,000,001-2,000,000",Airtel Money,5,0.1,0.1,0.86,0.3,Infinix,China,Mid-Range,New,361668,6.8,Mobile,Cash,0,2,0.91,0.585,1.0,0.938,1.0,1.0,0.721,0.74,0
CUST_04705,32,Female,Dar es Salaam,Christian,Others,Secondary,"200,000-500,000",M-Pesa,4,0.22,0.83,0.82,0.5,Oppo,China,Mid-Range,New,429709,6.3,Physical Store,Mobile Money,1,12,0.108,0.517,1.0,0.542,1.0,1.0,0.431,0.69,1
CUST_00464,15,Female,Mwanza,Christian,Others,No formal,"200,000-500,000",Tigo Pesa,2,0.16,0.98,0.4,0.3,Xiaomi,China,Mid-Range,New,563394,7.8,Physical Store,Card,1,2,0.0,0.312,1.0,0.847,1.0,1.0,0.451,0.76,1
CUST_00912,35,Male,Dar es Salaam,Muslim,Others,Diploma,"200,000-500,000",M-Pesa,4,0.49,0.84,0.84,0.0,Samsung,South Korea,Premium,New,1200119,9.2,Physical Store,Card,1,2,0.16,0.773,0.9,1.055,1.0,1.0,0.439,0.71,1
CUST_01161,44,Female,Arusha,Christian,Others,Primary,"<200,000",Tigo Pesa,4,0.14,0.91,0.66,0.0,Nokia,Finland,Mid-Range,New,473357,7.6,Physical Store,Mobile Money,0,12,0.0,0.502,1.0,0.671,1.0,1.0,0.439,0.76,1
CUST_00442,19,Female,Arusha,Christian,Sukuma,Primary,"200,000-500,000",Tigo Pesa,3,0.26,0.79,0.58,0.0,Infinix,China,Mid-Range,New,325078,6.4,Physical Store,Cash,0,2,0.358,0.371,1.0,0.67,1.0,1.0,0.706,0.72,0
CUST_03165,24,Female,Dar es Salaam,Christian,Haya,Secondary,"<200,000",None,2,0.54,0.96,0.68,0.3,Huawei,China,Premium,New,1063331,8.6,Physical Store,Cash,0,12,0.149,0.585,1.0,0.549,1.0,1.0,0.551,0.7,1
CUST_03236,16,Male,Arusha,Christian,Others,Primary,"500,001-1,000,000",Tigo Pesa,3,0.11,0.54,0.59,0.0,Infinix,China,Mid-Range,New,499086,7.5,Physical Store,Cash,0,2,0.326,0.442,1.0,0.612,1.0,1.0,0.325,0.75,1
CUST_01231,21,Female,Zanzibar,Christian,Others,No formal,"500,001-1,000,000",Tigo Pesa,3,0.24,0.61,0.83,0.0,Apple,USA,Premium,New,668919,9.0,Physical Store,Cash,0,2,0.66,0.747,1.0,1.049,1.0,1.0,0.888,0.81,0
CUST_00579,37,Male,Dar es Salaam,Christian,Nyamwezi,Secondary,"500,001-1,000,000",M-Pesa,5,0.44,0.46,0.75,0.3,Tecno,China,Mid-Range,New,503915,7.5,Physical Store,Cash,0,2,0.42,0.562,1.0,0.853,1.0,1.0,0.67,0.75,0
CUST_03769,28,Female,Morogoro,Christian,Nyamwezi,Secondary,"200,000-500,000",Airtel Money,5,0.43,0.76,0.84,0.3,Huawei,China,Premium,New,974356,8.6,Physical Store,Mobile Money,0,1,0.383,0.722,1.0,0.828,1.0,1.0,0.748,0.72,1
CUST_02239,18,Female,Mbeya,Muslim,Gogo,Secondary,"500,001-1,000,000",M-Pesa,4,0.43,0.46,0.41,0.3,Xiaomi,China,Mid-Range,New,390013,6.7,Physical Store,Mobile Money,1,2,0.551,0.275,0.9,0.784,1.0,1.0,0.468,0.72,1
CUST_03802,34,Male,Mwanza,Muslim,Haya,Primary,"500,001-1,000,000",M-Pesa,4,0.63,0.46,0.72,0.5,Oppo,China,Mid-Range,Used,404860,5.4,Online,Cash,0,1,0.534,0.389,0.9,0.573,0.6,1.0,0.614,0.64,1
CUST_04020,26,Female,Dodoma,Christian,Others,Primary,"500,001-1,000,000",None,4,0.27,0.67,0.69,0.7,Huawei,China,Premium,New,2200996,9.1,Physical Store,Mobile Money,0,2,0.0,0.628,1.0,0.721,1.0,1.0,0.694,0.51,1
CUST_00881,29,Female,Dar es Salaam,Christian,Others,Secondary,"200,000-500,000",Airtel Money,2,0.12,0.71,0.71,0.3,Infinix,China,Mid-Range,Used,433988,6.8,Physical Store,Mobile Money,1,2,0.23,0.483,1.0,0.932,0.6,1.0,0.473,0.72,1
CUST_00679,41,Female,Dar es Salaam,Muslim,Others,Secondary,"1,000,001-2,000,000",Halopesa,4,0.41,0.29,0.8,0.7,Xiaomi,China,Mid-Range,New,556405,7.9,Physical Store,Mobile Money,1,2,0.597,0.632,0.9,0.711,1.0,1.0,0.716,0.76,1
CUST_00373,25,Female,Tanga,Christian,Others,Primary,"1,000,001-2,000,000",M-Pesa,3,0.29,0.44,0.42,0.7,Huawei,China,Premium,New,2355399,9.0,Physical Store,Cash,0,1,0.136,0.378,1.0,0.512,1.0,1.0,0.415,0.47,1
CUST_00717,36,Female,Dar es Salaam,Christian,Sukuma,Secondary,"200,000-500,000",M-Pesa,2,0.07,0.75,0.82,0.5,Tecno,China,Mid-Range,Used,152123,5.2,Mobile,Cash,1,1,0.715,0.426,1.0,0.515,0.6,1.0,0.576,0.68,1
CUST_04387,23,Male,Dodoma,Christian,Nyamwezi,Primary,"500,001-1,000,000",Tigo Pesa,4,0.34,0.52,0.55,0.5,Vivo,China,Mid-Range,New,548704,7.3,Physical Store,Cash,1,2,0.287,0.402,1.0,0.559,1.0,1.0,0.644,0.73,1
CUST_00266,41,Female,Morogoro,Muslim,Others,Primary,"200,000-500,000",Tigo Pesa,3,0.04,0.76,0.75,0.0,Tecno,China,Mid-Range,New,437885,7.0,Physical Store,Mobile Money,0,2,0.168,0.525,0.9,0.75,1.0,1.0,0.406,0.73,1
CUST_02076,36,Male,Mwanza,Muslim,Others,Secondary,"200,000-500,000",M-Pesa,5,0.11,0.74,0.64,0.5,Infinix,China,Mid-Range,New,312906,7.3,Physical Store,Cash,1,2,0.421,0.467,0.9,0.704,1.0,1.0,0.575,0.78,1
CUST_01009,30,Female,Mbeya,Christian,Chagga,Primary,"200,000-500,000",Tigo Pesa,1,0.14,0.9,0.49,0.5,Tecno,China,Mid-Range,New,277074,8.0,Physical Store,Mobile Money,0,1,0.377,0.392,1.0,0.837,1.0,1.0,0.599,0.82,0
CUST_00098,21,Female,Mbeya,Christian,Makonde,Primary,"500,001-1,000,000",Airtel Money,5,0.18,0.61,0.67,0.0,Apple,USA,Premium,New,2317627,9.0,Physical Store,Cash,0,1,0.0,0.603,1.0,0.792,1.0,1.0,0.687,0.48,1
CUST_03560,16,Male,Mwanza,Christian,Nyamwezi,Primary,"<200,000",Airtel Money,2,0.2,0.96,0.65,0.3,Infinix,China,Mid-Range,New,436482,6.1,Physical Store,Cash,0,2,0.0,0.396,1.0,0.895,1.0,1.0,0.533,0.68,1
CUST_04761,30,Female,Dar es Salaam,Christian,Others,No formal,"500,001-1,000,000",Tigo Pesa,1,0.12,0.62,0.65,0.0,Nokia,Finland,Mid-Range,New,350146,6.5,Physical Store,Cash,0,1,0.457,0.423,1.0,0.852,1.0,1.0,0.616,0.72,1
CUST_00689,16,Female,Mwanza,Christian,Nyamwezi,Bachelor,"500,001-1,000,000",M-Pesa,4,0.41,0.48,0.88,0.0,Vivo,China,Mid-Range,New,400926,6.5,Online,Cash,0,2,0.519,0.572,1.0,0.838,1.0,1.0,0.722,0.71,1
CUST_02618,43,Female,Arusha,Muslim,Nyamwezi,Primary,"<200,000",Tigo Pesa,3,0.03,0.71,0.63,0.3,Infinix,China,Mid-Range,New,494920,6.4,Physical Store,Mobile Money,0,2,0.122,0.403,0.9,0.515,1.0,1.0,0.504,0.69,0
CUST_04776,27,Male,Mbeya,Christian,Sukuma,No formal,">2,000,000",M-Pesa,4,0.28,0.17,0.36,0.3,Tecno,China,Mid-Range,New,537001,7.9,Physical Store,Cash,0,2,0.772,0.284,1.0,0.866,1.0,1.0,0.669,0.77,0
CUST_02883,34,Male,Mbeya,Christian,Sukuma,Primary,"200,000-500,000",None,5,0.61,1.0,0.56,0.5,Nokia,Finland,Mid-Range,Used,416362,6.8,Physical Store,Cash,1,2,0.0,0.381,1.0,0.784,0.6,1.0,0.504,0.72,1
CUST_04606,15,Female,Zanzibar,Muslim,Chagga,Secondary,"200,000-500,000",M-Pesa,5,0.41,0.75,0.44,0.3,Apple,USA,Premium,New,988209,9.8,Physical Store,Card,1,12,0.382,0.431,0.9,0.841,1.0,1.0,0.652,0.79,1
CUST_00448,35,Male,Mbeya,Muslim,Chagga,Primary,"200,000-500,000",Tigo Pesa,4,0.1,0.89,0.46,0.0,Itel,China,Budget,New,126544,4.3,Physical Store,Cash,0,2,0.249,0.198,0.9,0.805,1.0,1.0,0.363,0.63,1
CUST_02199,24,Female,Tanga,Muslim,Nyamwezi,Secondary,"500,001-1,000,000",Tigo Pesa,3,0.13,0.53,0.43,0.7,Xiaomi,China,Mid-Range,New,359499,6.9,Online,Mobile Money,1,2,0.524,0.297,0.9,0.689,1.0,1.0,0.457,0.74,1
CUST_00299,15,Male,Dodoma,Muslim,Others,No formal,"500,001-1,000,000",M-Pesa,3,0.48,0.55,0.67,1.0,Tecno,China,Mid-Range,New,597285,6.8,Physical Store,Mobile Money,0,2,0.179,0.456,0.9,0.899,1.0,0.8,0.745,0.69,0
CUST_03685,39,Male,Mwanza,Muslim,Sukuma,Primary,"<200,000",M-Pesa,4,0.24,0.96,0.66,0.3,Infinix,China,Mid-Range,New,358524,7.5,Physical Store,Mobile Money,0,1,0.14,0.495,0.9,0.967,1.0,1.0,0.625,0.78,1
CUST_02230,33,Female,Dodoma,Muslim,Haya,Secondary,"200,000-500,000",None,5,0.52,0.9,0.35,0.7,Samsung,South Korea,Premium,New,689999,9.3,Online,Mobile Money,0,11,0.483,0.326,0.9,1.021,1.0,1.0,0.457,0.82,1
CUST_02896,15,Male,Dodoma,Christian,Nyamwezi,Diploma,"200,000-500,000",Airtel Money,4,0.04,1.0,0.43,0.0,Apple,USA,Premium,Used,712464,8.2,Physical Store,Mobile Money,0,11,0.406,0.353,1.0,0.942,0.6,1.0,0.535,0.75,1
CUST_00421,25,Male,Dodoma,Christian,Others,Secondary,"<200,000",M-Pesa,3,0.68,0.75,0.64,0.5,Infinix,China,Mid-Range,New,470954,6.3,Physical Store,Mobile Money,0,2,0.117,0.403,1.0,0.668,1.0,1.0,0.425,0.68,1
CUST_01478,29,Female,Dodoma,Muslim,Nyamwezi,Primary,">2,000,000",M-Pesa,5,0.11,0.37,0.88,0.5,Tecno,China,Mid-Range,New,583916,6.3,Physical Store,Card,1,2,0.46,0.554,0.9,0.918,1.0,1.0,0.716,0.66,1
CUST_04354,26,Male,Tanga,Christian,Others,Secondary,"<200,000",M-Pesa,5,0.21,0.8,0.38,0.5,Apple,USA,Premium,New,895356,8.8,Physical Store,Cash,0,2,0.403,0.334,1.0,0.853,1.0,1.0,0.832,0.75,1
CUST_00176,36,Female,Tanga,Muslim,Others,Secondary,"1,000,001-2,000,000",M-Pesa,4,0.4,0.44,0.72,0.5,Infinix,China,Mid-Range,New,305343,7.9,Physical Store,Cash,0,12,0.664,0.569,0.9,0.513,1.0,1.0,0.584,0.81,1
CUST_00014,40,Female,Arusha,Christian,Nyamwezi,Primary,"1,000,001-2,000,000",Tigo Pesa,4,0.63,0.39,0.47,0.0,Apple,USA,Premium,New,1954018,9.6,Physical Store,Cash,0,1,0.365,0.451,1.0,0.749,1.0,1.0,0.453,0.59,1
CUST_03733,22,Female,Dodoma,Christian,Others,Primary,"500,001-1,000,000",None,3,0.19,0.76,0.42,0.3,Infinix,China,Mid-Range,New,443779,7.4,Mobile,Cash,0,2,0.157,0.311,1.0,0.532,1.0,1.0,0.588,0.76,1
CUST_04403,35,Male,Dar es Salaam,Christian,Nyamwezi,Secondary,"<200,000",M-Pesa,5,0.37,0.92,0.59,0.7,Nokia,Finland,Mid-Range,Used,283249,5.1,Physical Store,Cash,0,2,0.349,0.301,1.0,0.771,0.6,1.0,0.531,0.65,1
CUST_00725,21,Male,Zanzibar,Christian,Others,No formal,"<200,000",M-Pesa,3,0.59,0.87,0.46,0.5,Itel,China,Budget,New,117263,6.4,Physical Store,Cash,0,2,0.32,0.294,1.0,0.516,1.0,1.0,0.483,0.76,1
CUST_01915,20,Male,Arusha,Muslim,Others,Secondary,"200,000-500,000",Airtel Money,2,0.24,0.88,0.35,0.7,Nokia,Finland,Mid-Range,New,578283,6.5,Physical Store,Mobile Money,0,2,0.0,0.227,0.9,0.52,1.0,1.0,0.385,0.67,1
CUST_04146,30,Female,Mbeya,Christian,Others,Primary,"500,001-1,000,000",M-Pesa,4,0.21,0.45,0.5,0.3,Tecno,China,Mid-Range,New,399543,7.8,Physical Store,Mobile Money,1,1,0.551,0.39,1.0,0.911,1.0,1.0,0.628,0.79,1
CUST_01428,26,Male,Dodoma,Muslim,Others,Secondary,"500,001-1,000,000",M-Pesa,4,0.24,0.4,0.68,0.5,Huawei,China,Premium,Used,1552230,8.6,Physical Store,Mobile Money,0,1,0.483,0.585,0.9,0.989,0.6,1.0,0.496,0.61,1
CUST_03681,43,Female,Tanga,Christian,Others,Secondary,"200,000-500,000",Tigo Pesa,3,0.4,0.79,0.57,0.7,Tecno,China,Mid-Range,New,314475,6.1,Physical Store,Cash,0,10,0.379,0.348,1.0,0.631,1.0,1.0,0.595,0.7,1
CUST_02338,24,Female,Arusha,Muslim,Makonde,No formal,"1,000,001-2,000,000",Tigo Pesa,2,0.28,0.11,0.51,0.0,Apple,USA,Premium,New,2401540,8.5,Physical Store,Cash,0,1,0.78,0.434,0.9,1.181,1.0,1.0,0.664,0.43,1
CUST_03156,22,Female,Mwanza,Christian,Haya,Primary,"200,000-500,000",Halopesa,3,0.57,0.97,0.62,0.3,Nokia,Finland,Mid-Range,New,277940,6.2,Physical Store,Mobile Money,1,1,0.326,0.384,1.0,0.6,1.0,1.0,0.56,0.72,0
CUST_03463,34,Female,Dodoma,Christian,Nyamwezi,Secondary,"1,000,001-2,000,000",Tigo Pesa,3,0.36,0.34,0.82,0.3,Infinix,China,Mid-Range,Used,192982,6.3,Physical Store,Cash,0,2,0.836,0.517,1.0,0.909,0.6,1.0,0.679,0.74,1
CUST_03956,15,Female,Dar es Salaam,Christian,Nyamwezi,No formal,"1,000,001-2,000,000",M-Pesa,2,0.3,0.45,0.34,0.3,Vivo,China,Mid-Range,New,591599,7.1,Physical Store,Mobile Money,1,2,0.334,0.241,1.0,0.684,1.0,1.0,0.449,0.71,1
CUST_02989,25,Male,Mwanza,Muslim,Others,Master+,">2,000,000",Airtel Money,4,0.37,0.24,0.67,0.0,Samsung,South Korea,Premium,New,1631998,9.3,Mobile,Mobile Money,0,1,0.674,0.623,0.9,0.83,1.0,1.0,0.577,0.63,1
CUST_00242,20,Male,Morogoro,Muslim,Others,Secondary,"200,000-500,000",Tigo Pesa,4,0.03,0.77,0.72,0.3,Apple,USA,Premium,New,852470,9.1,Online,Mobile Money,0,1,0.453,0.655,0.9,0.724,1.0,1.0,0.633,0.78,1
CUST_04043,20,Male,Tanga,Christian,Others,Diploma,"500,001-1,000,000",M-Pesa,3,0.05,0.66,0.83,0.3,Apple,USA,Premium,New,1376178,8.5,Mobile,Cash,0,1,0.243,0.705,1.0,0.657,1.0,1.0,0.558,0.63,1
CUST_00115,31,Female,Dar es Salaam,Muslim,Haya,No formal,"200,000-500,000",Tigo Pesa,4,0.36,0.88,0.71,0.7,Vivo,China,Mid-Range,Used,241704,6.6,Physical Store,Mobile Money,0,1,0.468,0.469,0.9,0.967,0.6,1.0,0.723,0.75,1
CUST_02644,37,Male,Arusha,Christian,Gogo,Primary,"1,000,001-2,000,000",M-Pesa,1,0.45,0.38,0.42,0.0,Nokia,Finland,Mid-Range,New,279620,6.2,Online,Cash,0,2,0.734,0.26,1.0,0.678,1.0,1.0,0.721,0.72,1
CUST_04051,28,Male,Dar es Salaam,Christian,Gogo,Secondary,"1,000,001-2,000,000",Halopesa,5,0.17,0.17,0.88,0.7,Samsung,South Korea,Premium,New,1466739,9.6,Physical Store,Cash,0,1,0.792,0.845,1.0,0.626,1.0,1.0,0.77,0.68,1
CUST_04266,28,Male,Zanzibar,Christian,Haya,Primary,"<200,000",M-Pesa,2,0.21,0.84,0.67,0.3,Xiaomi,China,Mid-Range,New,298100,6.5,Online,Cash,1,2,0.374,0.436,1.0,0.95,1.0,1.0,0.622,0.73,0
CUST_03353,29,Female,Tanga,Christian,Others,Primary,"500,001-1,000,000",Tigo Pesa,5,0.36,0.47,0.47,0.5,Samsung,South Korea,Premium,New,2439839,8.5,Online,Card,0,9,0.044,0.399,1.0,0.747,1.0,1.0,0.586,0.42,1
CUST_04110,26,Male,Morogoro,Muslim,Makonde,No formal,"1,000,001-2,000,000",Tigo Pesa,4,0.45,0.37,0.61,0.5,Samsung,South Korea,Premium,New,1030854,9.9,Physical Store,Mobile Money,0,2,0.682,0.604,0.9,0.834,1.0,1.0,0.74,0.79,1
CUST_01451,41,Male,Arusha,Muslim,Others,Diploma,"200,000-500,000",None,3,0.25,0.99,0.68,0.5,Samsung,South Korea,Premium,New,666071,9.5,Physical Store,Cash,1,1,0.45,0.646,0.9,1.129,1.0,1.0,0.772,0.84,1
CUST_04334,25,Female,Arusha,Christian,Others,Primary,"200,000-500,000",Tigo Pesa,2,0.28,0.75,0.68,0.7,Nokia,Finland,Mid-Range,New,566381,6.8,Physical Store,Cash,0,2,0.0,0.462,1.0,0.576,1.0,1.0,0.453,0.69,1
CUST_04181,24,Male,Dar es Salaam,Christian,Others,Primary,"<200,000",M-Pesa,2,0.27,0.76,0.89,0.3,Apple,USA,Premium,New,1312244,8.4,Mobile,Cash,0,1,0.169,0.748,1.0,0.963,1.0,1.0,0.619,0.64,1
CUST_01808,26,Female,Dar es Salaam,Muslim,Others,Secondary,"500,001-1,000,000",M-Pesa,2,0.5,0.71,0.5,0.5,Huawei,China,Premium,New,761528,8.4,Physical Store,Cash,0,2,0.549,0.42,0.9,0.823,1.0,1.0,0.593,0.75,1
CUST_03430,15,Male,Arusha,Muslim,Others,No formal,"500,001-1,000,000",Tigo Pesa,4,0.46,0.61,0.52,0.0,Huawei,China,Premium,New,616944,8.6,Online,Card,0,2,0.686,0.447,0.9,0.719,1.0,1.0,0.771,0.79,1
CUST_03963,26,Male,Arusha,Muslim,Others,Secondary,"<200,000",Airtel Money,4,0.26,0.91,0.59,0.5,Itel,China,Budget,Used,79879,4.2,Mobile,Mobile Money,1,2,0.515,0.248,0.9,0.637,0.6,1.0,0.304,0.64,0
CUST_02986,28,Male,Dar es Salaam,Christian,Sukuma,Bachelor,"<200,000",Tigo Pesa,5,0.21,0.8,0.49,0.3,Infinix,China,Mid-Range,New,275644,7.7,Online,Cash,1,11,0.449,0.377,1.0,0.932,1.0,1.0,0.647,0.81,1
CUST_04961,29,Male,Morogoro,Muslim,Others,Primary,"500,001-1,000,000",Tigo Pesa,2,0.16,0.8,0.82,0.0,Vivo,China,Mid-Range,Used,144144,5.0,Online,Mobile Money,0,2,0.712,0.41,0.9,0.937,0.6,1.0,0.468,0.67,0
CUST_03928,31,Male,Arusha,Christian,Others,Secondary,"1,000,001-2,000,000",M-Pesa,4,0.04,0.43,0.31,0.5,Huawei,China,Premium,New,1700621,9.2,Physical Store,Cash,0,2,0.391,0.285,1.0,0.965,1.0,1.0,0.349,0.61,1
CUST_01410,43,Female,Dar es Salaam,Muslim,Haya,Primary,"200,000-500,000",M-Pesa,3,0.18,0.79,0.43,0.3,Tecno,China,Mid-Range,New,532841,7.1,Physical Store,Cash,0,2,0.0,0.305,0.9,0.51,1.0,1.0,0.319,0.72,1
CUST_03317,22,Female,Tanga,Christian,Nyamwezi,Diploma,"200,000-500,000",Tigo Pesa,3,0.32,0.76,0.87,0.7,Apple,USA,Premium,Used,1201441,8.6,Physical Store,Cash,0,1,0.239,0.748,1.0,0.72,0.6,1.0,0.564,0.68,1
CUST_01709,16,Female,Arusha,Muslim,Others,Secondary,"200,000-500,000",Halopesa,3,0.27,0.8,0.54,0.3,Apple,USA,Premium,New,2319233,8.7,Physical Store,Cash,0,2,0.0,0.47,0.9,0.764,1.0,1.0,0.581,0.46,1
CUST_04619,44,Male,Zanzibar,Muslim,Makonde,Diploma,"200,000-500,000",Tigo Pesa,1,0.12,0.85,0.31,1.0,Infinix,China,Mid-Range,New,538091,7.8,Online,Cash,1,2,0.0,0.242,0.9,0.845,1.0,0.8,0.4,0.76,1
CUST_04644,20,Male,Arusha,Christian,Haya,Secondary,"<200,000",M-Pesa,2,0.43,0.83,0.42,0.7,Apple,USA,Premium,New,734203,8.9,Mobile,Mobile Money,0,2,0.492,0.374,1.0,0.873,1.0,1.0,0.685,0.79,1
CUST_01134,15,Male,Mwanza,Muslim,Chagga,Bachelor,"1,000,001-2,000,000",None,4,0.51,0.22,0.83,0.0,Tecno,China,Mid-Range,Used,187549,6.0,Physical Store,Mobile Money,1,12,0.897,0.498,0.9,0.551,0.6,1.0,0.695,0.72,1
CUST_03571,33,Female,Dar es Salaam,Christian,Others,Secondary,"500,001-1,000,000",Airtel Money,2,0.14,0.61,0.66,0.5,Oppo,China,Mid-Range,New,453398,7.8,Online,Card,0,2,0.309,0.515,1.0,0.981,1.0,1.0,0.754,0.78,1
CUST_00394,40,Female,Mbeya,Muslim,Chagga,Diploma,"<200,000",M-Pesa,2,0.11,0.92,0.37,0.3,Infinix,China,Mid-Range,New,402805,6.7,Physical Store,Mobile Money,0,2,0.074,0.248,0.9,0.599,1.0,1.0,0.515,0.72,1
CUST_04520,37,Male,Mwanza,Muslim,Others,No formal,"1,000,001-2,000,000",M-Pesa,1,0.1,0.4,0.77,0.0,Oppo,China,Mid-Range,New,283948,6.7,Physical Store,Cash,0,1,0.716,0.516,0.9,0.592,1.0,1.0,0.587,0.75,1
CUST_01141,32,Male,Arusha,Muslim,Sukuma,No formal,"200,000-500,000",None,2,0.27,1.0,0.33,0.3,Huawei,China,Premium,New,2005560,8.5,Mobile,Card,0,2,0.0,0.28,0.9,0.817,1.0,1.0,0.34,0.51,1
CUST_03489,15,Female,Zanzibar,Muslim,Others,Secondary,"1,000,001-2,000,000",Airtel Money,5,0.62,0.26,0.87,0.3,Infinix,China,Mid-Range,New,321836,6.7,Physical Store,Cash,1,2,0.791,0.583,0.9,0.589,1.0,1.0,0.929,0.74,1
CUST_04648,23,Female,Zanzibar,Muslim,Others,Diploma,"200,000-500,000",Airtel Money,2,0.36,0.96,0.4,0.7,Infinix,China,Mid-Range,New,434086,7.6,Physical Store,Mobile Money,1,2,0.0,0.304,0.9,0.929,1.0,1.0,0.462,0.77,0
CUST_01789,20,Female,Dar es Salaam,Christian,Others,Diploma,"500,001-1,000,000",M-Pesa,5,0.21,0.53,0.43,0.5,Tecno,China,Mid-Range,New,326839,7.3,Physical Store,Mobile Money,0,1,0.567,0.314,1.0,0.57,1.0,1.0,0.616,0.77,0
CUST_02800,27,Male,Tanga,Muslim,Nyamwezi,Diploma,"200,000-500,000",Halopesa,1,0.41,0.78,0.82,0.7,Samsung,South Korea,Premium,New,1343029,9.1,Physical Store,Mobile Money,0,2,0.127,0.746,0.9,0.784,1.0,1.0,0.541,0.68,1
CUST_04947,33,Male,Dar es Salaam,Christian,Others,No formal,"500,001-1,000,000",Tigo Pesa,4,0.1,0.47,0.48,1.0,Tecno,China,Mid-Range,New,419794,6.7,Physical Store,Mobile Money,0,1,0.507,0.322,1.0,0.855,1.0,0.8,0.566,0.72,1
CUST_01449,25,Male,Arusha,Muslim,Haya,Primary,"200,000-500,000",M-Pesa,4,0.34,0.86,0.53,0.5,Tecno,China,Mid-Range,New,578133,7.5,Online,Mobile Money,1,1,0.0,0.398,0.9,0.755,1.0,1.0,0.456,0.73,1
CUST_04288,22,Female,Dodoma,Christian,Haya,Primary,"<200,000",Airtel Money,4,0.15,0.8,0.74,0.5,Apple,USA,Premium,New,2300570,8.5,Physical Store,Card,1,1,0.0,0.629,1.0,0.932,1.0,1.0,0.419,0.45,1
CUST_01076,40,Female,Dodoma,Christian,Others,Primary,"<200,000",M-Pesa,3,0.32,0.94,0.77,0.5,Nokia,Finland,Mid-Range,New,396292,7.0,Physical Store,Cash,0,2,0.069,0.539,1.0,0.618,1.0,1.0,0.555,0.74,1
CUST_03024,40,Male,Dar es Salaam,Muslim,Others,Diploma,"1,000,001-2,000,000",Airtel Money,3,0.09,0.42,0.77,0.3,Samsung,South Korea,Premium,New,2201948,9.7,Mobile,Cash,1,2,0.229,0.747,0.9,0.832,1.0,1.0,0.738,0.54,1
CUST_04398,23,Female,Morogoro,Muslim,Others,Secondary,"200,000-500,000",Airtel Money,5,0.38,0.86,0.86,0.7,Nokia,Finland,Mid-Range,New,525319,6.4,Mobile,Cash,0,2,0.0,0.55,0.9,0.936,1.0,1.0,0.565,0.68,1
CUST_04255,40,Female,Dar es Salaam,Muslim,Others,Primary,"<200,000",M-Pesa,3,0.39,0.93,0.86,0.3,Apple,USA,Premium,New,947630,8.7,Physical Store,Cash,0,1,0.266,0.748,0.9,1.038,1.0,1.0,0.812,0.73,1
CUST_02561,20,Female,Dar es Salaam,Muslim,Sukuma,Secondary,"200,000-500,000",Tigo Pesa,5,0.43,0.79,0.84,1.0,Vivo,China,Mid-Range,New,428274,7.0,Physical Store,Cash,0,2,0.154,0.588,0.9,0.645,1.0,0.8,0.645,0.73,1
CUST_00959,15,Female,Mbeya,Christian,Others,Secondary,">2,000,000",Tigo Pesa,4,0.03,0.5,0.47,0.5,Apple,USA,Premium,New,2084892,8.2,Online,Mobile Money,0,12,0.131,0.385,1.0,0.981,1.0,1.0,0.542,0.48,1
CUST_01021,30,Male,Dodoma,Christian,Others,No formal,"1,000,001-2,000,000",Tigo Pesa,3,0.14,0.49,0.38,0.5,Vivo,China,Mid-Range,New,260879,6.3,Online,Mobile Money,1,11,0.68,0.239,1.0,0.755,1.0,1.0,0.802,0.73,1
CUST_02447,20,Female,Morogoro,Christian,Others,Diploma,"500,001-1,000,000",Airtel Money,4,0.63,0.52,0.51,0.5,Vivo,China,Mid-Range,New,574276,7.7,Physical Store,Cash,1,2,0.253,0.393,1.0,0.58,1.0,1.0,0.392,0.75,1
CUST_00317,20,Male,Arusha,Christian,Gogo,Primary,"200,000-500,000",M-Pesa,3,0.3,0.97,0.3,0.7,Tecno,China,Mid-Range,New,307875,6.8,Online,Cash,0,2,0.253,0.204,1.0,0.802,1.0,1.0,0.461,0.75,1
CUST_03750,27,Male,Dar es Salaam,Muslim,Chagga,Primary,"200,000-500,000",M-Pesa,5,0.12,0.84,0.47,0.5,Samsung,South Korea,Premium,New,979606,8.8,Physical Store,Cash,0,2,0.314,0.414,0.9,0.685,1.0,1.0,0.667,0.73,1
CUST_04640,15,Female,Arusha,Muslim,Gogo,Secondary,"500,001-1,000,000",M-Pesa,3,0.11,0.69,0.66,0.0,Vivo,China,Mid-Range,New,379568,7.3,Physical Store,Cash,0,2,0.345,0.482,0.9,0.755,1.0,1.0,0.66,0.76,1
CUST_03676,28,Female,Dar es Salaam,Christian,Sukuma,Diploma,"<200,000",Tigo Pesa,4,0.35,0.77,0.9,0.3,Tecno,China,Mid-Range,New,409382,7.6,Online,Cash,0,2,0.212,0.684,1.0,0.982,1.0,1.0,0.71,0.77,0
CUST_01117,47,Female,Morogoro,Christian,Others,Diploma,"500,001-1,000,000",None,4,0.69,0.46,0.89,0.3,Samsung,South Korea,Premium,New,1525852,8.7,Physical Store,Mobile Money,1,1,0.415,0.774,1.0,0.835,1.0,1.0,0.635,0.62,1
CUST_01619,24,Female,Zanzibar,Christian,Others,No formal,"200,000-500,000",Halopesa,5,0.28,0.85,0.78,0.5,Infinix,China,Mid-Range,New,276867,6.8,Physical Store,Cash,1,12,0.412,0.53,1.0,0.506,1.0,1.0,0.803,0.75,1
CUST_01138,36,Male,Dar es Salaam,Christian,Others,Primary,"500,001-1,000,000",None,5,0.16,0.6,0.38,0.7,Huawei,China,Premium,New,1890779,9.4,Physical Store,Cash,0,2,0.055,0.357,1.0,0.901,1.0,1.0,0.447,0.59,1
CUST_04252,21,Female,Arusha,Christian,Makonde,Primary,"500,001-1,000,000",Airtel Money,5,0.27,0.46,0.8,0.3,Oppo,China,Mid-Range,New,506008,7.4,Physical Store,Mobile Money,0,1,0.418,0.592,1.0,0.65,1.0,1.0,0.674,0.74,0
CUST_02498,18,Female,Dodoma,Christian,Sukuma,Primary,"500,001-1,000,000",M-Pesa,5,0.32,0.41,0.52,0.7,Nokia,Finland,Mid-Range,New,472681,7.7,Physical Store,Card,0,1,0.516,0.4,1.0,0.785,1.0,1.0,0.396,0.77,1
CUST_00892,38,Male,Mbeya,Muslim,Gogo,Secondary,"<200,000",M-Pesa,4,0.37,0.81,0.6,0.7,Infinix,China,Mid-Range,New,532869,6.3,Physical Store,Cash,0,2,0.0,0.378,0.9,0.881,1.0,1.0,0.543,0.67,1
CUST_00545,45,Male,Mwanza,Christian,Gogo,Secondary,"200,000-500,000",Tigo Pesa,2,0.1,0.88,0.7,0.3,Vivo,China,Mid-Range,Used,322923,5.2,Physical Store,Cash,1,1,0.29,0.364,1.0,0.797,0.6,1.0,0.576,0.65,1
CUST_00460,26,Female,Dar es Salaam,Christian,Sukuma,Secondary,"1,000,001-2,000,000",M-Pesa,4,0.31,0.31,0.38,0.0,Huawei,China,Premium,New,2450929,8.4,Physical Store,Mobile Money,1,2,0.367,0.319,1.0,0.945,1.0,1.0,0.552,0.41,1
CUST_01163,18,Male,Dar es Salaam,Muslim,Others,Bachelor,"200,000-500,000",Tigo Pesa,3,0.56,0.77,0.84,0.5,Apple,USA,Premium,New,2037494,8.1,Online,Mobile Money,0,2,0.0,0.68,0.9,0.803,1.0,1.0,0.461,0.48,1
CUST_02801,21,Female,Tanga,Christian,Others,Primary,"<200,000",Airtel Money,4,0.4,0.79,0.84,0.0,Apple,USA,Premium,Used,1785540,8.6,Physical Store,Cash,0,2,0.0,0.722,1.0,0.929,0.6,1.0,0.627,0.56,1
CUST_02759,39,Male,Morogoro,Christian,Chagga,No formal,"<200,000",M-Pesa,5,0.44,0.73,0.73,0.0,Samsung,South Korea,Premium,New,2012467,9.4,Physical Store,Mobile Money,1,2,0.0,0.686,1.0,0.857,1.0,1.0,0.593,0.56,1
CUST_03783,34,Female,Mwanza,Muslim,Others,Bachelor,"<200,000",Halopesa,4,0.46,0.77,0.58,0.3,Oppo,China,Mid-Range,New,294224,6.6,Physical Store,Mobile Money,0,1,0.434,0.383,0.9,0.987,1.0,1.0,0.555,0.74,1
CUST_03198,35,Male,Dodoma,Muslim,Chagga,Diploma,"200,000-500,000",None,2,0.08,0.98,0.35,0.3,Infinix,China,Mid-Range,New,276772,7.2,Physical Store,Mobile Money,1,11,0.322,0.252,0.9,0.581,1.0,1.0,0.346,0.78,1
CUST_04610,31,Female,Dar es Salaam,Muslim,Others,Primary,"<200,000",Airtel Money,5,0.07,0.78,0.39,0.7,Itel,China,Budget,New,136621,6.9,Physical Store,Cash,0,2,0.29,0.269,0.9,0.897,1.0,1.0,0.576,0.79,1
CUST_01539,28,Male,Arusha,Christian,Others,Secondary,"200,000-500,000",Halopesa,3,0.13,1.0,0.61,0.7,Huawei,China,Premium,New,885722,9.8,Online,Cash,0,1,0.262,0.598,1.0,0.645,1.0,1.0,0.633,0.81,1
CUST_04392,21,Male,Morogoro,Muslim,Others,Diploma,"<200,000",M-Pesa,5,0.17,0.73,0.84,0.3,Samsung,South Korea,Premium,New,819646,8.3,Mobile,Mobile Money,0,11,0.501,0.697,0.9,0.777,1.0,1.0,0.715,0.73,1
CUST_00695,15,Male,Mwanza,Christian,Haya,Secondary,"1,000,001-2,000,000",None,3,0.39,0.26,0.42,0.3,Nokia,Finland,Mid-Range,New,412255,7.0,Mobile,Cash,1,2,0.732,0.294,1.0,0.835,1.0,1.0,0.751,0.74,1
CUST_03712,41,Female,Dar es Salaam,Other,Sukuma,No formal,"1,000,001-2,000,000",None,3,0.15,0.22,0.68,0.5,Vivo,China,Mid-Range,New,340455,7.3,Physical Store,Mobile Money,0,1,0.813,0.496,1.0,0.923,1.0,1.0,0.791,0.77,1
CUST_02206,20,Male,Dar es Salaam,Christian,Haya,No formal,"200,000-500,000",Airtel Money,3,0.1,0.8,0.51,0.7,Infinix,China,Mid-Range,New,316827,7.7,Physical Store,Cash,0,2,0.366,0.393,1.0,0.884,1.0,1.0,0.756,0.8,1
CUST_03902,33,Female,Mbeya,Christian,Haya,No formal,"<200,000",M-Pesa,2,0.35,0.84,0.73,0.5,Huawei,China,Premium,New,1947292,9.6,Physical Store,Mobile Money,0,2,0.0,0.701,1.0,0.754,1.0,1.0,0.498,0.59,1
CUST_04478,15,Female,Zanzibar,Christian,Others,Diploma,"500,001-1,000,000",Airtel Money,4,0.25,0.73,0.86,0.0,Samsung,South Korea,Premium,New,930210,8.4,Online,Mobile Money,1,12,0.434,0.722,1.0,0.941,1.0,1.0,0.669,0.72,1
CUST_04471,37,Male,Arusha,Other,Others,Diploma,"<200,000",Tigo Pesa,3,0.17,0.92,0.41,0.7,Huawei,China,Premium,New,1222900,9.8,Online,Cash,0,2,0.062,0.402,1.0,0.901,1.0,1.0,0.401,0.74,1
CUST_03070,45,Male,Dar es Salaam,Christian,Sukuma,No formal,"200,000-500,000",M-Pesa,4,0.18,0.83,0.63,0.3,Apple,USA,Premium,New,2121629,9.2,Physical Store,Cash,0,2,0.0,0.58,1.0,0.982,1.0,1.0,0.603,0.53,1
CUST_01537,20,Male,Morogoro,Christian,Haya,Secondary,"500,001-1,000,000",Tigo Pesa,2,0.2,0.57,0.89,0.7,Samsung,South Korea,Premium,New,617732,9.0,Mobile,Cash,0,2,0.707,0.801,1.0,0.754,1.0,1.0,0.94,0.82,1
CUST_00158,15,Male,Morogoro,Christian,Gogo,Primary,"<200,000",Airtel Money,3,0.27,0.84,0.83,0.3,Tecno,China,Mid-Range,New,521513,7.4,Online,Mobile Money,0,2,0.0,0.614,1.0,0.919,1.0,1.0,0.367,0.74,1
CUST_02241,25,Male,Mwanza,Christian,Haya,Diploma,"500,001-1,000,000",M-Pesa,4,0.41,0.54,0.45,0.3,Infinix,China,Mid-Range,New,462486,7.3,Physical Store,Mobile Money,0,2,0.376,0.328,1.0,0.794,1.0,1.0,0.461,0.75,1
CUST_02304,28,Female,Zanzibar,Muslim,Gogo,No formal,"200,000-500,000",Tigo Pesa,3,0.1,0.84,0.5,0.3,Samsung,South Korea,Premium,New,1220796,9.5,Physical Store,Mobile Money,0,1,0.145,0.475,0.9,0.896,1.0,1.0,0.463,0.73,1
CUST_02121,38,Female,Dodoma,Christian,Sukuma,Primary,"<200,000",Halopesa,2,0.36,0.99,0.32,0.3,Nokia,Finland,Mid-Range,New,560063,7.7,Online,Cash,1,2,0.0,0.246,1.0,0.551,1.0,1.0,0.542,0.75,1
CUST_00153,34,Male,Dodoma,Christian,Sukuma,Primary,"<200,000",M-Pesa,4,0.19,0.84,0.44,0.5,Oppo,China,Mid-Range,New,565704,7.3,Physical Store,Cash,0,2,0.0,0.321,1.0,0.621,1.0,1.0,0.522,0.72,1
CUST_00504,25,Female,Morogoro,Christian,Others,Master+,"200,000-500,000",Tigo Pesa,3,0.39,0.96,0.72,0.0,Xiaomi,China,Mid-Range,Used,261389,6.1,Physical Store,Cash,0,1,0.373,0.439,1.0,0.561,0.6,1.0,0.454,0.71,0
CUST_02396,36,Male,Arusha,Christian,Sukuma,Secondary,"500,001-1,000,000",Halopesa,2,0.08,0.42,0.89,0.7,Infinix,China,Mid-Range,New,290710,7.2,Physical Store,Cash,1,2,0.695,0.641,1.0,0.617,1.0,1.0,0.797,0.77,0
CUST_00613,48,Male,Tanga,Muslim,Others,Master+,"200,000-500,000",Airtel Money,5,0.32,0.78,0.87,0.0,Samsung,South Korea,Premium,New,812728,9.4,Physical Store,Cash,0,12,0.472,0.818,0.9,0.646,1.0,1.0,0.745,0.8,1
CUST_03018,30,Female,Mbeya,Muslim,Gogo,Master+,">2,000,000",Airtel Money,2,0.43,0.3,0.82,0.0,Apple,USA,Premium,New,1529000,9.8,Physical Store,Mobile Money,0,2,0.618,0.804,0.9,1.059,1.0,1.0,0.739,0.68,0
CUST_03890,15,Male,Zanzibar,Christian,Sukuma,Secondary,"<200,000",None,4,0.7,0.78,0.34,0.5,Nokia,Finland,Mid-Range,New,538599,6.8,Online,Mobile Money,0,2,0.0,0.231,1.0,0.65,1.0,1.0,0.498,0.7,1
CUST_01891,28,Male,Arusha,Christian,Makonde,Secondary,"200,000-500,000",Halopesa,5,0.45,0.97,0.72,0.0,Apple,USA,Premium,New,639624,8.7,Online,Cash,1,2,0.483,0.626,1.0,0.9,1.0,1.0,0.685,0.79,0
CUST_00519,28,Female,Mwanza,Muslim,Others,Secondary,"1,000,001-2,000,000",Tigo Pesa,3,0.12,0.39,0.54,0.3,Tecno,China,Mid-Range,New,317332,6.2,Physical Store,Mobile Money,0,2,0.691,0.335,0.9,0.611,1.0,1.0,0.665,0.71,0
CUST_04410,26,Female,Dar es Salaam,Muslim,Others,Secondary,"200,000-500,000",M-Pesa,4,0.05,0.77,0.72,0.5,Tecno,China,Mid-Range,New,503448,7.2,Physical Store,Cash,0,2,0.031,0.518,0.9,0.842,1.0,1.0,0.59,0.73,1
CUST_04532,30,Male,Zanzibar,Christian,Sukuma,Primary,"<200,000",None,2,0.17,0.73,0.3,0.5,Samsung,South Korea,Premium,New,1772807,9.9,Online,Cash,1,2,0.0,0.297,1.0,0.772,1.0,1.0,0.67,0.64,1
CUST_02795,30,Female,Zanzibar,Christian,Gogo,Primary,"1,000,001-2,000,000",Airtel Money,3,0.41,0.22,0.37,0.0,Huawei,China,Premium,New,685547,8.2,Online,Cash,0,2,0.874,0.303,1.0,0.508,1.0,1.0,0.715,0.75,1
CUST_02919,30,Male,Mwanza,Christian,Others,Secondary,"1,000,001-2,000,000",Airtel Money,3,0.38,0.15,0.6,0.5,Nokia,Finland,Mid-Range,New,466768,7.9,Physical Store,Mobile Money,0,2,0.825,0.474,1.0,0.812,1.0,1.0,0.905,0.78,1
CUST_02191,37,Female,Arusha,Muslim,Others,Secondary,"200,000-500,000",Tigo Pesa,3,0.38,0.86,0.65,0.5,Infinix,China,Mid-Range,New,582024,6.9,Physical Store,Cash,1,2,0.0,0.449,0.9,0.783,1.0,1.0,0.348,0.7,1
CUST_01522,18,Male,Mwanza,Christian,Sukuma,Secondary,"200,000-500,000",M-Pesa,3,0.08,0.78,0.42,0.5,Samsung,South Korea,Premium,New,2496553,9.2,Mobile,Mobile Money,1,2,0.0,0.386,1.0,1.151,1.0,1.0,0.568,0.45,1
CUST_03047,29,Male,Tanga,Other,Others,Secondary,"<200,000",M-Pesa,4,0.39,0.86,0.71,0.3,Tecno,China,Mid-Range,New,552068,6.4,Physical Store,Card,0,2,0.0,0.454,1.0,0.921,1.0,1.0,0.629,0.67,0
CUST_02332,22,Male,Mbeya,Muslim,Others,Primary,"200,000-500,000",M-Pesa,5,0.37,0.85,0.66,0.5,Xiaomi,China,Mid-Range,New,288902,7.8,Physical Store,Card,1,12,0.386,0.515,0.9,0.722,1.0,1.0,0.566,0.81,1
CUST_04425,27,Male,Mwanza,Christian,Others,Diploma,"200,000-500,000",Tigo Pesa,2,0.19,0.73,0.68,1.0,Samsung,South Korea,Premium,New,2104062,8.6,Mobile,Mobile Money,0,1,0.0,0.585,1.0,1.003,1.0,0.8,0.53,0.5,1
CUST_01859,18,Male,Zanzibar,Muslim,Others,Primary,"500,001-1,000,000",M-Pesa,5,0.04,0.79,0.89,0.5,Infinix,China,Mid-Range,New,439869,6.2,Physical Store,Cash,0,1,0.131,0.552,0.9,0.892,1.0,1.0,0.68,0.68,1
CUST_00847,32,Female,Dar es Salaam,Muslim,Others,No formal,"200,000-500,000",Airtel Money,2,0.15,0.9,0.39,0.0,Huawei,China,Premium,New,2446324,9.9,Physical Store,Cash,1,2,0.0,0.386,0.9,0.526,1.0,1.0,0.472,0.5,1
CUST_03951,15,Male,Morogoro,Muslim,Gogo,Secondary,"200,000-500,000",Airtel Money,4,0.18,0.96,0.63,0.5,Nokia,Finland,Mid-Range,New,260756,6.5,Physical Store,Mobile Money,1,1,0.374,0.41,0.9,0.992,1.0,1.0,0.509,0.74,1
CUST_04265,31,Male,Dar es Salaam,Christian,Haya,Primary,"200,000-500,000",Tigo Pesa,5,0.29,0.91,0.61,0.3,Apple,USA,Premium,New,1173613,8.7,Online,Mobile Money,0,1,0.11,0.531,1.0,0.674,1.0,1.0,0.441,0.69,1
CUST_03201,30,Female,Mbeya,Other,Nyamwezi,Bachelor,"200,000-500,000",None,2,0.35,0.71,0.3,0.5,Huawei,China,Premium,New,1290240,9.5,Physical Store,Cash,0,2,0.237,0.285,1.0,0.6,1.0,1.0,0.465,0.71,1
CUST_03382,35,Female,Dodoma,Christian,Makonde,Master+,"<200,000",M-Pesa,5,0.56,0.76,0.47,0.5,Nokia,Finland,Mid-Range,New,468077,6.4,Physical Store,Cash,1,2,0.111,0.301,1.0,0.904,1.0,1.0,0.401,0.69,1
CUST_04632,15,Male,Morogoro,Christian,Sukuma,Secondary,"<200,000",M-Pesa,4,0.64,0.75,0.73,0.7,Huawei,China,Premium,New,987965,8.6,Physical Store,Cash,0,2,0.383,0.628,1.0,0.962,1.0,1.0,0.719,0.72,1
CUST_01882,21,Male,Morogoro,Christian,Sukuma,Secondary,"1,000,001-2,000,000",M-Pesa,4,0.57,0.1,0.43,0.5,Vivo,China,Mid-Range,Used,440699,6.4,Physical Store,Mobile Money,0,1,0.89,0.275,1.0,0.591,0.6,1.0,0.777,0.7,1
CUST_02026,29,Male,Mbeya,Christian,Nyamwezi,Secondary,"500,001-1,000,000",Tigo Pesa,2,0.11,0.59,0.72,0.3,Infinix,China,Mid-Range,New,437125,7.5,Physical Store,Mobile Money,0,2,0.355,0.54,1.0,0.551,1.0,1.0,0.737,0.76,1
CUST_03143,37,Female,Mwanza,Muslim,Others,Primary,"1,000,001-2,000,000",Tigo Pesa,2,0.13,0.2,0.36,0.0,Tecno,China,Mid-Range,New,526826,7.2,Online,Cash,1,1,0.737,0.259,0.9,0.588,1.0,1.0,0.865,0.73,1
CUST_02547,16,Female,Dodoma,Muslim,Chagga,Bachelor,"500,001-1,000,000",Airtel Money,1,0.19,0.63,0.69,0.0,Tecno,China,Mid-Range,New,519961,7.6,Physical Store,Mobile Money,0,2,0.181,0.524,0.9,0.86,1.0,1.0,0.455,0.75,1
CUST_03685,39,Male,Mwanza,Muslim,Sukuma,Primary,"<200,000",M-Pesa,4,0.24,0.96,0.66,0.3,Xiaomi,China,Mid-Range,New,523411,8.0,Mobile,Mobile Money,1,1,0.0,0.528,0.9,0.925,1.0,1.0,0.639,0.78,1
CUST_04857,26,Female,Dar es Salaam,Christian,Others,Primary,"<200,000",M-Pesa,3,0.4,0.92,0.61,1.0,Vivo,China,Mid-Range,New,301097,6.3,Online,Card,1,2,0.307,0.384,1.0,0.614,1.0,0.8,0.591,0.72,1
CUST_00924,38,Female,Mwanza,Christian,Sukuma,Diploma,"<200,000",M-Pesa,3,0.17,0.98,0.54,0.3,Tecno,China,Mid-Range,New,458717,7.3,Mobile,Cash,0,2,0.0,0.394,1.0,0.589,1.0,1.0,0.718,0.75,1
CUST_03110,16,Female,Arusha,Christian,Sukuma,Diploma,"500,001-1,000,000",M-Pesa,4,0.47,0.5,0.32,0.7,Oppo,China,Mid-Range,New,314487,6.9,Physical Store,Mobile Money,1,2,0.607,0.221,1.0,0.894,1.0,1.0,0.674,0.75,1
CUST_04533,23,Male,Arusha,Muslim,Others,No formal,"200,000-500,000",M-Pesa,5,0.73,0.84,0.75,0.0,Samsung,South Korea,Premium,New,1250828,9.4,Physical Store,Mobile Money,0,2,0.124,0.705,0.9,0.792,1.0,1.0,0.634,0.71,1
CUST_02441,20,Female,Arusha,Christian,Others,Diploma,"500,001-1,000,000",Airtel Money,3,0.2,0.53,0.44,0.0,Huawei,China,Premium,New,1189818,9.5,Physical Store,Mobile Money,0,1,0.474,0.418,1.0,0.75,1.0,1.0,0.649,0.73,1
CUST_01459,41,Male,Mwanza,Christian,Others,Bachelor,"<200,000",M-Pesa,3,0.27,0.73,0.48,0.3,Samsung,South Korea,Premium,New,1917070,9.7,Online,Cash,0,10,0.0,0.466,1.0,0.928,1.0,1.0,0.588,0.6,1
CUST_02765,15,Female,Dodoma,Muslim,Others,Primary,"200,000-500,000",Airtel Money,2,0.56,0.79,0.32,0.0,Huawei,China,Premium,New,1031907,8.7,Online,Cash,0,12,0.321,0.278,0.9,0.849,1.0,1.0,0.557,0.72,1
CUST_01928,38,Female,Dar es Salaam,Christian,Others,Secondary,"200,000-500,000",M-Pesa,5,0.25,0.76,0.61,0.3,Apple,USA,Premium,New,2233815,10.0,Online,Mobile Money,0,2,0.0,0.61,1.0,0.761,1.0,1.0,0.511,0.55,1
CUST_02444,15,Male,Mwanza,Other,Haya,Diploma,"200,000-500,000",Airtel Money,3,0.03,0.86,0.5,1.0,Nokia,Finland,Mid-Range,Used,163891,5.8,Physical Store,Cash,0,2,0.648,0.29,1.0,0.537,0.6,0.8,0.536,0.72,1
CUST_04254,27,Female,Arusha,Christian,Sukuma,Diploma,"200,000-500,000",Tigo Pesa,5,0.29,0.85,0.57,0.5,Nokia,Finland,Mid-Range,New,360964,7.6,Physical Store,Cash,0,1,0.233,0.433,1.0,0.658,1.0,1.0,0.423,0.78,1
CUST_03387,24,Male,Morogoro,Christian,Others,No formal,">2,000,000",M-Pesa,4,0.33,0.33,0.43,0.3,Apple,USA,Premium,New,1322908,8.4,Mobile,Cash,0,2,0.636,0.361,1.0,0.759,1.0,1.0,0.783,0.64,1
CUST_04409,32,Female,Zanzibar,Christian,Others,No formal,"<200,000",Airtel Money,2,0.21,0.93,0.81,0.3,Infinix,China,Mid-Range,New,261319,6.6,Physical Store,Cash,0,10,0.392,0.535,1.0,0.76,1.0,1.0,0.738,0.74,1
CUST_04873,15,Male,Dar es Salaam,Muslim,Others,Secondary,"<200,000",Airtel Money,2,0.7,0.99,0.49,0.7,Tecno,China,Mid-Range,Used,179396,5.2,Physical Store,Mobile Money,0,2,0.556,0.255,0.9,0.613,0.6,1.0,0.62,0.68,1
CUST_00447,30,Male,Zanzibar,Christian,Others,No formal,"200,000-500,000",Halopesa,3,0.63,1.0,0.31,0.0,Vivo,China,Mid-Range,New,369760,6.4,Physical Store,Mobile Money,0,1,0.076,0.198,1.0,0.535,1.0,1.0,0.44,0.71,0
CUST_03942,48,Male,Mbeya,Muslim,Others,Primary,"200,000-500,000",Halopesa,2,0.46,0.9,0.51,0.5,Infinix,China,Mid-Range,New,387277,7.3,Mobile,Mobile Money,0,2,0.129,0.372,0.9,0.872,1.0,1.0,0.679,0.76,1
CUST_00540,32,Male,Dar es Salaam,Christian,Others,Secondary,"200,000-500,000",M-Pesa,3,0.4,0.81,0.74,0.5,Nokia,Finland,Mid-Range,New,501758,6.3,Online,Cash,1,2,0.0,0.466,1.0,0.729,1.0,1.0,0.517,0.68,1
CUST_04911,44,Male,Morogoro,Muslim,Makonde,No formal,"<200,000",M-Pesa,5,0.16,0.79,0.66,0.5,Infinix,China,Mid-Range,New,454592,7.5,Online,Mobile Money,1,2,0.102,0.495,0.9,0.506,1.0,1.0,0.606,0.76,0
CUST_03023,30,Female,Dar es Salaam,Christian,Others,Secondary,"200,000-500,000",M-Pesa,4,0.1,0.8,0.63,0.5,Huawei,China,Premium,New,1822522,9.6,Physical Store,Cash,1,2,0.0,0.605,1.0,0.89,1.0,1.0,0.605,0.61,1
CUST_00176,36,Female,Tanga,Muslim,Others,Secondary,"1,000,001-2,000,000",M-Pesa,4,0.4,0.44,0.72,0.5,Itel,China,Budget,Used,157823,5.6,Physical Store,Cash,0,1,0.537,0.403,0.9,0.965,0.6,1.0,0.641,0.7,1
CUST_02573,41,Male,Dodoma,Christian,Chagga,Secondary,"<200,000",Halopesa,4,0.44,0.86,0.58,0.0,Samsung,South Korea,Premium,New,1333223,9.4,Physical Store,Mobile Money,0,2,0.045,0.545,1.0,0.904,1.0,1.0,0.722,0.7,0
CUST_01836,19,Female,Mwanza,Christian,Others,Primary,"500,001-1,000,000",Airtel Money,5,0.5,0.47,0.5,0.3,Vivo,China,Mid-Range,New,333260,7.6,Physical Store,Mobile Money,0,10,0.608,0.38,1.0,0.837,1.0,1.0,0.556,0.79,0
CUST_01664,25,Male,Zanzibar,Christian,Others,Diploma,"500,001-1,000,000",Airtel Money,1,0.37,0.62,0.46,0.3,Infinix,China,Mid-Range,New,459365,6.4,Mobile,Cash,0,10,0.288,0.294,1.0,0.84,1.0,1.0,0.527,0.69,1
CUST_00970,36,Male,Dar es Salaam,Christian,Sukuma,Diploma,"<200,000",None,3,0.03,0.78,0.81,0.3,Tecno,China,Mid-Range,New,573494,8.0,Physical Store,Cash,0,2,0.0,0.648,1.0,0.76,1.0,1.0,0.577,0.77,1
CUST_03506,30,Male,Tanga,Christian,Nyamwezi,Secondary,"500,001-1,000,000",Airtel Money,4,0.38,0.7,0.88,0.3,Huawei,China,Premium,New,632595,8.5,Physical Store,Cash,0,1,0.631,0.748,1.0,0.612,1.0,1.0,0.892,0.78,1
CUST_03347,36,Male,Dar es Salaam,Christian,Others,Bachelor,"200,000-500,000",Airtel Money,5,0.66,0.71,0.56,0.5,Tecno,China,Mid-Range,New,524296,7.9,Online,Mobile Money,0,12,0.069,0.442,1.0,0.759,1.0,1.0,0.599,0.77,1
CUST_02374,30,Male,Mwanza,Christian,Others,Secondary,"200,000-500,000",Tigo Pesa,4,0.2,0.92,0.7,0.3,Huawei,China,Premium,New,1496391,9.8,Online,Mobile Money,1,2,0.0,0.686,1.0,0.689,1.0,1.0,0.625,0.69,1
CUST_00283,23,Male,Mwanza,Muslim,Others,Diploma,"200,000-500,000",None,3,0.51,0.73,0.72,0.3,Infinix,China,Mid-Range,New,333983,7.9,Physical Store,Mobile Money,0,12,0.39,0.569,0.9,0.95,1.0,1.0,0.766,0.81,0
CUST_04705,32,Female,Dar es Salaam,Christian,Others,Secondary,"200,000-500,000",M-Pesa,4,0.22,0.83,0.82,0.5,Huawei,China,Premium,New,1851574,9.3,Physical Store,Cash,0,2,0.0,0.763,1.0,0.565,1.0,1.0,0.582,0.59,1
CUST_02059,15,Female,Dar es Salaam,Muslim,Gogo,Secondary,"<200,000",Tigo Pesa,4,0.45,0.83,0.3,0.0,Samsung,South Korea,Premium,New,963202,9.1,Physical Store,Cash,0,2,0.334,0.273,0.9,0.885,1.0,1.0,0.372,0.75,0
CUST_02297,41,Female,Dar es Salaam,Christian,Gogo,Bachelor,"1,000,001-2,000,000",M-Pesa,3,0.32,0.15,0.56,0.5,Itel,China,Budget,New,153159,6.0,Online,Cash,0,1,0.847,0.336,1.0,0.616,1.0,1.0,0.721,0.73,1
CUST_04604,25,Male,Dodoma,Muslim,Makonde,Bachelor,">2,000,000",Tigo Pesa,1,0.14,0.17,0.8,0.7,Apple,USA,Premium,New,2067144,9.3,Online,Mobile Money,1,2,0.707,0.744,0.9,0.865,1.0,1.0,0.833,0.54,1
CUST_03340,35,Female,Morogoro,Christian,Chagga,Bachelor,"<200,000",M-Pesa,5,0.46,0.75,0.66,0.0,Huawei,China,Premium,New,1302032,8.1,Physical Store,Cash,0,2,0.186,0.535,1.0,0.778,1.0,1.0,0.536,0.63,1
CUST_02142,36,Male,Dodoma,Christian,Others,No formal,"500,001-1,000,000",M-Pesa,5,0.14,0.62,0.86,0.7,Infinix,China,Mid-Range,New,476684,6.5,Physical Store,Cash,0,12,0.261,0.559,1.0,0.919,1.0,1.0,0.49,0.69,1
CUST_01025,21,Female,Mwanza,Christian,Gogo,Secondary,"<200,000",Airtel Money,3,0.5,0.87,0.67,0.7,Infinix,China,Mid-Range,New,552674,6.2,Mobile,Cash,0,2,0.0,0.415,1.0,0.52,1.0,1.0,0.474,0.66,1
CUST_04208,42,Male,Dodoma,Muslim,Makonde,Primary,"500,001-1,000,000",Halopesa,4,0.31,0.57,0.64,0.0,Samsung,South Korea,Premium,New,945502,8.4,Physical Store,Cash,0,1,0.551,0.538,0.9,1.1,1.0,1.0,0.698,0.71,1
CUST_04945,42,Female,Dar es Salaam,Christian,Others,Primary,"500,001-1,000,000",M-Pesa,5,0.04,0.69,0.68,0.7,Samsung,South Korea,Premium,New,2298729,9.2,Mobile,Cash,0,12,0.0,0.626,1.0,1.172,1.0,1.0,0.647,0.49,1
CUST_00481,24,Female,Mwanza,Muslim,Others,Primary,"500,001-1,000,000",Tigo Pesa,3,0.04,0.44,0.71,0.5,Huawei,China,Premium,Used,826778,8.9,Physical Store,Mobile Money,0,1,0.697,0.632,0.9,0.608,0.6,1.0,0.743,0.77,0
CUST_01437,50,Female,Morogoro,Christian,Others,Secondary,"500,001-1,000,000",M-Pesa,5,0.39,0.64,0.85,0.3,Oppo,China,Mid-Range,New,384282,7.2,Physical Store,Cash,1,2,0.385,0.612,1.0,0.689,1.0,1.0,0.642,0.76,1
CUST_03056,31,Male,Mbeya,Christian,Sukuma,Secondary,"<200,000",Airtel Money,3,0.22,0.7,0.57,1.0,Tecno,China,Mid-Range,Used,431837,5.6,Physical Store,Card,1,2,0.244,0.319,1.0,0.703,0.6,0.8,0.546,0.65,1
CUST_00212,30,Male,Zanzibar,Christian,Makonde,Secondary,"200,000-500,000",Airtel Money,1,0.31,0.9,0.77,0.7,Nokia,Finland,Mid-Range,New,493043,6.9,Physical Store,Cash,0,12,0.0,0.531,1.0,0.696,1.0,1.0,0.526,0.72,1
CUST_04126,31,Male,Dar es Salaam,Christian,Sukuma,Primary,"200,000-500,000",Halopesa,4,0.37,0.76,0.51,0.3,Samsung,South Korea,Premium,New,1758250,8.3,Mobile,Cash,1,2,0.0,0.423,1.0,0.695,1.0,1.0,0.549,0.55,1
CUST_04859,21,Male,Morogoro,Muslim,Sukuma,Primary,"200,000-500,000",Airtel Money,4,0.41,0.77,0.84,0.3,Oppo,China,Mid-Range,New,400315,6.9,Online,Cash,0,1,0.229,0.58,0.9,0.545,1.0,1.0,0.555,0.73,1
CUST_03772,28,Male,Dar es Salaam,Christian,Others,No formal,"<200,000",Halopesa,4,0.4,0.72,0.65,0.5,Infinix,China,Mid-Range,New,334065,6.0,Physical Store,Mobile Money,0,2,0.399,0.39,1.0,0.86,1.0,1.0,0.641,0.69,1
CUST_00830,25,Female,Mwanza,Other,Others,Primary,"<200,000",Halopesa,1,0.29,0.81,0.43,0.5,Huawei,China,Premium,New,1856413,10.0,Physical Store,Mobile Money,1,12,0.0,0.43,1.0,0.841,1.0,1.0,0.538,0.63,1
CUST_02901,28,Male,Mwanza,Christian,Haya,Bachelor,"<200,000",M-Pesa,3,0.48,0.82,0.7,0.5,Huawei,China,Premium,Used,1981905,7.9,Physical Store,Cash,1,2,0.0,0.553,1.0,0.57,0.6,1.0,0.544,0.48,1
CUST_02333,19,Female,Zanzibar,Muslim,Others,No formal,">2,000,000",Halopesa,4,0.06,0.37,0.68,0.0,Oppo,China,Mid-Range,New,581615,6.3,Physical Store,Cash,0,2,0.462,0.428,0.9,0.782,1.0,1.0,0.641,0.66,1
CUST_04538,29,Male,Arusha,Christian,Sukuma,Bachelor,"<200,000",M-Pesa,5,0.48,1.0,0.56,0.3,Nokia,Finland,Mid-Range,Used,237251,6.9,Physical Store,Mobile Money,0,2,0.407,0.386,1.0,0.603,0.6,1.0,0.603,0.77,1
CUST_02743,28,Female,Morogoro,Christian,Sukuma,Primary,"200,000-500,000",M-Pesa,2,0.48,0.88,0.6,0.7,Tecno,China,Mid-Range,New,279532,6.2,Physical Store,Cash,0,2,0.385,0.372,1.0,0.8,1.0,1.0,0.479,0.72,0
CUST_04826,32,Female,Morogoro,Christian,Others,Primary,"200,000-500,000",Airtel Money,5,0.21,0.88,0.31,1.0,Tecno,China,Mid-Range,New,269054,6.6,Online,Cash,1,1,0.408,0.205,1.0,0.937,1.0,0.8,0.57,0.74,1
CUST_00022,29,Female,Mbeya,Muslim,Gogo,Bachelor,"<200,000",M-Pesa,2,0.18,0.71,0.79,0.3,Infinix,China,Mid-Range,New,337929,6.4,Physical Store,Cash,1,2,0.4,0.506,0.9,0.825,1.0,1.0,0.506,0.72,1
CUST_02562,29,Male,Mwanza,Christian,Others,Master+,"<200,000",M-Pesa,4,0.14,0.8,0.44,0.7,Infinix,China,Mid-Range,New,479395,8.0,Physical Store,Cash,0,2,0.041,0.352,1.0,0.959,1.0,1.0,0.242,0.78,1
CUST_03728,27,Male,Zanzibar,Christian,Others,Master+,"<200,000",M-Pesa,2,0.24,0.97,0.54,0.5,Samsung,South Korea,Premium,New,1431635,9.3,Physical Store,Cash,0,2,0.0,0.502,1.0,0.79,1.0,1.0,0.42,0.67,1
CUST_02716,24,Female,Dodoma,Christian,Others,Diploma,"1,000,001-2,000,000",Halopesa,5,0.38,0.23,0.71,0.0,Vivo,China,Mid-Range,New,569686,7.4,Physical Store,Mobile Money,0,1,0.672,0.525,1.0,0.724,1.0,1.0,0.607,0.73,1
CUST_00040,15,Male,Dar es Salaam,Christian,Sukuma,Primary,"<200,000",M-Pesa,2,0.33,0.95,0.45,0.0,Apple,USA,Premium,New,1851058,9.4,Physical Store,Cash,1,2,0.0,0.423,1.0,1.19,1.0,1.0,0.386,0.59,1
CUST_04305,23,Female,Dar es Salaam,Christian,Haya,Secondary,"500,001-1,000,000",M-Pesa,3,0.32,0.57,0.31,0.3,Tecno,China,Mid-Range,Used,309213,5.5,Physical Store,Cash,0,2,0.559,0.17,1.0,0.646,0.6,1.0,0.846,0.67,1
CUST_00004,38,Female,Dodoma,Muslim,Others,Bachelor,"<200,000",M-Pesa,1,0.25,0.81,0.47,0.5,Xiaomi,China,Mid-Range,New,549023,7.1,Online,Mobile Money,0,1,0.0,0.334,0.9,0.698,1.0,1.0,0.643,0.72,1
CUST_03119,24,Female,Dodoma,Christian,Sukuma,No formal,"<200,000",Tigo Pesa,2,0.2,0.96,0.45,0.5,Apple,USA,Premium,New,1794009,9.4,Online,Cash,1,2,0.0,0.423,1.0,1.138,1.0,1.0,0.674,0.61,0
CUST_00596,34,Male,Arusha,Christian,Sukuma,Primary,"<200,000",M-Pesa,2,0.24,1.0,0.83,0.7,Huawei,China,Premium,New,1344216,8.3,Physical Store,Mobile Money,1,2,0.0,0.689,1.0,0.564,1.0,1.0,0.513,0.63,0
CUST_01270,37,Female,Mwanza,Christian,Chagga,No formal,"1,000,001-2,000,000",M-Pesa,5,0.17,0.11,0.38,0.5,Samsung,South Korea,Premium,New,1003151,9.2,Physical Store,Card,0,2,0.908,0.35,1.0,1.103,1.0,1.0,0.723,0.75,0
CUST_03004,30,Female,Dodoma,Christian,Nyamwezi,No formal,"500,001-1,000,000",Halopesa,5,0.68,0.41,0.53,0.7,Huawei,China,Premium,New,1145125,8.1,Physical Store,Cash,1,2,0.609,0.429,1.0,0.689,1.0,1.0,0.554,0.66,1
CUST_00722,20,Female,Dar es Salaam,Christian,Others,Diploma,"200,000-500,000",M-Pesa,3,0.23,0.73,0.47,0.7,Tecno,China,Mid-Range,New,596597,6.0,Physical Store,Cash,0,2,0.0,0.282,1.0,0.832,1.0,1.0,0.657,0.64,1
CUST_04048,23,Male,Dodoma,Muslim,Chagga,No formal,"<200,000",None,3,0.11,0.92,0.63,0.0,Tecno,China,Mid-Range,New,380012,6.4,Physical Store,Cash,0,2,0.126,0.403,0.9,0.81,1.0,1.0,0.307,0.71,0
CUST_00890,20,Female,Mwanza,Muslim,Others,Secondary,"<200,000",M-Pesa,2,0.1,0.85,0.72,0.0,Xiaomi,China,Mid-Range,Used,324083,6.7,Physical Store,Card,1,2,0.311,0.482,0.9,0.837,0.6,1.0,0.545,0.74,1
CUST_03735,15,Male,Dar es Salaam,Christian,Chagga,Bachelor,"<200,000",Halopesa,5,0.22,0.8,0.56,0.3,Tecno,China,Mid-Range,Used,184031,6.6,Physical Store,Cash,1,2,0.632,0.37,1.0,0.648,0.6,1.0,0.663,0.76,1
CUST_01002,25,Female,Arusha,Christian,Others,Secondary,"500,001-1,000,000",M-Pesa,3,0.31,0.58,0.51,0.5,Tecno,China,Mid-Range,New,438790,6.7,Online,Cash,0,2,0.364,0.342,1.0,0.533,1.0,1.0,0.491,0.71,1
CUST_02070,26,Male,Morogoro,Christian,Others,Secondary,"200,000-500,000",Tigo Pesa,4,0.07,0.85,0.89,0.3,Apple,USA,Premium,New,1723333,8.9,Online,Cash,0,2,0.0,0.792,1.0,0.763,1.0,1.0,0.462,0.59,1
CUST_00822,38,Female,Mbeya,Christian,Others,Primary,"<200,000",Tigo Pesa,3,0.09,0.9,0.36,0.3,Itel,China,Budget,New,121064,4.8,Online,Cash,0,2,0.274,0.173,1.0,0.88,1.0,1.0,0.405,0.66,1
CUST_03196,32,Male,Arusha,Christian,Others,Secondary,"1,000,001-2,000,000",M-Pesa,4,0.22,0.3,0.81,0.0,Infinix,China,Mid-Range,New,391814,7.0,Online,Mobile Money,0,2,0.706,0.567,1.0,0.75,1.0,1.0,0.675,0.74,1
CUST_00870,22,Female,Dar es Salaam,Christian,Nyamwezi,Secondary,"<200,000",Airtel Money,2,0.53,0.99,0.52,0.7,Apple,USA,Premium,New,1750147,8.6,Physical Store,Cash,0,1,0.0,0.447,1.0,1.17,1.0,1.0,0.536,0.57,0
CUST_00822,38,Female,Mbeya,Christian,Others,Primary,"<200,000",Tigo Pesa,3,0.09,0.9,0.36,0.3,Nokia,Finland,Mid-Range,New,344495,6.2,Physical Store,Cash,1,2,0.225,0.223,1.0,0.837,1.0,1.0,0.488,0.7,1
CUST_02751,42,Male,Zanzibar,Christian,Others,Secondary,"500,001-1,000,000",M-Pesa,1,0.23,0.72,0.87,0.3,Apple,USA,Premium,New,783263,8.8,Physical Store,Mobile Money,0,12,0.53,0.766,1.0,0.796,1.0,1.0,0.655,0.77,1
CUST_04257,40,Male,Arusha,Christian,Sukuma,Primary,"200,000-500,000",M-Pesa,3,0.51,0.71,0.84,0.5,Itel,China,Budget,New,176689,6.4,Physical Store,Cash,0,2,0.164,0.538,1.0,0.787,1.0,1.0,0.519,0.75,1
CUST_02154,15,Female,Morogoro,Christian,Others,Primary,"<200,000",None,4,0.23,1.0,0.45,0.0,Infinix,China,Mid-Range,New,585383,6.9,Physical Store,Mobile Money,0,1,0.0,0.311,1.0,0.657,1.0,1.0,0.457,0.7,1
CUST_04822,17,Female,Dar es Salaam,Christian,Chagga,Secondary,"<200,000",M-Pesa,5,0.12,0.83,0.77,0.3,Huawei,China,Premium,New,1936921,8.2,Physical Store,Card,0,2,0.0,0.631,1.0,0.705,1.0,1.0,0.507,0.5,1
CUST_03059,28,Female,Dodoma,Christian,Nyamwezi,Bachelor,"200,000-500,000",M-Pesa,4,0.21,0.81,0.75,0.0,Infinix,China,Mid-Range,New,385996,7.3,Online,Mobile Money,1,2,0.218,0.548,1.0,0.938,1.0,1.0,0.434,0.76,1
CUST_03166,33,Female,Zanzibar,Muslim,Gogo,Master+,">2,000,000",Tigo Pesa,1,0.08,0.39,0.52,0.7,Oppo,China,Mid-Range,Used,407951,5.5,Physical Store,Cash,0,1,0.602,0.286,0.9,0.852,0.6,1.0,0.493,0.65,1
CUST_00433,17,Male,Mwanza,Christian,Haya,Bachelor,"500,001-1,000,000",M-Pesa,3,0.16,0.64,0.64,0.0,Infinix,China,Mid-Range,New,510183,6.8,Physical Store,Cash,1,2,0.184,0.435,1.0,0.595,1.0,1.0,0.551,0.71,1
CUST_00073,26,Female,Zanzibar,Muslim,Chagga,Primary,"200,000-500,000",Halopesa,3,0.05,0.82,0.84,0.3,Apple,USA,Premium,New,664261,9.2,Physical Store,Mobile Money,0,2,0.546,0.773,0.9,1.058,1.0,1.0,0.759,0.82,1
CUST_01305,46,Female,Zanzibar,Muslim,Gogo,No formal,"<200,000",M-Pesa,5,0.41,0.76,0.47,0.7,Samsung,South Korea,Premium,New,1171659,8.1,Physical Store,Cash,1,1,0.258,0.381,0.9,0.97,1.0,1.0,0.539,0.65,1
CUST_02235,48,Male,Zanzibar,Muslim,Others,Bachelor,"200,000-500,000",Tigo Pesa,5,0.43,0.91,0.43,0.7,Tecno,China,Mid-Range,New,429936,6.4,Physical Store,Mobile Money,0,2,0.022,0.275,0.9,0.691,1.0,1.0,0.571,0.7,1
CUST_01956,15,Male,Arusha,Christian,Others,Primary,"<200,000",Airtel Money,3,0.41,0.79,0.86,0.3,Apple,USA,Premium,New,1640385,8.2,Physical Store,Cash,0,2,0.0,0.705,1.0,0.812,1.0,1.0,0.528,0.56,1
CUST_04127,21,Female,Dar es Salaam,Christian,Others,Diploma,"<200,000",Airtel Money,5,0.5,1.0,0.47,0.7,Infinix,China,Mid-Range,New,322886,7.8,Physical Store,Cash,0,2,0.193,0.367,1.0,0.915,1.0,1.0,0.337,0.8,1
CUST_02940,25,Male,Arusha,Christian,Makonde,Diploma,"200,000-500,000",M-Pesa,5,0.33,0.77,0.37,0.5,Samsung,South Korea,Premium,New,2000552,8.7,Physical Store,Mobile Money,0,12,0.0,0.322,1.0,0.93,1.0,1.0,0.509,0.52,1
CUST_01013,20,Female,Dodoma,Muslim,Makonde,Secondary,"500,001-1,000,000",Airtel Money,2,0.29,0.74,0.86,0.5,Infinix,China,Mid-Range,New,511826,7.5,Online,Cash,1,1,0.053,0.645,0.9,0.903,1.0,1.0,0.545,0.75,0
CUST_02459,39,Male,Morogoro,Other,Others,Primary,"1,000,001-2,000,000",Airtel Money,4,0.45,0.45,0.54,0.5,Vivo,China,Mid-Range,New,332014,6.4,Mobile,Card,0,1,0.626,0.346,1.0,0.7,1.0,1.0,0.517,0.72,1
CUST_03835,24,Female,Arusha,Christian,Sukuma,Secondary,"200,000-500,000",None,4,0.34,0.99,0.84,0.0,Huawei,China,Premium,New,1547210,9.7,Mobile,Mobile Money,0,2,0.0,0.815,1.0,0.735,1.0,1.0,0.411,0.67,1
CUST_01712,31,Male,Arusha,Muslim,Nyamwezi,Secondary,"500,001-1,000,000",Tigo Pesa,4,0.05,0.68,0.3,0.5,Tecno,China,Mid-Range,Used,226855,6.5,Physical Store,Mobile Money,0,1,0.614,0.195,0.9,0.516,0.6,1.0,0.501,0.74,1
CUST_01568,34,Male,Zanzibar,Christian,Haya,Secondary,"200,000-500,000",M-Pesa,5,0.14,1.0,0.48,0.3,Samsung,South Korea,Premium,New,1129382,9.2,Physical Store,Cash,0,12,0.059,0.442,1.0,0.991,1.0,1.0,0.538,0.73,1
CUST_01515,15,Male,Dodoma,Christian,Others,Primary,"<200,000",M-Pesa,2,0.36,0.95,0.37,0.5,Nokia,Finland,Mid-Range,New,551813,7.5,Physical Store,Cash,0,12,0.0,0.277,1.0,0.784,1.0,1.0,0.3,0.74,1
CUST_02597,15,Female,Arusha,Christian,Nyamwezi,Diploma,">2,000,000",Tigo Pesa,3,0.11,0.32,0.35,0.5,Tecno,China,Mid-Range,New,462688,6.9,Physical Store,Cash,0,2,0.63,0.242,1.0,0.95,1.0,1.0,0.807,0.72,1
CUST_01022,28,Female,Dodoma,Christian,Sukuma,Secondary,"500,001-1,000,000",Airtel Money,4,0.09,0.78,0.35,0.5,Tecno,China,Mid-Range,New,451509,6.1,Physical Store,Mobile Money,0,12,0.12,0.214,1.0,0.563,1.0,1.0,0.557,0.68,1
CUST_01644,23,Female,Tanga,Muslim,Sukuma,Diploma,"200,000-500,000",M-Pesa,2,0.1,0.8,0.43,0.5,Huawei,China,Premium,Used,1141125,8.3,Physical Store,Mobile Money,1,11,0.239,0.357,0.9,0.733,0.6,1.0,0.553,0.67,1
CUST_01345,37,Male,Arusha,Christian,Nyamwezi,Secondary,"1,000,001-2,000,000",Halopesa,1,0.26,0.26,0.65,0.5,Samsung,South Korea,Premium,New,2286583,9.4,Physical Store,Cash,0,2,0.505,0.611,1.0,0.726,1.0,1.0,0.569,0.51,1
CUST_01954,22,Male,Dodoma,Muslim,Others,Secondary,"500,001-1,000,000",Airtel Money,4,0.28,0.77,0.84,0.7,Samsung,South Korea,Premium,New,1934275,9.6,Mobile,Mobile Money,1,2,0.0,0.806,0.9,0.823,1.0,1.0,0.541,0.59,1
CUST_01774,30,Male,Zanzibar,Christian,Others,Secondary,"200,000-500,000",Airtel Money,5,0.15,0.83,0.86,0.3,Infinix,China,Mid-Range,New,401918,7.0,Physical Store,Mobile Money,1,12,0.166,0.602,1.0,0.542,1.0,1.0,0.637,0.74,1
CUST_02134,26,Male,Dar es Salaam,Christian,Others,Secondary,"1,000,001-2,000,000",None,1,0.46,0.44,0.57,0.3,Apple,USA,Premium,New,1498139,8.9,Physical Store,Card,0,2,0.451,0.507,1.0,0.718,1.0,1.0,0.709,0.63,1
CUST_02550,19,Male,Tanga,Muslim,Others,Primary,"500,001-1,000,000",Tigo Pesa,3,0.37,0.78,0.87,0.3,Huawei,China,Premium,New,653945,9.5,Physical Store,Cash,0,2,0.575,0.826,0.9,0.67,1.0,1.0,0.845,0.84,1
CUST_01634,21,Female,Morogoro,Christian,Others,Primary,"500,001-1,000,000",Airtel Money,4,0.42,0.69,0.62,0.0,Huawei,China,Premium,New,1852821,8.9,Physical Store,Card,0,1,0.0,0.552,1.0,0.507,1.0,1.0,0.381,0.56,1
CUST_02481,32,Male,Dodoma,Muslim,Gogo,Diploma,">2,000,000",Halopesa,4,0.39,0.17,0.76,0.7,Tecno,China,Mid-Range,New,541665,7.7,Physical Store,Mobile Money,0,2,0.77,0.585,0.9,0.563,1.0,1.0,0.663,0.75,1
CUST_01684,37,Male,Mbeya,Muslim,Haya,Secondary,"500,001-1,000,000",Airtel Money,3,0.03,0.5,0.56,0.7,Apple,USA,Premium,New,1143681,9.1,Online,Mobile Money,1,11,0.523,0.51,0.9,0.865,1.0,1.0,0.552,0.72,1
CUST_04934,26,Female,Zanzibar,Muslim,Others,Primary,"1,000,001-2,000,000",M-Pesa,5,0.19,0.47,0.41,0.5,Xiaomi,China,Mid-Range,Used,432085,6.0,Physical Store,Mobile Money,0,2,0.492,0.246,0.9,0.681,0.6,1.0,0.622,0.67,1
CUST_04600,35,Female,Arusha,Christian,Others,Primary,"200,000-500,000",None,2,0.66,0.99,0.64,0.5,Nokia,Finland,Mid-Range,New,457588,7.1,Mobile,Cash,0,2,0.0,0.454,1.0,0.561,1.0,1.0,0.356,0.73,1
CUST_01941,15,Female,Mwanza,Christian,Others,Primary,"1,000,001-2,000,000",M-Pesa,4,0.17,0.47,0.67,0.7,Infinix,China,Mid-Range,New,561781,6.4,Physical Store,Mobile Money,0,2,0.34,0.429,1.0,0.898,1.0,1.0,0.702,0.67,1
CUST_03943,33,Male,Arusha,Muslim,Sukuma,Primary,"500,001-1,000,000",Airtel Money,4,0.37,0.41,0.83,0.5,Itel,China,Budget,Used,126888,4.4,Physical Store,Cash,0,1,0.653,0.365,0.9,0.796,0.6,1.0,0.721,0.64,1
CUST_02423,46,Female,Dar es Salaam,Muslim,Gogo,Secondary,"<200,000",Airtel Money,2,0.03,0.93,0.69,0.0,Xiaomi,China,Mid-Range,New,552111,7.1,Mobile,Card,0,2,0.0,0.49,0.9,0.662,1.0,1.0,0.329,0.72,1
CUST_04739,34,Male,Morogoro,Christian,Gogo,Diploma,"200,000-500,000",Halopesa,4,0.21,0.75,0.82,0.7,Xiaomi,China,Mid-Range,Used,410915,5.4,Physical Store,Cash,1,9,0.23,0.443,1.0,0.977,0.6,1.0,0.601,0.64,1
CUST_01714,38,Female,Mbeya,Christian,Others,Diploma,"500,001-1,000,000",Airtel Money,3,0.37,0.57,0.67,0.0,Tecno,China,Mid-Range,New,593177,7.0,Physical Store,Cash,1,2,0.155,0.469,1.0,0.66,1.0,1.0,0.56,0.7,1
CUST_01634,21,Female,Morogoro,Christian,Others,Primary,"500,001-1,000,000",Airtel Money,4,0.42,0.69,0.62,0.0,Apple,USA,Premium,New,859694,8.3,Physical Store,Mobile Money,0,2,0.506,0.515,1.0,0.778,1.0,1.0,0.656,0.73,1
CUST_00026,27,Female,Dar es Salaam,Christian,Others,No formal,"<200,000",Airtel Money,1,0.27,1.0,0.52,0.3,Vivo,China,Mid-Range,Used,228712,5.7,Online,Mobile Money,0,2,0.428,0.296,1.0,0.809,0.6,1.0,0.566,0.7,0
CUST_03617,25,Female,Morogoro,Christian,Nyamwezi,No formal,"500,001-1,000,000",M-Pesa,5,0.28,0.69,0.69,0.5,Apple,USA,Premium,New,1926671,8.1,Online,Cash,0,2,0.0,0.559,1.0,0.808,1.0,1.0,0.464,0.5,0
CUST_01667,32,Male,Mwanza,Other,Gogo,No formal,"<200,000",M-Pesa,3,0.09,0.97,0.65,0.0,Xiaomi,China,Mid-Range,New,375971,7.7,Online,Cash,0,2,0.088,0.501,1.0,0.802,1.0,1.0,0.459,0.79,1
CUST_02401,29,Female,Dodoma,Christian,Others,Secondary,"500,001-1,000,000",M-Pesa,3,0.17,0.49,0.83,0.0,Huawei,China,Premium,New,984827,9.0,Physical Store,Cash,0,2,0.598,0.747,1.0,0.642,1.0,1.0,0.797,0.74,1
CUST_01058,24,Male,Arusha,Other,Chagga,Primary,"200,000-500,000",Airtel Money,4,0.33,0.98,0.4,0.3,Samsung,South Korea,Premium,New,2083446,9.9,Physical Store,Cash,0,2,0.0,0.396,1.0,1.156,1.0,1.0,0.449,0.58,0
CUST_02881,41,Female,Dar es Salaam,Muslim,Others,Bachelor,"<200,000",Tigo Pesa,5,0.09,0.9,0.77,0.3,Huawei,China,Premium,New,1620490,9.0,Physical Store,Mobile Money,1,1,0.0,0.693,0.9,0.713,1.0,1.0,0.607,0.62,1
CUST_02168,32,Male,Morogoro,Muslim,Makonde,Secondary,"200,000-500,000",M-Pesa,3,0.13,0.97,0.85,0.5,Apple,USA,Premium,New,1101455,8.8,Online,Cash,0,2,0.11,0.748,0.9,1.185,1.0,1.0,0.837,0.71,1
CUST_00912,35,Male,Dar es Salaam,Muslim,Others,Diploma,"200,000-500,000",M-Pesa,4,0.49,0.84,0.84,0.0,Oppo,China,Mid-Range,Used,214274,6.4,Physical Store,Mobile Money,0,2,0.55,0.538,0.9,0.773,0.6,1.0,0.798,0.74,1
CUST_03537,38,Female,Dodoma,Christian,Others,Secondary,">2,000,000",Halopesa,3,0.05,0.4,0.38,0.5,Nokia,Finland,Mid-Range,Used,154802,5.7,Physical Store,Cash,0,11,0.845,0.217,1.0,0.578,0.6,1.0,0.521,0.71,1
CUST_00858,23,Female,Dar es Salaam,Christian,Sukuma,Primary,"200,000-500,000",Halopesa,4,0.23,0.93,0.57,0.3,Samsung,South Korea,Premium,New,778180,9.8,Physical Store,Cash,0,1,0.397,0.559,1.0,0.606,1.0,1.0,0.675,0.83,0
CUST_03000,29,Male,Morogoro,Christian,Others,Secondary,">2,000,000",Tigo Pesa,3,0.07,0.17,0.85,0.7,Tecno,China,Mid-Range,New,593316,6.1,Physical Store,Mobile Money,1,2,0.748,0.518,1.0,0.722,1.0,1.0,0.883,0.65,1
CUST_03060,41,Male,Arusha,Christian,Sukuma,Secondary,"200,000-500,000",Airtel Money,3,0.32,0.72,0.78,0.7,Nokia,Finland,Mid-Range,New,369310,8.0,Physical Store,Cash,0,2,0.335,0.624,1.0,0.678,1.0,1.0,0.654,0.81,1
CUST_01171,15,Male,Arusha,Muslim,Others,Master+,"500,001-1,000,000",Tigo Pesa,3,0.03,0.65,0.47,0.0,Apple,USA,Premium,New,923805,8.9,Physical Store,Cash,0,2,0.5,0.418,0.9,0.664,1.0,1.0,0.567,0.75,1
CUST_02243,19,Female,Mwanza,Christian,Others,Diploma,"500,001-1,000,000",None,3,0.19,0.45,0.56,0.0,Huawei,China,Premium,Used,1462102,8.1,Mobile,Card,0,1,0.452,0.454,1.0,0.853,0.6,1.0,0.677,0.59,1
CUST_02855,23,Male,Dar es Salaam,Christian,Others,Diploma,"<200,000",M-Pesa,3,0.04,0.78,0.81,0.5,Vivo,China,Mid-Range,New,293043,7.4,Mobile,Card,0,12,0.429,0.599,1.0,0.836,1.0,1.0,0.701,0.79,1
CUST_04165,20,Male,Arusha,Christian,Others,Diploma,"<200,000",Tigo Pesa,2,0.12,0.83,0.59,0.7,Nokia,Finland,Mid-Range,New,295621,7.5,Physical Store,Mobile Money,0,1,0.387,0.442,1.0,0.907,1.0,1.0,0.749,0.79,1
CUST_03885,15,Female,Morogoro,Christian,Others,No formal,"200,000-500,000",M-Pesa,3,0.22,0.95,0.58,0.5,Infinix,China,Mid-Range,New,282888,6.1,Online,Mobile Money,1,2,0.328,0.354,1.0,0.607,1.0,1.0,0.595,0.71,1
CUST_01611,27,Female,Dar es Salaam,Christian,Chagga,Primary,"200,000-500,000",Halopesa,2,0.27,0.83,0.72,0.3,Tecno,China,Mid-Range,New,372123,7.6,Physical Store,Cash,1,2,0.228,0.547,1.0,0.924,1.0,1.0,0.448,0.78,1
CUST_04995,28,Male,Dar es Salaam,Muslim,Nyamwezi,No formal,"200,000-500,000",Tigo Pesa,5,0.61,0.88,0.61,0.7,Apple,USA,Premium,New,1541744,9.8,Physical Store,Cash,0,1,0.0,0.598,0.9,0.914,1.0,1.0,0.551,0.68,0
CUST_02897,24,Female,Mbeya,Christian,Haya,No formal,"200,000-500,000",M-Pesa,3,0.21,0.9,0.77,0.0,Infinix,China,Mid-Range,New,452704,6.4,Physical Store,Cash,0,12,0.0,0.493,1.0,0.592,1.0,1.0,0.527,0.69,1
CUST_00009,27,Male,Mwanza,Muslim,Haya,Primary,"<200,000",Tigo Pesa,3,0.05,0.74,0.59,1.0,Nokia,Finland,Mid-Range,Used,141100,5.4,Online,Mobile Money,0,1,0.739,0.319,0.9,0.997,0.6,0.8,0.625,0.7,1
CUST_02191,37,Female,Arusha,Muslim,Others,Secondary,"200,000-500,000",Tigo Pesa,3,0.38,0.86,0.65,0.5,Nokia,Finland,Mid-Range,Used,456681,7.0,Mobile,Mobile Money,0,1,0.018,0.455,0.9,0.934,0.6,1.0,0.471,0.73,1
CUST_04695,25,Female,Dar es Salaam,Muslim,Chagga,Secondary,"<200,000",M-Pesa,1,0.11,0.7,0.75,0.0,Nokia,Finland,Mid-Range,New,456445,6.4,Physical Store,Mobile Money,0,12,0.201,0.48,0.9,0.702,1.0,1.0,0.556,0.69,1
CUST_01290,48,Female,Morogoro,Muslim,Others,Secondary,"200,000-500,000",Airtel Money,2,0.52,0.91,0.55,0.5,Samsung,South Korea,Premium,New,1360095,8.6,Physical Store,Cash,1,2,0.0,0.473,0.9,0.936,1.0,1.0,0.555,0.64,1
CUST_03619,38,Female,Mwanza,Christian,Makonde,No formal,"1,000,001-2,000,000",Tigo Pesa,5,0.29,0.2,0.34,0.3,Vivo,China,Mid-Range,New,589771,7.6,Physical Store,Cash,0,2,0.705,0.258,1.0,0.648,1.0,1.0,0.552,0.74,1
CUST_02646,16,Male,Mwanza,Muslim,Sukuma,Secondary,"200,000-500,000",Tigo Pesa,5,0.3,0.93,0.78,0.5,Samsung,South Korea,Premium,New,1854663,9.9,Physical Store,Mobile Money,0,1,0.0,0.772,0.9,0.848,1.0,1.0,0.59,0.62,1
CUST_04084,45,Female,Mwanza,Muslim,Others,No formal,"500,001-1,000,000",Tigo Pesa,2,0.36,0.44,0.45,0.3,Huawei,China,Premium,New,869861,9.3,Physical Store,Mobile Money,0,1,0.681,0.419,0.9,0.785,1.0,1.0,0.723,0.78,1
CUST_04060,15,Male,Zanzibar,Muslim,Others,Diploma,"200,000-500,000",Airtel Money,3,0.13,0.75,0.34,0.5,Huawei,China,Premium,New,1401291,9.8,Physical Store,Mobile Money,0,2,0.124,0.333,0.9,0.557,1.0,1.0,0.533,0.71,1
CUST_03808,21,Male,Mbeya,Muslim,Others,Primary,"500,001-1,000,000",M-Pesa,2,0.41,0.5,0.41,0.5,Nokia,Finland,Mid-Range,New,357493,7.8,Physical Store,Mobile Money,1,10,0.553,0.32,0.9,0.777,1.0,1.0,0.512,0.8,1
CUST_04568,32,Female,Mbeya,Muslim,Chagga,Bachelor,"200,000-500,000",None,3,0.5,0.79,0.66,0.5,Apple,USA,Premium,New,2060150,9.6,Online,Cash,1,1,0.0,0.634,0.9,0.941,1.0,1.0,0.751,0.56,1
CUST_02993,28,Female,Dar es Salaam,Christian,Sukuma,Diploma,"200,000-500,000",M-Pesa,3,0.15,0.73,0.47,0.7,Samsung,South Korea,Premium,New,2340756,9.5,Physical Store,Mobile Money,0,1,0.0,0.446,1.0,0.754,1.0,1.0,0.456,0.5,1
CUST_02123,15,Female,Dar es Salaam,Muslim,Others,Primary,"<200,000",Tigo Pesa,5,0.38,0.81,0.81,0.3,Tecno,China,Mid-Range,New,522787,6.5,Physical Store,Cash,0,2,0.0,0.527,0.9,0.547,1.0,1.0,0.441,0.69,1
CUST_02983,15,Female,Arusha,Muslim,Sukuma,Primary,">2,000,000",Halopesa,3,0.13,0.27,0.33,0.3,Samsung,South Korea,Premium,New,907586,8.3,Mobile,Mobile Money,0,2,0.796,0.274,0.9,0.754,1.0,1.0,0.653,0.72,1
CUST_02927,44,Female,Morogoro,Christian,Haya,Primary,"1,000,001-2,000,000",Halopesa,3,0.34,0.38,0.3,0.5,Infinix,China,Mid-Range,New,299518,6.6,Mobile,Cash,0,2,0.715,0.198,1.0,0.786,1.0,1.0,0.672,0.74,1
CUST_04303,33,Female,Mwanza,Muslim,Others,Diploma,"500,001-1,000,000",M-Pesa,3,0.36,0.5,0.58,0.3,Samsung,South Korea,Premium,New,2474254,9.0,Physical Store,Mobile Money,0,2,0.0,0.522,0.9,0.81,1.0,1.0,0.426,0.45,1
CUST_04784,16,Male,Dar es Salaam,Christian,Others,Secondary,">2,000,000",Airtel Money,3,0.17,0.39,0.3,0.0,Nokia,Finland,Mid-Range,New,394699,7.5,Physical Store,Mobile Money,1,2,0.615,0.225,1.0,0.911,1.0,1.0,0.615,0.77,0
CUST_01935,16,Male,Zanzibar,Muslim,Others,Secondary,"<200,000",Tigo Pesa,3,0.49,0.91,0.56,0.0,Itel,China,Budget,Used,180206,6.0,Physical Store,Mobile Money,0,2,0.0,0.336,0.9,0.746,0.6,1.0,0.646,0.72,1
CUST_01691,56,Female,Dodoma,Christian,Others,Secondary,"200,000-500,000",M-Pesa,2,0.37,0.96,0.65,0.5,Huawei,China,Premium,New,922690,8.9,Online,Mobile Money,0,12,0.262,0.578,1.0,0.87,1.0,1.0,0.674,0.75,0
CUST_04191,38,Female,Dar es Salaam,Other,Haya,Bachelor,"<200,000",Halopesa,5,0.28,0.93,0.37,0.7,Apple,USA,Premium,New,1903005,8.1,Physical Store,Cash,0,2,0.0,0.3,1.0,0.745,1.0,1.0,0.489,0.51,1
CUST_03726,15,Male,Tanga,Christian,Sukuma,Secondary,"200,000-500,000",M-Pesa,2,0.31,0.98,0.56,0.0,Infinix,China,Mid-Range,Used,191738,5.9,Physical Store,Cash,0,2,0.53,0.33,1.0,0.76,0.6,1.0,0.66,0.72,1
CUST_00280,30,Female,Dar es Salaam,Other,Nyamwezi,Primary,"200,000-500,000",Airtel Money,2,0.27,0.78,0.75,0.5,Samsung,South Korea,Premium,New,1158309,9.8,Physical Store,Cash,0,2,0.247,0.735,1.0,0.881,1.0,1.0,0.732,0.76,0
CUST_02767,21,Male,Zanzibar,Christian,Others,Bachelor,"500,001-1,000,000",Tigo Pesa,4,0.36,0.5,0.34,0.3,Nokia,Finland,Mid-Range,New,380963,6.4,Physical Store,Cash,1,2,0.524,0.218,1.0,0.845,1.0,1.0,0.493,0.71,1
CUST_00002,22,Male,Arusha,Muslim,Sukuma,Primary,"200,000-500,000",Airtel Money,2,0.58,0.75,0.34,0.7,Apple,USA,Premium,New,1643761,9.5,Physical Store,Cash,1,12,0.0,0.323,0.9,0.68,1.0,1.0,0.576,0.64,1
CUST_02304,28,Female,Zanzibar,Muslim,Gogo,No formal,"200,000-500,000",Tigo Pesa,3,0.1,0.84,0.5,0.3,Samsung,South Korea,Premium,New,1836558,8.6,Physical Store,Cash,1,2,0.0,0.43,0.9,1.073,1.0,1.0,0.459,0.55,1
CUST_04083,37,Female,Tanga,Muslim,Sukuma,Primary,"200,000-500,000",M-Pesa,2,0.47,0.96,0.9,0.3,Itel,China,Budget,Used,52058,4.9,Physical Store,Mobile Money,1,1,0.667,0.441,0.9,0.512,0.6,1.0,0.621,0.68,1
CUST_00895,17,Female,Dar es Salaam,Muslim,Sukuma,Primary,"<200,000",Tigo Pesa,3,0.71,0.87,0.7,0.0,Xiaomi,China,Mid-Range,Used,295579,6.3,Physical Store,Card,0,12,0.357,0.441,0.9,0.927,0.6,1.0,0.725,0.72,1
CUST_04726,34,Male,Mwanza,Muslim,Makonde,Primary,"200,000-500,000",M-Pesa,4,0.19,0.98,0.53,0.0,Samsung,South Korea,Premium,New,2003279,9.2,Online,Mobile Money,0,2,0.0,0.488,0.9,1.043,1.0,1.0,0.517,0.55,1
CUST_04144,24,Male,Arusha,Christian,Gogo,Secondary,"<200,000",Tigo Pesa,3,0.23,0.92,0.51,0.0,Huawei,China,Premium,New,1453022,9.3,Physical Store,Cash,1,2,0.0,0.474,1.0,0.992,1.0,1.0,0.454,0.67,0
CUST_03527,21,Female,Mbeya,Christian,Haya,Bachelor,"200,000-500,000",Tigo Pesa,3,0.12,0.73,0.46,0.7,Samsung,South Korea,Premium,New,2487540,9.9,Online,Cash,0,2,0.0,0.455,1.0,1.1,1.0,1.0,0.695,0.5,1
CUST_02477,20,Female,Dar es Salaam,Christian,Others,Primary,"<200,000",Airtel Money,3,0.52,0.98,0.31,0.5,Apple,USA,Premium,New,2487332,8.0,Physical Store,Mobile Money,0,2,0.0,0.248,1.0,1.123,1.0,1.0,0.555,0.38,1
CUST_00876,19,Male,Mwanza,Christian,Others,Secondary,"1,000,001-2,000,000",Halopesa,5,0.59,0.4,0.62,0.0,Itel,China,Budget,New,203209,4.3,Online,Cash,1,12,0.458,0.267,1.0,0.567,1.0,1.0,0.614,0.62,1
CUST_03419,16,Male,Dar es Salaam,Christian,Others,Master+,"500,001-1,000,000",Tigo Pesa,4,0.15,0.63,0.73,0.5,Oppo,China,Mid-Range,New,579330,6.5,Mobile,Mobile Money,0,11,0.088,0.474,1.0,0.864,1.0,1.0,0.767,0.67,1
CUST_03945,26,Male,Dar es Salaam,Christian,Others,Bachelor,"1,000,001-2,000,000",Airtel Money,1,0.11,0.16,0.58,1.0,Apple,USA,Premium,New,1199518,9.7,Physical Store,Card,1,2,0.84,0.563,1.0,0.803,1.0,0.8,0.881,0.74,0
CUST_03406,38,Female,Dar es Salaam,Christian,Nyamwezi,Diploma,">2,000,000",Airtel Money,5,0.57,0.42,0.6,0.3,Huawei,China,Premium,New,2342569,8.7,Online,Card,1,2,0.18,0.522,1.0,0.665,1.0,1.0,0.665,0.45,1
CUST_02697,31,Female,Dodoma,Muslim,Chagga,Bachelor,"500,001-1,000,000",Halopesa,4,0.33,0.63,0.78,0.5,Huawei,China,Premium,Used,858104,8.1,Physical Store,Cash,0,1,0.549,0.632,0.9,0.63,0.6,1.0,0.796,0.71,1
CUST_03863,47,Male,Tanga,Christian,Others,Master+,"500,001-1,000,000",None,4,0.28,0.57,0.47,0.5,Samsung,South Korea,Premium,New,1079375,8.1,Online,Mobile Money,0,1,0.487,0.381,1.0,1.065,1.0,1.0,0.468,0.67,1
CUST_01440,37,Male,Zanzibar,Muslim,Others,Secondary,"<200,000",M-Pesa,3,0.18,0.83,0.47,0.3,Xiaomi,China,Mid-Range,New,291224,6.9,Physical Store,Card,0,1,0.396,0.324,0.9,0.9,1.0,1.0,0.473,0.76,1
CUST_03626,30,Female,Mbeya,Muslim,Others,Secondary,"1,000,001-2,000,000",Tigo Pesa,4,0.38,0.31,0.7,0.5,Tecno,China,Mid-Range,New,504413,7.6,Physical Store,Card,1,2,0.609,0.532,0.9,0.959,1.0,1.0,0.787,0.76,1
CUST_01490,40,Female,Dar es Salaam,Christian,Others,Secondary,"1,000,001-2,000,000",Airtel Money,2,0.38,0.26,0.37,0.5,Tecno,China,Mid-Range,New,519137,6.7,Physical Store,Card,0,2,0.663,0.248,1.0,0.983,1.0,1.0,0.801,0.7,1
CUST_02480,28,Male,Arusha,Muslim,Makonde,Primary,"<200,000",Halopesa,5,0.08,0.78,0.32,0.7,Infinix,China,Mid-Range,New,567735,7.6,Physical Store,Cash,0,2,0.0,0.243,0.9,0.998,1.0,1.0,0.514,0.74,1
CUST_00659,36,Female,Arusha,Christian,Others,Primary,"1,000,001-2,000,000",Tigo Pesa,3,0.31,0.23,0.58,0.3,Apple,USA,Premium,New,2128799,9.6,Physical Store,Mobile Money,0,12,0.592,0.557,1.0,0.736,1.0,1.0,0.543,0.55,0
CUST_01435,24,Male,Morogoro,Muslim,Others,Diploma,"200,000-500,000",M-Pesa,4,0.08,0.82,0.4,0.0,Xiaomi,China,Mid-Range,New,383933,7.3,Physical Store,Mobile Money,1,1,0.213,0.292,0.9,0.701,1.0,1.0,0.393,0.76,1
CUST_04972,18,Male,Zanzibar,Muslim,Nyamwezi,Secondary,"<200,000",M-Pesa,5,0.26,0.87,0.73,0.5,Huawei,China,Premium,New,1942503,8.1,Mobile,Mobile Money,0,2,0.0,0.591,0.9,0.552,1.0,1.0,0.506,0.5,1
CUST_01466,15,Male,Mwanza,Christian,Others,No formal,"500,001-1,000,000",Airtel Money,4,0.34,0.63,0.48,0.3,Samsung,South Korea,Premium,New,1621404,9.2,Online,Cash,0,12,0.149,0.442,1.0,0.634,1.0,1.0,0.588,0.63,1
CUST_04098,15,Male,Arusha,Muslim,Nyamwezi,Diploma,"200,000-500,000",M-Pesa,2,0.4,0.87,0.63,0.7,Apple,USA,Premium,New,2186701,9.6,Online,Cash,1,2,0.0,0.605,0.9,0.802,1.0,1.0,0.631,0.54,1
CUST_00034,36,Female,Mbeya,Christian,Gogo,Primary,"200,000-500,000",Airtel Money,3,0.38,0.98,0.6,0.3,Nokia,Finland,Mid-Range,New,359855,7.2,Physical Store,Cash,0,1,0.118,0.432,1.0,0.991,1.0,1.0,0.677,0.76,1
CUST_01124,36,Male,Dar es Salaam,Muslim,Nyamwezi,Primary,"<200,000",M-Pesa,3,0.42,0.89,0.73,0.3,Vivo,China,Mid-Range,Used,455725,6.8,Online,Mobile Money,0,11,0.0,0.496,0.9,0.579,0.6,1.0,0.368,0.72,1
CUST_00962,16,Male,Mwanza,Christian,Others,Secondary,">2,000,000",Airtel Money,5,0.14,0.48,0.39,0.7,Infinix,China,Mid-Range,New,358588,7.0,Physical Store,Card,1,2,0.57,0.273,1.0,0.97,1.0,1.0,0.627,0.75,1
CUST_03742,28,Male,Dodoma,Christian,Chagga,Secondary,"200,000-500,000",M-Pesa,2,0.48,0.82,0.87,1.0,Infinix,China,Mid-Range,Used,181268,5.2,Online,Mobile Money,0,2,0.628,0.452,1.0,0.946,0.6,0.8,0.544,0.68,0
CUST_03612,15,Female,Tanga,Christian,Gogo,Secondary,"200,000-500,000",None,4,0.35,0.8,0.32,0.0,Samsung,South Korea,Premium,Used,752771,8.3,Physical Store,Mobile Money,0,2,0.498,0.266,1.0,0.775,0.6,1.0,0.503,0.75,1
CUST_00658,29,Female,Tanga,Muslim,Sukuma,Primary,"1,000,001-2,000,000",M-Pesa,1,0.12,0.15,0.79,1.0,Infinix,China,Mid-Range,New,382805,7.8,Physical Store,Cash,1,1,0.856,0.616,0.9,0.967,1.0,0.8,0.721,0.79,1
CUST_00224,30,Male,Mwanza,Muslim,Sukuma,Secondary,"200,000-500,000",Tigo Pesa,3,0.5,0.8,0.74,0.5,Infinix,China,Mid-Range,New,489778,6.3,Physical Store,Cash,0,2,0.02,0.466,0.9,0.51,1.0,1.0,0.383,0.68,1
CUST_01604,16,Male,Dodoma,Christian,Others,Secondary,"<200,000",Tigo Pesa,3,0.41,0.72,0.44,0.5,Tecno,China,Mid-Range,New,327508,7.7,Online,Card,0,2,0.41,0.339,1.0,0.528,1.0,1.0,0.634,0.8,1
CUST_03322,33,Female,Morogoro,Muslim,Haya,Diploma,"200,000-500,000",Tigo Pesa,4,0.24,0.96,0.82,0.5,Tecno,China,Mid-Range,New,434723,7.5,Physical Store,Mobile Money,0,1,0.0,0.615,0.9,0.951,1.0,1.0,0.341,0.76,1
CUST_04729,15,Male,Zanzibar,Other,Sukuma,No formal,"1,000,001-2,000,000",Tigo Pesa,5,0.09,0.41,0.61,0.5,Samsung,South Korea,Premium,New,1855484,9.1,Physical Store,Cash,0,2,0.366,0.555,1.0,1.025,1.0,1.0,0.642,0.57,1
CUST_03112,26,Male,Morogoro,Muslim,Others,No formal,"200,000-500,000",Tigo Pesa,2,0.33,0.93,0.58,0.3,Huawei,China,Premium,New,1603845,9.4,Physical Store,Card,0,2,0.0,0.545,0.9,0.649,1.0,1.0,0.555,0.64,1
CUST_02578,20,Female,Dar es Salaam,Christian,Chagga,Secondary,"500,001-1,000,000",Tigo Pesa,5,0.16,0.79,0.53,0.3,Samsung,South Korea,Premium,New,1365947,9.3,Physical Store,Cash,0,2,0.101,0.493,1.0,1.093,1.0,1.0,0.664,0.68,1
CUST_00337,34,Male,Dodoma,Muslim,Sukuma,Secondary,"200,000-500,000",None,1,0.28,0.77,0.6,0.7,Infinix,China,Mid-Range,New,349797,7.0,Physical Store,Mobile Money,0,2,0.327,0.42,0.9,0.611,1.0,1.0,0.46,0.75,1
CUST_04116,15,Male,Zanzibar,Muslim,Others,Diploma,"500,001-1,000,000",M-Pesa,4,0.6,0.44,0.8,0.7,Apple,USA,Premium,New,1099957,9.1,Physical Store,Mobile Money,0,2,0.597,0.728,0.9,0.8,1.0,1.0,0.659,0.73,1
CUST_04399,24,Female,Mbeya,Christian,Sukuma,Primary,"500,001-1,000,000",Airtel Money,3,0.04,0.46,0.69,0.3,Oppo,China,Mid-Range,New,580522,6.3,Physical Store,Cash,0,2,0.332,0.435,1.0,0.908,1.0,1.0,0.543,0.66,1
CUST_04747,32,Female,Dar es Salaam,Christian,Others,Diploma,"200,000-500,000",Tigo Pesa,4,0.68,0.81,0.79,0.3,Tecno,China,Mid-Range,New,264837,7.7,Mobile,Cash,0,1,0.464,0.608,1.0,0.759,1.0,1.0,0.866,0.81,1
CUST_04786,32,Male,Dar es Salaam,Muslim,Sukuma,Primary,"200,000-500,000",None,3,0.11,0.98,0.63,0.5,Infinix,China,Mid-Range,New,328219,6.5,Physical Store,Cash,0,12,0.196,0.41,0.9,0.802,1.0,1.0,0.452,0.72,0
CUST_01961,16,Male,Arusha,Christian,Makonde,Primary,"<200,000",M-Pesa,4,0.09,0.94,0.71,1.0,Xiaomi,China,Mid-Range,Used,469667,6.1,Physical Store,Cash,0,1,0.0,0.433,1.0,0.645,0.6,0.8,0.593,0.67,1
CUST_01180,19,Female,Morogoro,Christian,Others,Diploma,"<200,000",Airtel Money,4,0.35,0.83,0.62,0.3,Tecno,China,Mid-Range,New,320731,7.6,Physical Store,Card,0,2,0.334,0.471,1.0,0.801,1.0,1.0,0.478,0.79,1
CUST_00906,15,Female,Dar es Salaam,Muslim,Nyamwezi,Primary,"200,000-500,000",Tigo Pesa,4,0.29,0.91,0.83,0.5,Samsung,South Korea,Premium,New,1842567,8.7,Online,Mobile Money,0,2,0.0,0.722,0.9,0.843,1.0,1.0,0.56,0.55,1
CUST_00564,28,Male,Dodoma,Christian,Others,Secondary,"500,001-1,000,000",Halopesa,2,0.44,0.44,0.47,0.5,Huawei,China,Premium,New,1526684,8.9,Online,Cash,1,2,0.44,0.418,1.0,0.692,1.0,1.0,0.526,0.63,1
CUST_03932,21,Female,Mwanza,Other,Sukuma,No formal,"<200,000",M-Pesa,4,0.28,0.89,0.68,0.5,Itel,China,Budget,New,104112,5.6,Physical Store,Cash,0,2,0.382,0.381,1.0,0.548,1.0,1.0,0.556,0.72,0
CUST_04354,26,Male,Tanga,Christian,Others,Secondary,"<200,000",M-Pesa,5,0.21,0.8,0.38,0.5,Vivo,China,Mid-Range,New,553675,7.1,Online,Card,0,1,0.0,0.27,1.0,0.925,1.0,1.0,0.547,0.72,1
CUST_04710,25,Female,Tanga,Other,Sukuma,Master+,"200,000-500,000",M-Pesa,4,0.22,0.77,0.55,0.3,Huawei,China,Premium,New,2018476,9.9,Online,Mobile Money,1,2,0.0,0.544,1.0,0.608,1.0,1.0,0.598,0.59,0
CUST_00570,27,Female,Mwanza,Christian,Others,Primary,"<200,000",M-Pesa,1,0.29,0.72,0.43,0.3,Huawei,China,Premium,New,2316684,8.2,Physical Store,Cash,0,1,0.0,0.353,1.0,0.802,1.0,1.0,0.608,0.43,1
CUST_03578,34,Male,Zanzibar,Christian,Others,Primary,"500,001-1,000,000",M-Pesa,4,0.34,0.61,0.82,0.3,Xiaomi,China,Mid-Range,Used,337023,5.1,Physical Store,Mobile Money,1,2,0.486,0.418,1.0,0.571,0.6,1.0,0.534,0.64,1
CUST_04765,15,Female,Dar es Salaam,Christian,Others,Primary,"200,000-500,000",Airtel Money,3,0.16,0.74,0.51,0.3,Vivo,China,Mid-Range,Used,207265,6.2,Mobile,Cash,0,2,0.617,0.316,1.0,0.653,0.6,1.0,0.526,0.73,1
CUST_04921,15,Female,Dar es Salaam,Christian,Others,No formal,"1,000,001-2,000,000",Tigo Pesa,4,0.1,0.4,0.79,0.5,Infinix,China,Mid-Range,Used,222120,6.2,Online,Mobile Money,0,2,0.778,0.49,1.0,0.985,0.6,1.0,0.732,0.73,1
CUST_00183,19,Female,Morogoro,Christian,Others,Secondary,"200,000-500,000",M-Pesa,3,0.21,0.9,0.54,0.0,Apple,USA,Premium,New,1316266,9.5,Mobile,Mobile Money,1,2,0.013,0.513,1.0,0.667,1.0,1.0,0.692,0.71,1
CUST_01941,15,Female,Mwanza,Christian,Others,Primary,"1,000,001-2,000,000",M-Pesa,4,0.17,0.47,0.67,0.7,Nokia,Finland,Mid-Range,New,313296,6.4,Online,Mobile Money,1,2,0.632,0.429,1.0,0.674,1.0,1.0,0.417,0.72,1
CUST_00186,44,Male,Dar es Salaam,Christian,Others,Bachelor,"500,001-1,000,000",Airtel Money,4,0.6,0.7,0.74,0.5,Apple,USA,Premium,New,1964331,9.7,Physical Store,Cash,0,1,0.0,0.718,1.0,1.053,1.0,1.0,0.691,0.59,1
CUST_04904,25,Female,Zanzibar,Christian,Chagga,Primary,"500,001-1,000,000",Tigo Pesa,4,0.38,0.58,0.46,0.7,Xiaomi,China,Mid-Range,New,499579,7.3,Physical Store,Mobile Money,0,2,0.276,0.336,1.0,0.874,1.0,1.0,0.536,0.74,1
CUST_04779,47,Male,Arusha,Other,Others,No formal,"200,000-500,000",Tigo Pesa,5,0.15,0.72,0.67,0.7,Oppo,China,Mid-Range,New,261828,6.1,Mobile,Cash,1,1,0.529,0.409,1.0,0.565,1.0,1.0,0.661,0.71,1
CUST_03456,17,Male,Dar es Salaam,Christian,Others,Secondary,"200,000-500,000",Airtel Money,4,0.29,0.77,0.52,0.7,Apple,USA,Premium,New,2161240,8.3,Mobile,Mobile Money,0,12,0.0,0.432,1.0,0.913,1.0,1.0,0.499,0.47,0
CUST_00493,45,Female,Morogoro,Muslim,Haya,Diploma,"200,000-500,000",M-Pesa,1,0.34,0.76,0.76,0.7,Huawei,China,Premium,New,674773,9.1,Physical Store,Cash,0,2,0.573,0.692,0.9,0.77,1.0,1.0,0.767,0.81,1
CUST_01148,33,Male,Dodoma,Christian,Chagga,Bachelor,"200,000-500,000",Halopesa,5,0.83,0.97,0.77,0.0,Infinix,China,Mid-Range,New,441380,7.3,Mobile,Mobile Money,0,2,0.0,0.562,1.0,0.652,1.0,1.0,0.551,0.75,1
CUST_01630,15,Female,Arusha,Muslim,Sukuma,No formal,"200,000-500,000",Tigo Pesa,5,0.29,0.88,0.68,0.3,Nokia,Finland,Mid-Range,New,323059,6.4,Mobile,Mobile Money,1,2,0.289,0.435,0.9,0.818,1.0,1.0,0.622,0.72,1
CUST_03596,31,Female,Arusha,Muslim,Others,Secondary,"200,000-500,000",M-Pesa,2,0.48,0.76,0.41,0.3,Tecno,China,Mid-Range,Used,430811,6.9,Physical Store,Cash,0,2,0.181,0.283,0.9,0.762,0.6,1.0,0.34,0.73,1
CUST_02199,24,Female,Tanga,Muslim,Nyamwezi,Secondary,"500,001-1,000,000",Tigo Pesa,3,0.13,0.53,0.43,0.7,Nokia,Finland,Mid-Range,New,596208,6.2,Mobile,Cash,0,1,0.21,0.267,0.9,0.548,1.0,1.0,0.462,0.65,1
CUST_03538,23,Female,Arusha,Christian,Others,Secondary,"500,001-1,000,000",Tigo Pesa,3,0.16,0.5,0.68,0.3,Vivo,China,Mid-Range,New,439738,6.9,Physical Store,Cash,0,2,0.45,0.469,1.0,0.731,1.0,1.0,0.58,0.73,1
CUST_01561,21,Male,Mbeya,Muslim,Gogo,Primary,"1,000,001-2,000,000",Halopesa,1,0.35,0.48,0.4,0.0,Apple,USA,Premium,New,2216433,9.5,Physical Store,Cash,1,1,0.113,0.38,0.9,0.801,1.0,1.0,0.602,0.53,1
CUST_03984,33,Female,Arusha,Christian,Nyamwezi,Primary,"500,001-1,000,000",Airtel Money,4,0.28,0.41,0.42,0.3,Xiaomi,China,Mid-Range,New,562863,7.1,Physical Store,Cash,0,1,0.423,0.298,1.0,0.94,1.0,1.0,0.6,0.71,1
CUST_00212,30,Male,Zanzibar,Christian,Makonde,Secondary,"200,000-500,000",Airtel Money,1,0.31,0.9,0.77,0.7,Samsung,South Korea,Premium,New,2261663,9.1,Mobile,Cash,0,2,0.0,0.701,1.0,0.732,1.0,1.0,0.564,0.49,1
CUST_04947,33,Male,Dar es Salaam,Christian,Others,No formal,"500,001-1,000,000",Tigo Pesa,4,0.1,0.47,0.48,1.0,Itel,China,Budget,Used,164903,5.3,Physical Store,Cash,0,1,0.483,0.254,1.0,0.612,0.6,0.8,0.578,0.69,1
CUST_03882,26,Female,Tanga,Muslim,Others,Secondary,"200,000-500,000",M-Pesa,3,0.82,0.9,0.78,0.5,Infinix,China,Mid-Range,New,550396,6.1,Online,Cash,1,1,0.0,0.476,0.9,0.967,1.0,1.0,0.628,0.66,1
CUST_02130,26,Female,Dar es Salaam,Christian,Sukuma,Bachelor,"<200,000",Tigo Pesa,4,0.18,0.87,0.44,0.7,Nokia,Finland,Mid-Range,New,576811,6.3,Online,Mobile Money,1,2,0.0,0.277,1.0,0.796,1.0,1.0,0.499,0.66,1
CUST_02718,40,Female,Dar es Salaam,Christian,Sukuma,Primary,"500,001-1,000,000",Airtel Money,4,0.68,0.6,0.51,0.5,Itel,China,Budget,New,228820,4.8,Physical Store,Mobile Money,1,2,0.085,0.245,1.0,0.626,1.0,1.0,0.627,0.64,1
CUST_04926,18,Male,Dar es Salaam,Other,Haya,Secondary,"<200,000",M-Pesa,2,0.56,0.84,0.41,0.3,Infinix,China,Mid-Range,New,505576,6.9,Physical Store,Cash,0,2,0.0,0.283,1.0,0.716,1.0,1.0,0.383,0.71,1
CUST_01636,22,Male,Mwanza,Muslim,Chagga,No formal,"200,000-500,000",Airtel Money,4,0.15,0.83,0.73,0.0,Nokia,Finland,Mid-Range,New,547643,7.8,Physical Store,Cash,0,1,0.0,0.569,0.9,0.763,1.0,1.0,0.5,0.76,0
CUST_01850,23,Male,Morogoro,Muslim,Others,Primary,"200,000-500,000",Tigo Pesa,2,0.54,0.78,0.5,0.0,Tecno,China,Mid-Range,New,599474,8.0,Online,Cash,0,2,0.0,0.4,0.9,0.761,1.0,1.0,0.618,0.76,0
CUST_02683,18,Female,Dar es Salaam,Christian,Others,Diploma,"500,001-1,000,000",M-Pesa,4,0.06,0.43,0.62,0.0,Tecno,China,Mid-Range,Used,385441,6.4,Physical Store,Mobile Money,0,2,0.586,0.397,1.0,0.585,0.6,1.0,0.574,0.71,1
CUST_00134,35,Male,Tanga,Christian,Sukuma,Secondary,">2,000,000",Halopesa,3,0.15,0.14,0.85,0.5,Infinix,China,Mid-Range,New,263870,7.5,Physical Store,Mobile Money,1,12,0.908,0.638,1.0,0.92,1.0,1.0,0.978,0.8,1
CUST_01489,21,Male,Zanzibar,Christian,Sukuma,Bachelor,"200,000-500,000",Halopesa,2,0.32,0.76,0.43,0.7,Xiaomi,China,Mid-Range,New,596751,7.7,Physical Store,Mobile Money,0,12,0.0,0.331,1.0,0.862,1.0,1.0,0.381,0.74,1
CUST_00272,16,Female,Dar es Salaam,Muslim,Others,Diploma,"200,000-500,000",Tigo Pesa,2,0.32,0.93,0.76,0.5,Apple,USA,Premium,New,2415456,9.3,Physical Store,Mobile Money,0,2,0.0,0.707,0.9,0.901,1.0,1.0,0.456,0.47,1
CUST_02835,38,Male,Mwanza,Other,Others,Primary,"1,000,001-2,000,000",None,4,0.38,0.47,0.43,0.5,Infinix,China,Mid-Range,New,396026,6.8,Physical Store,Mobile Money,0,2,0.535,0.292,1.0,0.975,1.0,1.0,0.497,0.73,1
CUST_04748,36,Female,Mbeya,Christian,Others,Primary,"500,001-1,000,000",Tigo Pesa,4,0.51,0.56,0.33,0.5,Apple,USA,Premium,New,1353759,9.1,Online,Cash,0,1,0.368,0.3,1.0,0.951,1.0,1.0,0.804,0.68,1
CUST_01849,28,Male,Morogoro,Christian,Sukuma,No formal,"500,001-1,000,000",Airtel Money,4,0.3,0.75,0.69,0.3,Nokia,Finland,Mid-Range,New,569938,7.1,Online,Cash,0,1,0.0,0.49,1.0,0.574,1.0,1.0,0.455,0.71,1
CUST_04884,33,Male,Dodoma,Muslim,Chagga,Bachelor,"500,001-1,000,000",M-Pesa,3,0.39,0.57,0.77,0.3,Infinix,China,Mid-Range,New,556509,6.7,Online,Cash,0,2,0.207,0.516,0.9,0.687,1.0,1.0,0.805,0.69,1
CUST_03478,28,Female,Tanga,Christian,Others,Primary,"<200,000",Airtel Money,5,0.3,0.71,0.77,0.5,Nokia,Finland,Mid-Range,Used,131516,6.9,Physical Store,Mobile Money,0,1,0.767,0.531,1.0,0.807,0.6,1.0,0.728,0.79,1
CUST_02028,41,Male,Morogoro,Christian,Others,No formal,"200,000-500,000",Tigo Pesa,4,0.4,0.92,0.46,0.0,Nokia,Finland,Mid-Range,New,356052,6.7,Physical Store,Mobile Money,0,2,0.181,0.308,1.0,0.935,1.0,1.0,0.568,0.73,1
CUST_01094,23,Female,Tanga,Christian,Nyamwezi,No formal,"500,001-1,000,000",Tigo Pesa,2,0.53,0.55,0.45,0.5,Huawei,China,Premium,New,1868046,8.6,Mobile,Cash,1,2,0.144,0.387,1.0,0.741,1.0,1.0,0.623,0.54,1
CUST_04003,24,Female,Tanga,Muslim,Nyamwezi,Diploma,"<200,000",Airtel Money,3,0.48,0.83,0.66,0.0,Infinix,China,Mid-Range,New,350008,7.0,Online,Mobile Money,0,2,0.274,0.462,0.9,0.775,1.0,1.0,0.503,0.75,1
CUST_03262,24,Female,Zanzibar,Christian,Others,Diploma,"500,001-1,000,000",Tigo Pesa,4,0.5,0.52,0.83,0.5,Tecno,China,Mid-Range,New,510575,6.7,Physical Store,Mobile Money,0,1,0.336,0.556,1.0,0.552,1.0,1.0,0.643,0.7,1
CUST_01996,15,Male,Dodoma,Christian,Others,Bachelor,"200,000-500,000",Tigo Pesa,4,0.18,0.8,0.69,0.7,Samsung,South Korea,Premium,New,2424804,8.2,Physical Store,Mobile Money,0,2,0.0,0.566,1.0,0.987,1.0,1.0,0.658,0.41,1
CUST_02856,28,Male,Tanga,Christian,Others,Secondary,"200,000-500,000",Airtel Money,4,0.03,0.89,0.52,0.5,Itel,China,Budget,New,149978,5.9,Physical Store,Cash,0,2,0.11,0.307,1.0,0.733,1.0,1.0,0.396,0.72,1
CUST_02559,32,Male,Arusha,Muslim,Others,Primary,"500,001-1,000,000",Airtel Money,3,0.09,0.74,0.7,1.0,Apple,USA,Premium,New,1496902,8.5,Online,Mobile Money,0,2,0.077,0.595,0.9,0.976,1.0,0.8,0.648,0.61,1
CUST_02442,29,Male,Dodoma,Christian,Gogo,Diploma,"200,000-500,000",Tigo Pesa,3,0.41,0.78,0.9,0.3,Xiaomi,China,Mid-Range,New,284015,6.5,Physical Store,Cash,0,2,0.446,0.585,1.0,0.918,1.0,1.0,0.639,0.73,1
CUST_03558,15,Male,Dodoma,Christian,Haya,Secondary,"<200,000",Tigo Pesa,2,0.7,0.85,0.88,0.5,Apple,USA,Premium,New,611718,8.6,Physical Store,Cash,0,2,0.567,0.757,1.0,0.92,1.0,1.0,0.73,0.79,1
CUST_02563,23,Female,Dar es Salaam,Christian,Others,Secondary,"500,001-1,000,000",Halopesa,5,0.38,0.77,0.34,0.0,Itel,China,Budget,New,165942,5.5,Physical Store,Mobile Money,0,2,0.148,0.187,1.0,0.704,1.0,1.0,0.497,0.7,1
CUST_01409,16,Female,Mbeya,Muslim,Nyamwezi,Secondary,"<200,000",None,4,0.11,0.83,0.55,0.5,Xiaomi,China,Mid-Range,New,349724,7.2,Physical Store,Mobile Money,1,12,0.274,0.396,0.9,0.958,1.0,1.0,0.545,0.76,1
CUST_01174,15,Female,Mwanza,Christian,Others,Primary,"200,000-500,000",Halopesa,4,0.38,0.8,0.4,0.5,Nokia,Finland,Mid-Range,New,573662,6.8,Physical Store,Mobile Money,0,2,0.0,0.272,1.0,0.639,1.0,1.0,0.307,0.69,1
CUST_03352,30,Male,Mbeya,Christian,Others,Secondary,"200,000-500,000",None,2,0.53,0.88,0.72,0.0,Nokia,Finland,Mid-Range,New,274016,7.1,Physical Store,Cash,0,1,0.397,0.511,1.0,0.698,1.0,1.0,0.809,0.77,0
CUST_03749,39,Male,Mwanza,Christian,Sukuma,Diploma,"1,000,001-2,000,000",M-Pesa,3,0.28,0.13,0.34,1.0,Huawei,China,Premium,New,1285715,8.1,Physical Store,Mobile Money,0,2,0.861,0.275,1.0,0.863,1.0,0.8,0.825,0.63,1
CUST_03854,40,Male,Mbeya,Christian,Others,No formal,"<200,000",M-Pesa,2,0.15,0.92,0.44,0.3,Nokia,Finland,Mid-Range,New,444019,6.5,Physical Store,Cash,1,2,0.0,0.286,1.0,0.842,1.0,1.0,0.421,0.7,1
CUST_00425,27,Female,Mwanza,Muslim,Nyamwezi,Secondary,"1,000,001-2,000,000",Tigo Pesa,4,0.37,0.39,0.75,0.3,Tecno,China,Mid-Range,New,492364,6.9,Physical Store,Mobile Money,0,2,0.52,0.518,0.9,0.534,1.0,1.0,0.562,0.72,1
CUST_00536,22,Male,Dodoma,Christian,Chagga,Primary,"200,000-500,000",M-Pesa,5,0.06,0.89,0.5,0.3,Samsung,South Korea,Premium,New,1267292,9.3,Physical Store,Cash,1,2,0.06,0.465,1.0,0.645,1.0,1.0,0.568,0.7,1
CUST_03194,19,Male,Zanzibar,Christian,Others,Bachelor,"200,000-500,000",M-Pesa,4,0.36,0.76,0.38,0.3,Huawei,China,Premium,New,639934,8.6,Mobile,Cash,1,2,0.595,0.327,1.0,0.633,1.0,1.0,0.569,0.79,1
CUST_01045,48,Female,Mwanza,Christian,Others,Secondary,"200,000-500,000",Tigo Pesa,4,0.43,0.85,0.79,0.3,Huawei,China,Premium,New,1916890,9.5,Physical Store,Cash,0,1,0.0,0.75,1.0,0.531,1.0,1.0,0.408,0.59,1
CUST_00567,15,Female,Dar es Salaam,Christian,Others,Primary,"200,000-500,000",Tigo Pesa,5,0.17,0.73,0.89,0.7,Xiaomi,China,Mid-Range,New,451986,6.9,Physical Store,Mobile Money,0,2,0.175,0.614,1.0,0.679,1.0,1.0,0.553,0.72,1
CUST_03803,24,Male,Dodoma,Christian,Makonde,Diploma,"1,000,001-2,000,000",Tigo Pesa,1,0.48,0.21,0.56,0.5,Tecno,China,Mid-Range,New,345786,6.7,Physical Store,Card,0,2,0.818,0.375,1.0,0.978,1.0,1.0,0.672,0.73,1
CUST_01317,23,Female,Morogoro,Muslim,Nyamwezi,Primary,"1,000,001-2,000,000",Airtel Money,4,0.37,0.11,0.86,0.0,Tecno,China,Mid-Range,New,337920,6.5,Online,Cash,0,1,0.907,0.559,0.9,0.705,1.0,1.0,0.734,0.72,1
CUST_01827,20,Female,Zanzibar,Christian,Others,Primary,"200,000-500,000",Halopesa,3,0.35,0.73,0.81,0.3,Tecno,China,Mid-Range,Used,446096,7.0,Physical Store,Mobile Money,0,2,0.186,0.567,1.0,0.977,0.6,1.0,0.686,0.73,1
CUST_04187,34,Female,Zanzibar,Christian,Others,No formal,"200,000-500,000",M-Pesa,2,0.43,0.76,0.45,0.3,Samsung,South Korea,Premium,New,863359,8.8,Physical Store,Mobile Money,0,11,0.453,0.396,1.0,1.047,1.0,1.0,0.823,0.76,1
CUST_03785,15,Female,Dar es Salaam,Christian,Others,Bachelor,"<200,000",M-Pesa,2,0.13,0.81,0.46,0.0,Tecno,China,Mid-Range,New,284669,7.9,Physical Store,Mobile Money,0,1,0.424,0.363,1.0,0.841,1.0,1.0,0.682,0.82,1
CUST_00888,15,Male,Mwanza,Christian,Others,No formal,"200,000-500,000",Tigo Pesa,2,0.35,1.0,0.52,0.5,Vivo,China,Mid-Range,New,498146,6.2,Online,Cash,0,2,0.0,0.322,1.0,0.894,1.0,1.0,0.527,0.67,1
CUST_00306,29,Male,Mbeya,Christian,Others,Secondary,"500,001-1,000,000",Tigo Pesa,5,0.35,0.52,0.42,0.7,Xiaomi,China,Mid-Range,New,360938,7.5,Online,Cash,0,2,0.531,0.315,1.0,0.648,1.0,1.0,0.598,0.78,1
CUST_02958,41,Female,Zanzibar,Christian,Others,Primary,"500,001-1,000,000",M-Pesa,2,0.2,0.6,0.51,0.5,Apple,USA,Premium,New,1595837,8.7,Physical Store,Cash,0,2,0.202,0.444,1.0,1.135,1.0,1.0,0.574,0.6,1
CUST_04771,35,Female,Dar es Salaam,Muslim,Haya,Diploma,"<200,000",Airtel Money,2,0.15,0.75,0.81,0.3,Apple,USA,Premium,Used,1203109,7.5,Physical Store,Card,0,2,0.248,0.608,0.9,0.893,0.6,1.0,0.498,0.61,1
CUST_02779,31,Female,Dodoma,Muslim,Others,No formal,"500,001-1,000,000",Halopesa,1,0.03,0.66,0.85,0.5,Apple,USA,Premium,New,615055,9.6,Physical Store,Mobile Money,1,1,0.662,0.816,0.9,1.148,1.0,1.0,0.65,0.85,1
CUST_03712,41,Female,Dar es Salaam,Other,Sukuma,No formal,"1,000,001-2,000,000",None,3,0.15,0.22,0.68,0.5,Samsung,South Korea,Premium,New,880017,8.4,Physical Store,Cash,0,2,0.839,0.571,1.0,0.705,1.0,1.0,0.833,0.73,1
CUST_02507,34,Male,Mwanza,Christian,Others,Diploma,"200,000-500,000",Tigo Pesa,5,0.35,0.97,0.47,0.5,Apple,USA,Premium,New,1287273,9.0,Physical Store,Cash,1,2,0.0,0.423,1.0,0.945,1.0,1.0,0.48,0.68,0
CUST_04663,26,Female,Dar es Salaam,Christian,Others,Diploma,"200,000-500,000",Airtel Money,3,0.34,0.98,0.41,0.5,Tecno,China,Mid-Range,New,446395,6.1,Mobile,Cash,1,2,0.0,0.25,1.0,0.601,1.0,1.0,0.393,0.68,1
CUST_02923,46,Male,Zanzibar,Christian,Others,Secondary,"200,000-500,000",Halopesa,4,0.36,0.76,0.71,0.7,Samsung,South Korea,Premium,New,2049591,8.7,Online,Mobile Money,0,2,0.0,0.618,1.0,0.71,1.0,1.0,0.535,0.51,1
CUST_02541,44,Female,Arusha,Christian,Chagga,Secondary,"500,001-1,000,000",Airtel Money,2,0.1,0.63,0.9,0.3,Vivo,China,Mid-Range,New,308511,7.0,Physical Store,Mobile Money,1,2,0.514,0.63,1.0,0.517,1.0,1.0,0.709,0.76,0
CUST_04378,20,Male,Tanga,Muslim,Others,Secondary,"<200,000",None,3,0.42,0.92,0.43,0.5,Nokia,Finland,Mid-Range,New,479819,7.3,Physical Store,Cash,0,11,0.0,0.314,0.9,0.548,1.0,1.0,0.484,0.74,0
CUST_01773,29,Female,Tanga,Christian,Others,Primary,"500,001-1,000,000",Tigo Pesa,2,0.14,0.47,0.7,0.5,Huawei,China,Premium,New,2378431,9.1,Physical Store,Cash,0,1,0.068,0.637,1.0,0.958,1.0,1.0,0.502,0.47,1
CUST_00072,26,Female,Dodoma,Christian,Sukuma,Secondary,"200,000-500,000",M-Pesa,5,0.07,0.91,0.43,0.0,Samsung,South Korea,Premium,New,1702754,8.7,Physical Store,Mobile Money,0,1,0.0,0.374,1.0,0.913,1.0,1.0,0.6,0.58,1
CUST_03346,25,Male,Dar es Salaam,Muslim,Others,No formal,"1,000,001-2,000,000",Tigo Pesa,4,0.25,0.28,0.46,0.7,Nokia,Finland,Mid-Range,New,597384,6.2,Physical Store,Card,1,2,0.582,0.285,0.9,0.906,1.0,1.0,0.803,0.65,1
CUST_00675,32,Female,Mbeya,Muslim,Gogo,Primary,"<200,000",Airtel Money,3,0.45,0.84,0.75,0.3,Huawei,China,Premium,New,2281555,9.0,Online,Mobile Money,1,2,0.0,0.675,0.9,0.516,1.0,1.0,0.707,0.48,1
CUST_04350,34,Female,Mwanza,Christian,Sukuma,Primary,"<200,000",M-Pesa,5,0.81,0.89,0.37,0.7,Samsung,South Korea,Premium,New,816164,9.6,Online,Card,0,2,0.395,0.355,1.0,0.884,1.0,1.0,0.643,0.81,1
CUST_00349,15,Male,Dodoma,Christian,Others,Secondary,"500,001-1,000,000",Tigo Pesa,2,0.39,0.48,0.68,0.3,Apple,USA,Premium,New,793203,8.8,Physical Store,Mobile Money,1,2,0.683,0.598,1.0,1.169,1.0,1.0,0.923,0.77,1
CUST_00425,27,Female,Mwanza,Muslim,Nyamwezi,Secondary,"1,000,001-2,000,000",Tigo Pesa,4,0.37,0.39,0.75,0.3,Samsung,South Korea,Premium,New,665492,9.7,Physical Store,Card,0,2,0.784,0.728,0.9,1.025,1.0,1.0,0.914,0.85,1
CUST_03478,28,Female,Tanga,Christian,Others,Primary,"<200,000",Airtel Money,5,0.3,0.71,0.77,0.5,Infinix,China,Mid-Range,New,281200,6.7,Online,Mobile Money,0,12,0.501,0.516,1.0,0.927,1.0,1.0,0.605,0.75,1
CUST_00892,38,Male,Mbeya,Muslim,Gogo,Secondary,"<200,000",M-Pesa,4,0.37,0.81,0.6,0.7,Huawei,China,Premium,New,1665212,8.5,Physical Store,Cash,0,10,0.0,0.51,0.9,0.935,1.0,1.0,0.487,0.58,1
CUST_01344,31,Female,Dodoma,Other,Others,No formal,"1,000,001-2,000,000",M-Pesa,5,0.26,0.41,0.53,0.5,Infinix,China,Mid-Range,New,329316,6.5,Online,Cash,1,2,0.662,0.344,1.0,0.738,1.0,1.0,0.632,0.72,1
CUST_04337,23,Male,Dar es Salaam,Christian,Others,Primary,"<200,000",Halopesa,3,0.21,0.81,0.86,0.3,Huawei,China,Premium,New,1137903,8.7,Physical Store,Cash,0,2,0.232,0.748,1.0,0.859,1.0,1.0,0.556,0.69,1
CUST_02519,23,Male,Arusha,Christian,Sukuma,Bachelor,"500,001-1,000,000",Airtel Money,3,0.27,0.67,0.66,0.0,Samsung,South Korea,Premium,New,2436550,9.9,Online,Cash,1,12,0.0,0.653,1.0,1.082,1.0,1.0,0.674,0.51,1
CUST_00737,15,Female,Zanzibar,Muslim,Makonde,Master+,"<200,000",Halopesa,3,0.36,0.75,0.45,0.7,Samsung,South Korea,Premium,New,1968587,8.3,Mobile,Mobile Money,0,2,0.0,0.374,0.9,0.967,1.0,1.0,0.671,0.5,1
CUST_00703,22,Female,Tanga,Muslim,Others,Primary,"1,000,001-2,000,000",Halopesa,4,0.4,0.42,0.75,0.7,Oppo,China,Mid-Range,New,474424,6.1,Online,Mobile Money,1,1,0.502,0.458,0.9,0.531,1.0,1.0,0.68,0.67,1
CUST_03368,35,Female,Mwanza,Christian,Others,Secondary,"<200,000",Tigo Pesa,4,0.64,0.84,0.46,0.3,Samsung,South Korea,Premium,New,2447020,8.5,Physical Store,Mobile Money,0,1,0.0,0.391,1.0,1.154,1.0,1.0,0.613,0.42,1
CUST_00330,38,Male,Tanga,Muslim,Sukuma,No formal,"200,000-500,000",M-Pesa,2,0.37,0.91,0.37,0.5,Tecno,China,Mid-Range,New,306736,7.5,Physical Store,Cash,0,1,0.302,0.277,0.9,0.98,1.0,1.0,0.572,0.79,0
CUST_01161,44,Female,Arusha,Christian,Others,Primary,"<200,000",Tigo Pesa,4,0.14,0.91,0.66,0.0,Tecno,China,Mid-Range,New,332483,6.7,Physical Store,Cash,1,12,0.244,0.442,1.0,0.636,1.0,1.0,0.597,0.74,1
CUST_04174,23,Female,Dar es Salaam,Christian,Makonde,Secondary,"<200,000",Tigo Pesa,2,0.47,0.89,0.86,0.5,Tecno,China,Mid-Range,New,368191,6.9,Physical Store,Cash,0,2,0.181,0.593,1.0,0.568,1.0,1.0,0.589,0.74,1
CUST_04209,41,Male,Mbeya,Christian,Others,Primary,"500,001-1,000,000",Airtel Money,3,0.37,0.66,0.54,0.3,Vivo,China,Mid-Range,New,443652,7.5,Physical Store,Card,0,12,0.268,0.405,1.0,0.821,1.0,1.0,0.602,0.76,0
CUST_00679,41,Female,Dar es Salaam,Muslim,Others,Secondary,"1,000,001-2,000,000",Halopesa,4,0.41,0.29,0.8,0.7,Xiaomi,China,Mid-Range,New,271103,6.9,Physical Store,Card,0,1,0.803,0.552,0.9,0.596,1.0,1.0,0.764,0.76,1
CUST_04741,15,Male,Zanzibar,Muslim,Others,Primary,"500,001-1,000,000",Airtel Money,2,0.44,0.77,0.68,0.3,Tecno,China,Mid-Range,New,420618,6.6,Physical Store,Mobile Money,0,2,0.19,0.449,0.9,0.799,1.0,1.0,0.515,0.71,1
CUST_03309,19,Male,Dar es Salaam,Christian,Nyamwezi,Secondary,"200,000-500,000",Tigo Pesa,5,0.24,0.95,0.68,0.0,Samsung,South Korea,Premium,New,728911,8.5,Physical Store,Mobile Money,0,2,0.423,0.578,1.0,0.689,1.0,1.0,0.637,0.76,1
CUST_00647,26,Female,Dar es Salaam,Muslim,Haya,Secondary,"500,001-1,000,000",M-Pesa,2,0.1,0.43,0.43,0.0,Samsung,South Korea,Premium,New,2131041,9.4,Physical Store,Cash,0,1,0.236,0.404,0.9,0.933,1.0,1.0,0.498,0.54,1
CUST_01776,20,Male,Dar es Salaam,Christian,Others,Primary,"500,001-1,000,000",Airtel Money,4,0.26,0.42,0.35,0.0,Samsung,South Korea,Premium,New,1668817,8.7,Physical Store,Cash,0,2,0.416,0.304,1.0,1.088,1.0,1.0,0.55,0.59,1
CUST_01940,52,Male,Mwanza,Christian,Others,No formal,"<200,000",Airtel Money,3,0.3,0.8,0.8,0.3,Apple,USA,Premium,New,1775986,8.1,Physical Store,Cash,0,2,0.0,0.648,1.0,1.104,1.0,1.0,0.668,0.53,1
CUST_01505,31,Female,Mwanza,Muslim,Gogo,Diploma,"200,000-500,000",Tigo Pesa,1,0.33,0.97,0.56,0.5,Oppo,China,Mid-Range,New,478537,6.7,Online,Card,1,2,0.0,0.375,0.9,0.588,1.0,1.0,0.517,0.71,0
CUST_02796,36,Female,Morogoro,Muslim,Nyamwezi,Primary,"200,000-500,000",Tigo Pesa,3,0.37,0.79,0.49,0.5,Samsung,South Korea,Premium,Used,658236,8.8,Mobile,Cash,0,1,0.567,0.431,0.9,0.678,0.6,1.0,0.611,0.8,1
CUST_03498,43,Female,Mwanza,Christian,Chagga,No formal,">2,000,000",Tigo Pesa,3,0.12,0.26,0.74,0.7,Tecno,China,Mid-Range,New,567946,6.8,Physical Store,Cash,0,11,0.631,0.503,1.0,0.866,1.0,1.0,0.808,0.69,1
CUST_03176,24,Male,Dar es Salaam,Christian,Others,Primary,"200,000-500,000",M-Pesa,4,0.09,0.73,0.39,0.7,Infinix,China,Mid-Range,New,489246,7.9,Online,Cash,0,2,0.107,0.308,1.0,0.759,1.0,1.0,0.419,0.78,1
CUST_00429,23,Female,Morogoro,Christian,Sukuma,No formal,"1,000,001-2,000,000",M-Pesa,2,0.11,0.17,0.46,0.5,Apple,USA,Premium,New,753032,10.0,Online,Cash,0,1,0.893,0.46,1.0,1.081,1.0,1.0,0.839,0.85,1
CUST_03571,33,Female,Dar es Salaam,Christian,Others,Secondary,"500,001-1,000,000",Airtel Money,2,0.14,0.61,0.66,0.5,Samsung,South Korea,Premium,New,1125352,9.5,Physical Store,Card,0,2,0.428,0.627,1.0,0.91,1.0,1.0,0.664,0.74,1
CUST_00686,25,Male,Morogoro,Christian,Others,Secondary,"500,001-1,000,000",Airtel Money,4,0.41,0.74,0.55,0.3,Tecno,China,Mid-Range,New,368397,7.9,Physical Store,Mobile Money,1,2,0.318,0.435,1.0,0.969,1.0,1.0,0.472,0.8,1
CUST_03544,34,Female,Mwanza,Muslim,Others,Diploma,"<200,000",M-Pesa,3,0.17,0.71,0.76,0.5,Tecno,China,Mid-Range,Used,125226,5.6,Physical Store,Mobile Money,1,12,0.778,0.426,0.9,0.708,0.6,1.0,0.51,0.71,1
CUST_00198,49,Female,Dar es Salaam,Muslim,Others,Diploma,"500,001-1,000,000",Tigo Pesa,2,0.28,0.48,0.83,0.5,Apple,USA,Premium,New,2009990,9.1,Online,Cash,1,2,0.196,0.755,0.9,0.946,1.0,1.0,0.74,0.54,1
CUST_04978,26,Female,Dar es Salaam,Muslim,Nyamwezi,Diploma,">2,000,000",Tigo Pesa,4,0.15,0.49,0.79,0.5,Apple,USA,Premium,New,1803512,9.0,Mobile,Cash,0,12,0.264,0.711,0.9,0.718,1.0,1.0,0.578,0.58,1
CUST_02274,28,Male,Dar es Salaam,Christian,Others,Secondary,"200,000-500,000",Airtel Money,4,0.11,0.8,0.51,0.7,Infinix,China,Mid-Range,Used,260502,6.7,Physical Store,Cash,0,2,0.479,0.342,1.0,0.716,0.6,1.0,0.583,0.75,1
CUST_01354,22,Female,Arusha,Muslim,Others,Secondary,"<200,000",M-Pesa,3,0.12,0.95,0.38,0.3,Huawei,China,Premium,New,1929853,8.8,Online,Card,0,2,0.0,0.334,0.9,0.788,1.0,1.0,0.839,0.54,1
CUST_00342,39,Female,Dodoma,Christian,Others,Primary,"500,001-1,000,000",Tigo Pesa,3,0.52,0.47,0.82,0.5,Huawei,China,Premium,New,2219612,9.8,Online,Cash,0,2,0.131,0.804,1.0,0.909,1.0,1.0,0.369,0.54,1
CUST_02300,32,Female,Dodoma,Christian,Others,Primary,"500,001-1,000,000",Airtel Money,2,0.35,0.58,0.8,0.5,Samsung,South Korea,Premium,New,1623952,8.3,Physical Store,Cash,0,2,0.215,0.664,1.0,0.964,1.0,1.0,0.639,0.57,1
CUST_03466,51,Male,Tanga,Christian,Chagga,Primary,"200,000-500,000",M-Pesa,3,0.18,0.73,0.47,0.3,Nokia,Finland,Mid-Range,New,447451,7.2,Physical Store,Mobile Money,0,2,0.183,0.338,1.0,0.786,1.0,1.0,0.49,0.74,1
CUST_04600,35,Female,Arusha,Christian,Others,Primary,"200,000-500,000",None,2,0.66,0.99,0.64,0.5,Vivo,China,Mid-Range,New,507725,6.2,Physical Store,Mobile Money,0,2,0.0,0.397,1.0,0.608,1.0,1.0,0.524,0.67,1
CUST_01349,25,Female,Arusha,Muslim,Others,Primary,"500,001-1,000,000",Airtel Money,3,0.26,0.5,0.68,1.0,Apple,USA,Premium,New,1268243,9.5,Physical Store,Cash,0,2,0.472,0.646,0.9,1.175,1.0,0.8,0.609,0.72,1
CUST_04895,33,Male,Mwanza,Muslim,Chagga,Primary,"200,000-500,000",M-Pesa,4,0.09,0.95,0.48,0.3,Apple,USA,Premium,New,1545129,8.3,Physical Store,Card,1,2,0.0,0.398,0.9,1.113,1.0,1.0,0.49,0.59,1
CUST_01574,33,Female,Dar es Salaam,Muslim,Haya,Secondary,"<200,000",Airtel Money,2,0.68,0.94,0.77,0.3,Nokia,Finland,Mid-Range,New,402574,6.6,Physical Store,Cash,0,1,0.054,0.508,0.9,0.523,1.0,1.0,0.44,0.72,1
CUST_00137,26,Female,Arusha,Other,Haya,Primary,"500,001-1,000,000",M-Pesa,2,0.23,0.41,0.36,0.3,Nokia,Finland,Mid-Range,New,474972,6.3,Physical Store,Card,0,1,0.513,0.227,1.0,0.873,1.0,1.0,0.671,0.68,1
CUST_02424,21,Male,Arusha,Christian,Chagga,Diploma,"500,001-1,000,000",M-Pesa,4,0.11,0.78,0.59,0.7,Samsung,South Korea,Premium,Used,747084,8.3,Physical Store,Cash,0,1,0.514,0.49,1.0,1.15,0.6,1.0,0.72,0.75,1
CUST_00261,28,Male,Mbeya,Muslim,Sukuma,No formal,"<200,000",Tigo Pesa,4,0.14,0.74,0.37,0.5,Apple,USA,Premium,New,1253286,8.1,Online,Mobile Money,0,2,0.227,0.3,0.9,0.625,1.0,1.0,0.401,0.64,1
CUST_02672,30,Male,Dar es Salaam,Christian,Others,No formal,"<200,000",Tigo Pesa,4,0.42,0.93,0.47,0.3,Tecno,China,Mid-Range,New,596531,7.6,Online,Cash,0,2,0.0,0.357,1.0,0.57,1.0,1.0,0.327,0.74,1
CUST_02879,20,Male,Dar es Salaam,Christian,Others,Diploma,"1,000,001-2,000,000",Tigo Pesa,5,0.65,0.16,0.45,0.5,Nokia,Finland,Mid-Range,New,560385,6.2,Physical Store,Cash,0,11,0.776,0.279,1.0,0.743,1.0,1.0,0.719,0.66,1
CUST_02147,26,Male,Arusha,Christian,Others,Primary,"1,000,001-2,000,000",M-Pesa,5,0.17,0.43,0.83,0.5,Infinix,China,Mid-Range,New,460190,6.5,Online,Cash,1,1,0.505,0.54,1.0,0.588,1.0,1.0,0.589,0.7,1
CUST_02779,31,Female,Dodoma,Muslim,Others,No formal,"500,001-1,000,000",Halopesa,1,0.03,0.66,0.85,0.5,Itel,China,Budget,New,101198,4.5,Physical Store,Mobile Money,0,2,0.555,0.382,0.9,0.956,1.0,1.0,0.611,0.65,1
CUST_02040,23,Female,Mwanza,Christian,Others,Diploma,"<200,000",M-Pesa,1,0.21,0.93,0.38,0.0,Nokia,Finland,Mid-Range,New,358538,7.5,Physical Store,Cash,0,1,0.166,0.285,1.0,0.972,1.0,1.0,0.567,0.78,1
CUST_01995,15,Female,Dar es Salaam,Muslim,Nyamwezi,Secondary,"200,000-500,000",Airtel Money,4,0.23,0.83,0.72,0.5,Apple,USA,Premium,New,1685755,8.8,Physical Store,Mobile Money,0,2,0.0,0.634,0.9,0.976,1.0,1.0,0.4,0.59,1
CUST_02265,21,Female,Dodoma,Christian,Others,Primary,"<200,000",M-Pesa,2,0.35,0.97,0.68,1.0,Infinix,China,Mid-Range,New,594119,7.9,Physical Store,Card,0,2,0.0,0.537,1.0,0.952,1.0,0.8,0.501,0.76,1
CUST_03253,28,Male,Mwanza,Christian,Others,No formal,"1,000,001-2,000,000",Halopesa,1,0.22,0.26,0.3,0.0,Nokia,Finland,Mid-Range,New,559658,7.7,Physical Store,Card,0,12,0.636,0.231,1.0,0.933,1.0,1.0,0.562,0.75,1
CUST_02333,19,Female,Zanzibar,Muslim,Others,No formal,">2,000,000",Halopesa,4,0.06,0.37,0.68,0.0,Huawei,China,Premium,New,2138937,8.4,Physical Store,Card,1,2,0.34,0.571,0.9,0.694,1.0,1.0,0.604,0.48,1
CUST_00912,35,Male,Dar es Salaam,Muslim,Others,Diploma,"200,000-500,000",M-Pesa,4,0.49,0.84,0.84,0.0,Tecno,China,Mid-Range,New,299773,7.6,Online,Cash,1,2,0.37,0.638,0.9,0.835,1.0,1.0,0.763,0.8,1
CUST_04029,36,Male,Dar es Salaam,Christian,Others,Secondary,"500,001-1,000,000",Halopesa,2,0.27,0.74,0.87,0.0,Tecno,China,Mid-Range,New,391524,7.6,Physical Store,Cash,1,11,0.276,0.661,1.0,0.807,1.0,1.0,0.672,0.78,1
CUST_03623,41,Female,Arusha,Christian,Others,Diploma,"1,000,001-2,000,000",Tigo Pesa,5,0.27,0.39,0.56,0.5,Apple,USA,Premium,New,703853,8.4,Online,Cash,1,1,0.771,0.47,1.0,0.962,1.0,1.0,0.785,0.76,1
CUST_03591,33,Female,Dar es Salaam,Christian,Nyamwezi,No formal,"200,000-500,000",Tigo Pesa,1,0.36,0.8,0.82,0.5,Nokia,Finland,Mid-Range,New,298011,7.8,Physical Store,Mobile Money,0,2,0.404,0.64,1.0,0.513,1.0,1.0,0.496,0.81,1
CUST_02011,32,Male,Zanzibar,Muslim,Haya,Bachelor,"<200,000",Airtel Money,5,0.46,0.72,0.69,0.5,Huawei,China,Premium,New,1339017,9.6,Online,Cash,1,2,0.197,0.662,0.9,0.934,1.0,1.0,0.603,0.71,1
CUST_04877,15,Male,Dar es Salaam,Muslim,Others,No formal,"500,001-1,000,000",Halopesa,4,0.1,0.5,0.74,0.0,Infinix,China,Mid-Range,New,568603,6.9,Physical Store,Card,0,2,0.289,0.511,0.9,0.765,1.0,1.0,0.643,0.7,1
CUST_03291,27,Female,Mwanza,Christian,Nyamwezi,Diploma,"200,000-500,000",M-Pesa,3,0.62,0.79,0.82,0.3,Infinix,China,Mid-Range,New,556027,6.4,Physical Store,Card,1,2,0.0,0.525,1.0,0.986,1.0,1.0,0.567,0.67,1
CUST_03527,21,Female,Mbeya,Christian,Haya,Bachelor,"200,000-500,000",Tigo Pesa,3,0.12,0.73,0.46,0.7,Nokia,Finland,Mid-Range,Used,280778,5.6,Physical Store,Card,1,2,0.488,0.258,1.0,0.968,0.6,1.0,0.606,0.68,1
CUST_01617,18,Female,Tanga,Christian,Others,Secondary,"500,001-1,000,000",Halopesa,1,0.36,0.78,0.86,0.7,Nokia,Finland,Mid-Range,New,297360,6.9,Physical Store,Cash,0,1,0.42,0.593,1.0,0.879,1.0,1.0,0.525,0.75,1
CUST_00084,15,Female,Dodoma,Muslim,Makonde,Diploma,"200,000-500,000",Halopesa,2,0.26,0.98,0.32,0.0,Xiaomi,China,Mid-Range,New,368578,7.1,Physical Store,Cash,1,2,0.097,0.227,0.9,0.507,1.0,1.0,0.482,0.75,1
CUST_02659,24,Male,Dar es Salaam,Muslim,Others,Secondary,">2,000,000",M-Pesa,4,0.2,0.19,0.88,0.3,Vivo,China,Mid-Range,New,580242,7.4,Online,Cash,0,1,0.724,0.651,0.9,0.919,1.0,1.0,0.738,0.73,1
CUST_04487,33,Male,Zanzibar,Christian,Others,Primary,"200,000-500,000",Tigo Pesa,4,0.27,0.89,0.83,1.0,Tecno,China,Mid-Range,New,415348,6.4,Physical Store,Mobile Money,1,1,0.076,0.531,1.0,0.739,1.0,0.8,0.31,0.7,0
CUST_03575,43,Female,Dodoma,Muslim,Others,Secondary,"200,000-500,000",None,3,0.22,0.71,0.56,0.7,Huawei,China,Premium,New,2206906,9.9,Physical Store,Cash,0,2,0.0,0.554,0.9,0.694,1.0,1.0,0.636,0.55,1
CUST_02046,30,Male,Dar es Salaam,Other,Others,Diploma,"500,001-1,000,000",M-Pesa,2,0.61,0.72,0.81,0.7,Huawei,China,Premium,New,1670498,9.4,Physical Store,Mobile Money,0,2,0.0,0.761,1.0,0.832,1.0,1.0,0.411,0.63,1
CUST_02112,35,Female,Tanga,Christian,Nyamwezi,No formal,"500,001-1,000,000",Halopesa,3,0.52,0.49,0.66,0.3,Apple,USA,Premium,New,1559416,9.2,Physical Store,Cash,0,1,0.363,0.607,1.0,1.114,1.0,1.0,0.719,0.64,1
CUST_03296,26,Female,Dar es Salaam,Christian,Sukuma,No formal,"200,000-500,000",M-Pesa,1,0.29,0.82,0.48,0.3,Vivo,China,Mid-Range,New,258943,7.3,Physical Store,Card,0,12,0.469,0.35,1.0,0.54,1.0,1.0,0.385,0.79,1
CUST_00450,30,Male,Dodoma,Christian,Others,Secondary,"200,000-500,000",Tigo Pesa,3,0.1,0.92,0.7,0.0,Infinix,China,Mid-Range,Used,464049,5.2,Physical Store,Mobile Money,0,1,0.0,0.364,1.0,0.977,0.6,1.0,0.445,0.62,0
CUST_03810,20,Female,Zanzibar,Christian,Makonde,Primary,"200,000-500,000",Tigo Pesa,3,0.35,0.95,0.39,0.0,Itel,China,Budget,New,220216,4.6,Physical Store,Card,0,2,0.0,0.179,1.0,0.613,1.0,1.0,0.431,0.63,1
CUST_03836,20,Female,Dar es Salaam,Other,Nyamwezi,No formal,"500,001-1,000,000",M-Pesa,2,0.28,0.54,0.33,0.5,Itel,China,Budget,New,183744,5.1,Physical Store,Cash,0,2,0.339,0.168,1.0,0.768,1.0,1.0,0.445,0.67,1
CUST_02819,19,Male,Dar es Salaam,Muslim,Others,Diploma,"1,000,001-2,000,000",Halopesa,2,0.53,0.16,0.76,0.3,Huawei,China,Premium,New,1542618,8.1,Physical Store,Cash,1,1,0.794,0.616,0.9,0.766,1.0,1.0,0.731,0.58,1
CUST_04658,34,Male,Mwanza,Christian,Gogo,Secondary,"<200,000",Tigo Pesa,2,0.29,0.9,0.85,0.3,Tecno,China,Mid-Range,New,296062,7.6,Mobile,Mobile Money,0,2,0.334,0.646,1.0,0.919,1.0,1.0,0.751,0.8,1
CUST_02700,28,Female,Tanga,Christian,Others,Primary,"200,000-500,000",M-Pesa,3,0.11,0.95,0.79,0.3,Apple,USA,Premium,New,877580,8.9,Online,Mobile Money,0,2,0.305,0.703,1.0,0.644,1.0,1.0,0.571,0.76,1
CUST_02606,34,Female,Dodoma,Christian,Makonde,Diploma,"500,001-1,000,000",M-Pesa,4,0.06,0.6,0.73,0.0,Oppo,China,Mid-Range,New,546242,6.9,Online,Mobile Money,0,2,0.181,0.504,1.0,0.865,1.0,1.0,0.406,0.7,0
CUST_02291,25,Male,Dar es Salaam,Muslim,Others,Primary,"<200,000",Tigo Pesa,4,0.05,0.84,0.74,0.0,Apple,USA,Premium,New,2440397,9.0,Physical Store,Mobile Money,0,2,0.0,0.666,0.9,0.9,1.0,1.0,0.498,0.45,0
CUST_00261,28,Male,Mbeya,Muslim,Sukuma,No formal,"<200,000",Tigo Pesa,4,0.14,0.74,0.37,0.5,Tecno,China,Mid-Range,New,372108,6.5,Physical Store,Mobile Money,0,2,0.312,0.24,0.9,0.838,1.0,1.0,0.407,0.72,1
CUST_00066,24,Female,Dodoma,Christian,Sukuma,Secondary,"<200,000",Airtel Money,2,0.05,0.73,0.83,0.3,Oppo,China,Mid-Range,New,550909,7.0,Physical Store,Mobile Money,0,12,0.0,0.581,1.0,0.503,1.0,1.0,0.415,0.71,1
CUST_02813,15,Male,Zanzibar,Christian,Nyamwezi,Diploma,"<200,000",M-Pesa,5,0.26,0.97,0.81,0.0,Vivo,China,Mid-Range,New,429775,6.0,Physical Store,Card,1,12,0.0,0.486,1.0,0.612,1.0,1.0,0.604,0.67,1
CUST_01104,35,Male,Mwanza,Muslim,Others,Primary,">2,000,000",Airtel Money,5,0.53,0.32,0.68,0.3,Nokia,Finland,Mid-Range,New,535602,7.4,Physical Store,Cash,0,2,0.572,0.503,0.9,0.615,1.0,1.0,0.686,0.74,1
CUST_02229,34,Female,Tanga,Muslim,Others,Diploma,"<200,000",M-Pesa,3,0.24,0.72,0.55,0.3,Nokia,Finland,Mid-Range,New,360589,6.8,Physical Store,Mobile Money,1,12,0.351,0.374,0.9,0.897,1.0,1.0,0.503,0.74,1
CUST_01276,35,Male,Arusha,Christian,Chagga,Primary,"<200,000",M-Pesa,5,0.55,0.73,0.38,0.5,Samsung,South Korea,Premium,New,1398705,8.3,Online,Mobile Money,0,12,0.149,0.315,1.0,1.067,1.0,1.0,0.567,0.62,1
CUST_04426,22,Male,Zanzibar,Christian,Makonde,Primary,"200,000-500,000",M-Pesa,4,0.06,0.87,0.48,0.3,Huawei,China,Premium,New,2008505,9.9,Online,Mobile Money,0,1,0.0,0.475,1.0,0.679,1.0,1.0,0.422,0.59,0
CUST_01476,27,Male,Dar es Salaam,Christian,Others,Secondary,"<200,000",M-Pesa,1,0.02,0.92,0.58,1.0,Itel,China,Budget,Used,93309,3.8,Physical Store,Cash,0,2,0.428,0.22,1.0,0.884,0.6,0.8,0.45,0.61,1
CUST_00040,15,Male,Dar es Salaam,Christian,Sukuma,Primary,"<200,000",M-Pesa,2,0.33,0.95,0.45,0.0,Nokia,Finland,Mid-Range,New,348505,7.7,Physical Store,Cash,0,2,0.172,0.347,1.0,0.849,1.0,1.0,0.57,0.79,1
CUST_02934,16,Female,Arusha,Muslim,Others,Primary,"500,001-1,000,000",M-Pesa,4,0.5,0.59,0.88,0.5,Tecno,China,Mid-Range,New,539925,7.5,Mobile,Mobile Money,0,1,0.204,0.66,0.9,0.594,1.0,1.0,0.845,0.74,1
CUST_03019,16,Female,Mwanza,Muslim,Others,Secondary,"<200,000",Tigo Pesa,4,0.34,0.76,0.61,0.3,Apple,USA,Premium,New,1908669,10.0,Mobile,Mobile Money,1,2,0.0,0.61,0.9,1.101,1.0,1.0,0.349,0.62,1
CUST_01472,24,Male,Zanzibar,Muslim,Others,Diploma,"500,001-1,000,000",M-Pesa,3,0.3,0.61,0.63,0.3,Tecno,China,Mid-Range,New,551056,7.3,Mobile,Cash,1,2,0.16,0.46,0.9,0.918,1.0,1.0,0.519,0.73,1
CUST_03619,38,Female,Mwanza,Christian,Makonde,No formal,"1,000,001-2,000,000",Tigo Pesa,5,0.29,0.2,0.34,0.3,Apple,USA,Premium,New,1051011,8.2,Online,Mobile Money,1,1,0.825,0.279,1.0,0.918,1.0,1.0,0.696,0.68,1
CUST_02293,32,Female,Dodoma,Christian,Sukuma,Secondary,"500,001-1,000,000",Airtel Money,4,0.16,0.78,0.56,1.0,Huawei,China,Premium,New,1886502,9.9,Physical Store,Cash,1,1,0.0,0.554,1.0,0.727,1.0,0.8,0.736,0.62,1
CUST_00382,35,Male,Arusha,Muslim,Gogo,Primary,"200,000-500,000",Halopesa,4,0.31,0.78,0.56,0.0,Samsung,South Korea,Premium,New,860370,9.7,Physical Store,Cash,0,2,0.441,0.543,0.9,0.622,1.0,1.0,0.657,0.81,1
CUST_01051,29,Female,Dar es Salaam,Muslim,Others,Secondary,"200,000-500,000",M-Pesa,3,0.06,0.8,0.48,0.3,Oppo,China,Mid-Range,New,313917,7.9,Physical Store,Cash,0,2,0.372,0.379,0.9,0.719,1.0,1.0,0.526,0.81,1
CUST_02137,15,Male,Arusha,Christian,Sukuma,Secondary,"500,001-1,000,000",Halopesa,3,0.3,0.69,0.55,0.5,Itel,China,Budget,New,193287,6.4,Physical Store,Mobile Money,1,2,0.111,0.352,1.0,0.667,1.0,1.0,0.5,0.75,1
CUST_02702,28,Male,Mbeya,Christian,Gogo,Bachelor,"<200,000",Halopesa,5,0.29,0.84,0.46,0.3,Samsung,South Korea,Premium,New,2466215,9.5,Mobile,Card,0,2,0.0,0.437,1.0,0.886,1.0,1.0,0.55,0.48,1
CUST_01359,15,Female,Arusha,Christian,Chagga,Secondary,"<200,000",M-Pesa,4,0.28,0.79,0.59,0.3,Huawei,China,Premium,Used,712596,7.4,Physical Store,Mobile Money,0,1,0.531,0.437,1.0,0.782,0.6,1.0,0.698,0.7,1
CUST_04185,51,Male,Morogoro,Muslim,Others,No formal,"<200,000",Airtel Money,3,0.06,0.75,0.42,0.3,Nokia,Finland,Mid-Range,New,477458,6.5,Physical Store,Mobile Money,1,2,0.105,0.273,0.9,0.803,1.0,1.0,0.427,0.69,1
CUST_00975,19,Female,Arusha,Muslim,Others,Secondary,"500,001-1,000,000",Airtel Money,3,0.16,0.44,0.86,0.7,Nokia,Finland,Mid-Range,New,488043,7.2,Physical Store,Cash,0,2,0.463,0.619,0.9,0.909,1.0,1.0,0.389,0.73,1
CUST_01253,29,Male,Mbeya,Muslim,Others,Secondary,"200,000-500,000",Tigo Pesa,2,0.18,0.74,0.4,1.0,Nokia,Finland,Mid-Range,New,531857,6.8,Online,Cash,0,1,0.016,0.272,0.9,0.892,1.0,0.8,0.486,0.7,1
CUST_00732,31,Male,Dar es Salaam,Muslim,Haya,Secondary,"200,000-500,000",Airtel Money,2,0.48,0.8,0.62,0.3,Infinix,China,Mid-Range,New,526962,7.1,Online,Cash,0,12,0.0,0.44,0.9,0.567,1.0,1.0,0.393,0.72,1
CUST_04289,28,Male,Dodoma,Christian,Others,Primary,"1,000,001-2,000,000",Tigo Pesa,3,0.33,0.14,0.48,0.3,Samsung,South Korea,Premium,New,1284062,9.2,Physical Store,Mobile Money,1,2,0.85,0.442,1.0,0.914,1.0,1.0,1.003,0.7,1
CUST_02780,34,Male,Tanga,Christian,Nyamwezi,Secondary,"1,000,001-2,000,000",Airtel Money,2,0.06,0.48,0.79,0.3,Itel,China,Budget,Used,130085,5.5,Online,Mobile Money,0,2,0.584,0.435,1.0,0.695,0.6,1.0,0.631,0.7,1
CUST_01863,25,Female,Dar es Salaam,Christian,Others,Diploma,"200,000-500,000",M-Pesa,4,0.33,0.85,0.33,0.0,Apple,USA,Premium,New,2058727,9.5,Online,Cash,0,2,0.0,0.314,1.0,1.039,1.0,1.0,0.444,0.56,1
CUST_01522,18,Male,Mwanza,Christian,Sukuma,Secondary,"200,000-500,000",M-Pesa,3,0.08,0.78,0.42,0.5,Apple,USA,Premium,New,610034,8.6,Physical Store,Cash,0,2,0.603,0.361,1.0,0.829,1.0,1.0,0.589,0.79,1
CUST_03032,22,Female,Tanga,Muslim,Others,Secondary,"<200,000",Airtel Money,4,0.2,0.73,0.84,0.5,Infinix,China,Mid-Range,New,255934,6.6,Online,Mobile Money,0,11,0.533,0.554,0.9,0.711,1.0,1.0,0.608,0.74,0
CUST_02843,34,Female,Dar es Salaam,Christian,Others,Primary,"200,000-500,000",None,5,0.15,0.84,0.5,0.5,Infinix,China,Mid-Range,New,303483,7.2,Physical Store,Mobile Money,0,2,0.363,0.36,1.0,0.686,1.0,1.0,0.466,0.77,1
CUST_01833,28,Female,Zanzibar,Other,Makonde,Diploma,"200,000-500,000",Tigo Pesa,5,0.27,0.97,0.47,0.3,Oppo,China,Mid-Range,New,492501,7.9,Physical Store,Cash,0,2,0.0,0.371,1.0,0.775,1.0,1.0,0.372,0.78,1
CUST_00183,19,Female,Morogoro,Christian,Others,Secondary,"200,000-500,000",M-Pesa,3,0.21,0.9,0.54,0.0,Samsung,South Korea,Premium,New,920810,9.3,Physical Store,Mobile Money,0,2,0.309,0.502,1.0,0.612,1.0,1.0,0.541,0.77,1
CUST_04162,29,Male,Morogoro,Muslim,Others,No formal,"200,000-500,000",Airtel Money,5,0.21,0.94,0.84,0.3,Apple,USA,Premium,New,1212923,8.4,Physical Store,Mobile Money,0,2,0.05,0.706,0.9,1.176,1.0,1.0,0.622,0.66,1
CUST_01662,39,Male,Dodoma,Christian,Makonde,Secondary,"500,001-1,000,000",M-Pesa,4,0.08,0.49,0.79,0.0,Huawei,China,Premium,New,2394856,8.4,Physical Store,Mobile Money,0,2,0.022,0.664,1.0,0.547,1.0,1.0,0.464,0.43,1
CUST_00824,28,Male,Arusha,Muslim,Others,Bachelor,"<200,000",Halopesa,2,0.43,0.84,0.75,0.7,Xiaomi,China,Mid-Range,New,584096,7.5,Online,Mobile Money,1,2,0.0,0.562,0.9,0.818,1.0,1.0,0.639,0.73,1
CUST_02808,26,Female,Mbeya,Muslim,Others,Primary,"200,000-500,000",Tigo Pesa,2,0.18,0.89,0.36,0.0,Oppo,China,Mid-Range,New,483645,7.1,Physical Store,Cash,0,2,0.0,0.256,0.9,0.822,1.0,1.0,0.271,0.73,0
CUST_03542,15,Male,Dodoma,Christian,Others,Primary,"<200,000",Halopesa,2,0.19,0.78,0.63,0.5,Infinix,China,Mid-Range,New,591938,6.1,Physical Store,Mobile Money,0,2,0.0,0.384,1.0,0.976,1.0,1.0,0.406,0.65,1
CUST_03159,26,Male,Zanzibar,Christian,Others,Primary,"500,001-1,000,000",M-Pesa,4,0.12,0.8,0.52,0.0,Huawei,China,Premium,New,777585,9.1,Physical Store,Cash,1,1,0.482,0.473,1.0,0.767,1.0,1.0,0.353,0.79,1
CUST_03372,38,Female,Dar es Salaam,Christian,Others,Primary,"<200,000",Airtel Money,3,0.37,0.87,0.65,1.0,Apple,USA,Premium,New,1752684,9.9,Online,Cash,0,1,0.0,0.644,1.0,0.973,1.0,0.8,0.502,0.64,1
CUST_03268,34,Male,Arusha,Muslim,Others,Primary,"500,001-1,000,000",M-Pesa,3,0.22,0.55,0.77,0.0,Samsung,South Korea,Premium,New,649980,8.0,Physical Store,Cash,0,2,0.702,0.616,0.9,1.078,1.0,1.0,0.739,0.75,1
CUST_01399,18,Male,Dodoma,Muslim,Others,No formal,"200,000-500,000",Airtel Money,4,0.21,0.75,0.58,0.5,Vivo,China,Mid-Range,New,421876,7.9,Online,Cash,0,2,0.209,0.458,0.9,0.646,1.0,1.0,0.5,0.79,1
CUST_02408,25,Male,Dodoma,Christian,Nyamwezi,Secondary,"500,001-1,000,000",M-Pesa,2,0.13,0.53,0.61,0.3,Xiaomi,China,Mid-Range,New,477559,7.3,Physical Store,Mobile Money,0,2,0.367,0.445,1.0,0.764,1.0,1.0,0.689,0.74,1
CUST_01707,15,Male,Zanzibar,Christian,Sukuma,Diploma,"500,001-1,000,000",Halopesa,3,0.1,0.51,0.68,0.3,Apple,USA,Premium,New,1173605,8.2,Online,Mobile Money,1,1,0.501,0.558,1.0,1.098,1.0,1.0,0.608,0.66,1
CUST_04989,29,Male,Zanzibar,Christian,Others,Primary,"<200,000",M-Pesa,3,0.54,1.0,0.65,0.7,Oppo,China,Mid-Range,New,342897,7.9,Online,Mobile Money,0,2,0.143,0.514,1.0,0.652,1.0,1.0,0.596,0.81,1
CUST_02404,40,Male,Morogoro,Muslim,Haya,Primary,"200,000-500,000",M-Pesa,2,0.67,0.71,0.46,0.0,Tecno,China,Mid-Range,New,405207,6.2,Mobile,Card,1,2,0.281,0.285,0.9,0.891,1.0,1.0,0.512,0.69,1
CUST_01281,24,Male,Tanga,Muslim,Others,No formal,"<200,000",Halopesa,2,0.33,0.77,0.89,0.7,Huawei,China,Premium,New,978763,9.7,Physical Store,Card,0,2,0.372,0.863,0.9,0.681,1.0,1.0,0.778,0.79,1
CUST_04794,36,Female,Mbeya,Christian,Chagga,Secondary,"200,000-500,000",M-Pesa,3,0.34,0.96,0.8,0.3,Xiaomi,China,Mid-Range,New,274680,7.2,Online,Card,1,2,0.341,0.576,1.0,0.878,1.0,1.0,0.681,0.78,0
CUST_02847,25,Male,Tanga,Christian,Others,Bachelor,"<200,000",M-Pesa,4,0.33,0.9,0.69,0.5,Apple,USA,Premium,New,1957529,8.5,Physical Store,Mobile Money,0,1,0.0,0.586,1.0,1.103,1.0,1.0,0.55,0.52,1
CUST_02923,46,Male,Zanzibar,Christian,Others,Secondary,"200,000-500,000",Halopesa,4,0.36,0.76,0.71,0.7,Itel,China,Budget,Used,88647,3.1,Physical Store,Mobile Money,1,2,0.551,0.22,1.0,0.812,0.6,1.0,0.487,0.57,1
CUST_00310,40,Male,Zanzibar,Muslim,Others,Diploma,"<200,000",Halopesa,2,0.24,0.83,0.75,0.3,Vivo,China,Mid-Range,New,437789,7.7,Physical Store,Mobile Money,0,2,0.092,0.578,0.9,0.987,1.0,1.0,0.372,0.77,1
CUST_00722,20,Female,Dar es Salaam,Christian,Others,Diploma,"200,000-500,000",M-Pesa,3,0.23,0.73,0.47,0.7,Nokia,Finland,Mid-Range,New,355211,6.3,Physical Store,Mobile Money,0,1,0.352,0.296,1.0,0.613,1.0,1.0,0.586,0.71,1
CUST_01348,41,Female,Morogoro,Muslim,Others,Diploma,"500,001-1,000,000",Halopesa,3,0.38,0.58,0.54,0.7,Xiaomi,China,Mid-Range,New,402447,6.4,Physical Store,Mobile Money,1,2,0.416,0.346,0.9,0.764,1.0,1.0,0.695,0.7,1
CUST_00033,29,Female,Mbeya,Muslim,Others,Diploma,"200,000-500,000",M-Pesa,1,0.3,0.74,0.31,0.3,Infinix,China,Mid-Range,New,489415,6.4,Physical Store,Mobile Money,0,2,0.095,0.198,0.9,0.588,1.0,1.0,0.593,0.69,1
CUST_04741,15,Male,Zanzibar,Muslim,Others,Primary,"500,001-1,000,000",Airtel Money,2,0.44,0.77,0.68,0.3,Itel,China,Budget,Used,43673,3.4,Physical Store,Cash,0,12,0.776,0.231,0.9,0.98,0.6,1.0,0.431,0.6,1
CUST_02906,24,Male,Mwanza,Muslim,Others,Secondary,"<200,000",Airtel Money,4,0.23,0.71,0.42,0.5,Itel,China,Budget,Used,186570,5.3,Physical Store,Mobile Money,0,1,0.117,0.223,0.9,0.869,0.6,1.0,0.417,0.68,1
CUST_03843,36,Female,Arusha,Christian,Others,Primary,"<200,000",Airtel Money,1,0.45,0.88,0.54,0.3,Oppo,China,Mid-Range,New,346974,7.2,Online,Cash,0,1,0.237,0.389,1.0,0.817,1.0,1.0,0.425,0.76,1
CUST_03445,15,Male,Mwanza,Muslim,Gogo,Primary,"1,000,001-2,000,000",Tigo Pesa,3,0.27,0.13,0.67,0.3,Oppo,China,Mid-Range,New,550926,7.2,Online,Cash,0,2,0.821,0.482,0.9,0.812,1.0,1.0,0.647,0.72,1
CUST_04846,21,Female,Zanzibar,Muslim,Sukuma,Secondary,"500,001-1,000,000",Tigo Pesa,4,0.7,0.73,0.88,0.0,Oppo,China,Mid-Range,New,548495,7.4,Physical Store,Mobile Money,0,2,0.0,0.651,0.9,0.635,1.0,1.0,0.716,0.73,1
CUST_03725,22,Female,Arusha,Muslim,Others,Diploma,"200,000-500,000",Tigo Pesa,4,0.49,0.78,0.85,0.7,Itel,China,Budget,New,97367,6.7,Physical Store,Mobile Money,0,1,0.494,0.57,0.9,0.59,1.0,1.0,0.733,0.78,1
CUST_03330,18,Male,Mbeya,Christian,Others,Secondary,"500,001-1,000,000",None,3,0.49,0.42,0.77,0.3,Tecno,China,Mid-Range,New,393752,6.9,Physical Store,Card,0,1,0.587,0.531,1.0,0.674,1.0,1.0,0.613,0.74,1
CUST_02388,34,Female,Mbeya,Muslim,Others,Primary,"200,000-500,000",M-Pesa,4,0.14,0.87,0.35,0.5,Oppo,China,Mid-Range,Used,416713,6.1,Online,Mobile Money,1,1,0.094,0.214,0.9,0.782,0.6,1.0,0.297,0.68,1
CUST_03145,27,Female,Morogoro,Muslim,Chagga,Primary,">2,000,000",M-Pesa,4,0.22,0.12,0.51,0.5,Nokia,Finland,Mid-Range,New,301992,6.0,Physical Store,Cash,0,10,0.909,0.306,0.9,0.764,1.0,1.0,0.753,0.7,1
CUST_04294,37,Male,Mbeya,Christian,Others,Diploma,"<200,000",Airtel Money,1,0.25,0.85,0.66,0.5,Itel,China,Budget,New,221595,5.1,Physical Store,Cash,0,2,0.0,0.337,1.0,0.852,1.0,1.0,0.55,0.66,1
CUST_02344,53,Female,Dar es Salaam,Christian,Sukuma,Secondary,"500,001-1,000,000",M-Pesa,3,0.32,0.41,0.85,0.5,Oppo,China,Mid-Range,New,273153,7.4,Physical Store,Mobile Money,1,2,0.72,0.629,1.0,0.521,1.0,1.0,0.596,0.79,1
CUST_02708,42,Male,Mwanza,Christian,Gogo,Secondary,"1,000,001-2,000,000",M-Pesa,2,0.12,0.26,0.85,0.3,Apple,USA,Premium,New,640476,9.8,Online,Cash,0,2,0.861,0.833,1.0,0.611,1.0,1.0,0.898,0.86,1
CUST_02353,32,Male,Dar es Salaam,Muslim,Gogo,Primary,"<200,000",M-Pesa,4,0.26,0.71,0.34,0.5,Huawei,China,Premium,New,2448685,8.7,Physical Store,Cash,1,2,0.0,0.296,0.9,0.934,1.0,1.0,0.334,0.43,0
CUST_00878,33,Female,Dar es Salaam,Christian,Chagga,Primary,"200,000-500,000",Tigo Pesa,2,0.66,0.71,0.61,0.3,Oppo,China,Mid-Range,New,443434,6.9,Physical Store,Mobile Money,0,2,0.213,0.421,1.0,0.916,1.0,1.0,0.781,0.73,1
CUST_04695,25,Female,Dar es Salaam,Muslim,Chagga,Secondary,"<200,000",M-Pesa,1,0.11,0.7,0.75,0.0,Infinix,China,Mid-Range,New,583907,7.7,Physical Store,Cash,1,2,0.0,0.578,0.9,0.592,1.0,1.0,0.554,0.75,1
CUST_04948,29,Female,Dar es Salaam,Christian,Chagga,Primary,"200,000-500,000",M-Pesa,4,0.11,0.73,0.3,0.5,Infinix,China,Mid-Range,New,532380,8.0,Physical Store,Cash,1,2,0.028,0.24,1.0,0.52,1.0,1.0,0.557,0.77,1
CUST_01943,27,Female,Morogoro,Christian,Makonde,Primary,"500,001-1,000,000",Airtel Money,4,0.25,0.4,0.38,0.0,Nokia,Finland,Mid-Range,New,499850,7.5,Physical Store,Cash,0,2,0.5,0.285,1.0,0.787,1.0,1.0,0.665,0.75,1
CUST_03144,31,Female,Mbeya,Christian,Others,Secondary,"200,000-500,000",M-Pesa,4,0.04,0.82,0.44,0.5,Samsung,South Korea,Premium,New,1605049,9.4,Physical Store,Mobile Money,0,1,0.0,0.414,1.0,0.746,1.0,1.0,0.647,0.64,1
CUST_00366,31,Male,Morogoro,Christian,Others,No formal,"<200,000",M-Pesa,4,0.14,0.79,0.45,0.3,Apple,USA,Premium,New,2186342,9.9,Online,Mobile Money,0,2,0.0,0.446,1.0,0.976,1.0,1.0,0.639,0.56,1
CUST_04284,33,Male,Arusha,Christian,Chagga,Bachelor,"200,000-500,000",Tigo Pesa,3,0.05,0.75,0.32,0.3,Tecno,China,Mid-Range,New,326432,7.1,Physical Store,Cash,1,2,0.388,0.227,1.0,0.671,1.0,1.0,0.49,0.76,1
CUST_00477,21,Female,Zanzibar,Christian,Others,Primary,"500,001-1,000,000",M-Pesa,4,0.66,0.71,0.58,0.5,Samsung,South Korea,Premium,New,2214679,9.0,Physical Store,Mobile Money,0,2,0.0,0.522,1.0,0.884,1.0,1.0,0.446,0.5,1
CUST_01021,30,Male,Dodoma,Christian,Others,No formal,"1,000,001-2,000,000",Tigo Pesa,3,0.14,0.49,0.38,0.5,Samsung,South Korea,Premium,New,1360999,10.0,Physical Store,Mobile Money,1,2,0.444,0.38,1.0,0.618,1.0,1.0,0.667,0.73,1
CUST_04596,15,Female,Dar es Salaam,Christian,Sukuma,Bachelor,"<200,000",M-Pesa,5,0.14,0.9,0.39,0.0,Tecno,China,Mid-Range,New,278489,7.5,Physical Store,Mobile Money,1,2,0.373,0.292,1.0,0.776,1.0,1.0,0.447,0.79,1
CUST_04181,24,Male,Dar es Salaam,Christian,Others,Primary,"<200,000",M-Pesa,2,0.27,0.76,0.89,0.3,Apple,USA,Premium,New,2098615,8.3,Physical Store,Mobile Money,0,2,0.0,0.739,1.0,1.184,1.0,1.0,0.506,0.48,1
CUST_04223,24,Male,Dar es Salaam,Christian,Others,No formal,"200,000-500,000",M-Pesa,3,0.7,0.94,0.61,0.0,Xiaomi,China,Mid-Range,New,593994,7.8,Physical Store,Mobile Money,1,2,0.0,0.476,1.0,0.51,1.0,1.0,0.731,0.75,1
CUST_00958,18,Male,Dar es Salaam,Muslim,Others,Diploma,">2,000,000",Tigo Pesa,3,0.59,0.13,0.45,0.0,Samsung,South Korea,Premium,New,1711924,9.5,Online,Mobile Money,0,2,0.815,0.428,0.9,0.838,1.0,1.0,0.653,0.63,1
CUST_02065,27,Female,Arusha,Christian,Others,Secondary,"1,000,001-2,000,000",Halopesa,4,0.42,0.25,0.57,0.7,Vivo,China,Mid-Range,New,313443,6.9,Physical Store,Card,0,1,0.804,0.393,1.0,0.713,1.0,1.0,0.688,0.75,1
CUST_04450,28,Female,Morogoro,Christian,Sukuma,Bachelor,"200,000-500,000",Tigo Pesa,2,0.48,0.8,0.39,0.0,Apple,USA,Premium,New,1281478,9.0,Physical Store,Card,1,1,0.146,0.351,1.0,0.785,1.0,1.0,0.484,0.68,1
CUST_03954,15,Male,Dar es Salaam,Christian,Others,No formal,">2,000,000",None,3,0.29,0.15,0.38,0.5,Tecno,China,Mid-Range,New,585302,7.9,Physical Store,Cash,0,2,0.781,0.3,1.0,0.614,1.0,1.0,0.609,0.76,1
CUST_04989,29,Male,Zanzibar,Christian,Others,Primary,"<200,000",M-Pesa,3,0.54,1.0,0.65,0.7,Vivo,China,Mid-Range,New,417597,7.7,Physical Store,Cash,0,2,0.0,0.501,1.0,0.701,1.0,1.0,0.472,0.78,1
CUST_00098,21,Female,Mbeya,Christian,Makonde,Primary,"500,001-1,000,000",Airtel Money,5,0.18,0.61,0.67,0.0,Infinix,China,Mid-Range,New,314868,6.8,Physical Store,Cash,0,2,0.52,0.456,1.0,0.944,1.0,1.0,0.612,0.75,1
CUST_00575,23,Female,Zanzibar,Muslim,Others,Primary,"200,000-500,000",M-Pesa,2,0.47,0.76,0.69,0.7,Tecno,China,Mid-Range,New,251861,7.1,Online,Cash,0,2,0.521,0.49,0.9,0.655,1.0,1.0,0.637,0.78,1
CUST_02600,21,Male,Dar es Salaam,Christian,Haya,Diploma,"<200,000",Tigo Pesa,1,0.46,0.79,0.9,0.5,Nokia,Finland,Mid-Range,New,424869,6.1,Online,Cash,0,12,0.161,0.549,1.0,0.832,1.0,1.0,0.468,0.68,1
CUST_02071,22,Male,Mbeya,Muslim,Sukuma,Diploma,"<200,000",Tigo Pesa,4,0.35,0.91,0.74,0.3,Tecno,China,Mid-Range,New,553209,6.7,Physical Store,Cash,0,2,0.0,0.496,0.9,0.631,1.0,1.0,0.522,0.69,1
CUST_02855,23,Male,Dar es Salaam,Christian,Others,Diploma,"<200,000",M-Pesa,3,0.04,0.78,0.81,0.5,Nokia,Finland,Mid-Range,New,296573,6.7,Physical Store,Mobile Money,0,2,0.422,0.543,1.0,0.724,1.0,1.0,0.473,0.74,1
CUST_00381,27,Male,Dodoma,Muslim,Others,Primary,"1,000,001-2,000,000",Airtel Money,5,0.06,0.3,0.86,0.0,Xiaomi,China,Mid-Range,New,574721,7.2,Physical Store,Mobile Money,0,2,0.569,0.619,0.9,0.541,1.0,1.0,0.778,0.72,0
CUST_03372,38,Female,Dar es Salaam,Christian,Others,Primary,"<200,000",Airtel Money,3,0.37,0.87,0.65,1.0,Apple,USA,Premium,New,841292,9.5,Physical Store,Mobile Money,1,2,0.39,0.617,1.0,0.866,1.0,0.8,0.702,0.8,1
CUST_01670,22,Female,Dar es Salaam,Christian,Gogo,Secondary,"200,000-500,000",Tigo Pesa,1,0.3,0.79,0.62,0.5,Oppo,China,Mid-Range,New,509291,7.0,Online,Cash,0,2,0.0,0.434,1.0,0.871,1.0,1.0,0.655,0.72,1
CUST_04257,40,Male,Arusha,Christian,Sukuma,Primary,"200,000-500,000",M-Pesa,3,0.51,0.71,0.84,0.5,Apple,USA,Premium,New,1124119,9.8,Physical Store,Cash,1,2,0.335,0.823,1.0,0.882,1.0,1.0,0.608,0.76,1
CUST_01356,41,Female,Dar es Salaam,Muslim,Chagga,Primary,"500,001-1,000,000",M-Pesa,1,0.13,0.79,0.44,0.7,Samsung,South Korea,Premium,New,1326805,9.8,Physical Store,Cash,1,2,0.127,0.431,0.9,0.646,1.0,1.0,0.589,0.72,1
CUST_02048,35,Female,Zanzibar,Christian,Chagga,Primary,"<200,000",Tigo Pesa,1,0.05,0.82,0.89,0.0,Apple,USA,Premium,New,2029099,9.3,Physical Store,Mobile Money,0,2,0.0,0.828,1.0,1.011,1.0,1.0,0.661,0.55,1
CUST_01161,44,Female,Arusha,Christian,Others,Primary,"<200,000",Tigo Pesa,4,0.14,0.91,0.66,0.0,Huawei,China,Premium,New,763926,9.8,Physical Store,Mobile Money,1,12,0.421,0.647,1.0,0.725,1.0,1.0,0.619,0.84,1
CUST_00877,49,Female,Morogoro,Christian,Haya,Secondary,"<200,000",Airtel Money,2,0.33,0.94,0.86,0.0,Nokia,Finland,Mid-Range,New,425020,7.8,Online,Mobile Money,0,1,0.001,0.671,1.0,0.99,1.0,1.0,0.596,0.78,1
CUST_04080,39,Male,Arusha,Christian,Others,Bachelor,"<200,000",Tigo Pesa,2,0.19,0.82,0.61,0.0,Infinix,China,Mid-Range,New,335615,6.9,Physical Store,Mobile Money,0,2,0.312,0.421,1.0,0.876,1.0,1.0,0.595,0.75,1
CUST_04000,30,Male,Tanga,Christian,Others,Bachelor,"<200,000",M-Pesa,2,0.35,0.9,0.71,0.7,Itel,China,Budget,Used,142429,4.6,Physical Store,Mobile Money,1,2,0.145,0.327,1.0,0.849,0.6,1.0,0.482,0.65,1
CUST_04336,22,Male,Morogoro,Muslim,Haya,Secondary,"500,001-1,000,000",M-Pesa,2,0.05,0.68,0.52,0.7,Nokia,Finland,Mid-Range,New,270279,7.2,Physical Store,Mobile Money,1,1,0.541,0.374,0.9,0.799,1.0,1.0,0.683,0.78,1
CUST_01526,35,Male,Mbeya,Christian,Sukuma,Diploma,"<200,000",Halopesa,4,0.23,0.81,0.57,0.7,Apple,USA,Premium,New,878985,8.4,Physical Store,Cash,0,2,0.407,0.479,1.0,1.151,1.0,1.0,0.574,0.73,1
CUST_00431,27,Female,Mwanza,Muslim,Others,Primary,"500,001-1,000,000",Halopesa,2,0.05,0.75,0.4,0.7,Infinix,China,Mid-Range,New,380590,7.5,Physical Store,Mobile Money,0,12,0.286,0.3,0.9,0.69,1.0,1.0,0.524,0.77,1
CUST_04197,25,Female,Dar es Salaam,Christian,Gogo,Diploma,"<200,000",Tigo Pesa,4,0.53,0.82,0.87,0.7,Infinix,China,Mid-Range,Used,239653,6.0,Physical Store,Mobile Money,0,1,0.509,0.522,1.0,0.626,0.6,1.0,0.709,0.71,1
CUST_02411,21,Male,Tanga,Christian,Nyamwezi,Primary,"500,001-1,000,000",Tigo Pesa,4,0.33,0.78,0.61,0.5,Xiaomi,China,Mid-Range,New,314100,7.9,Physical Store,Mobile Money,1,2,0.388,0.482,1.0,0.919,1.0,1.0,0.685,0.81,1
CUST_02471,17,Female,Mbeya,Christian,Others,Secondary,"500,001-1,000,000",Tigo Pesa,3,0.58,0.55,0.68,0.3,Tecno,China,Mid-Range,New,530639,7.5,Physical Store,Mobile Money,0,12,0.27,0.51,1.0,0.546,1.0,1.0,0.485,0.74,0
CUST_04669,41,Female,Mwanza,Muslim,Others,Bachelor,"500,001-1,000,000",Tigo Pesa,3,0.26,0.64,0.67,0.3,Infinix,China,Mid-Range,New,458765,7.2,Physical Store,Cash,0,2,0.266,0.482,0.9,0.809,1.0,1.0,0.639,0.74,1
CUST_03861,44,Male,Dodoma,Christian,Makonde,Primary,"200,000-500,000",M-Pesa,5,0.21,0.92,0.32,0.3,Nokia,Finland,Mid-Range,New,468518,6.5,Online,Cash,0,12,0.0,0.208,1.0,0.711,1.0,1.0,0.487,0.7,1
CUST_02149,46,Female,Arusha,Muslim,Others,Secondary,"200,000-500,000",M-Pesa,3,0.32,0.97,0.86,0.3,Tecno,China,Mid-Range,New,320772,7.6,Physical Store,Card,0,2,0.222,0.654,0.9,0.9,1.0,1.0,0.433,0.79,1
CUST_00350,47,Female,Morogoro,Christian,Makonde,Bachelor,"500,001-1,000,000",Tigo Pesa,4,0.1,0.5,0.85,0.3,Apple,USA,Premium,New,753460,8.3,Mobile,Mobile Money,0,2,0.686,0.706,1.0,0.978,1.0,1.0,0.695,0.75,1
CUST_00851,27,Male,Dodoma,Muslim,Others,Secondary,">2,000,000",Airtel Money,5,0.3,0.31,0.85,0.7,Samsung,South Korea,Premium,New,2313806,9.8,Mobile,Mobile Money,0,2,0.402,0.833,0.9,0.689,1.0,1.0,0.669,0.53,1
CUST_03759,30,Male,Arusha,Other,Sukuma,Primary,"200,000-500,000",Airtel Money,3,0.23,0.89,0.51,0.3,Oppo,China,Mid-Range,New,565147,7.6,Physical Store,Mobile Money,1,2,0.0,0.388,1.0,0.698,1.0,1.0,0.537,0.74,1
CUST_00138,31,Male,Dodoma,Christian,Others,No formal,"500,001-1,000,000",M-Pesa,3,0.24,0.8,0.38,0.3,Itel,China,Budget,New,111695,6.6,Mobile,Card,0,2,0.404,0.251,1.0,0.803,1.0,1.0,0.461,0.77,1
CUST_01536,30,Female,Dar es Salaam,Muslim,Others,Master+,"200,000-500,000",Tigo Pesa,5,0.37,0.81,0.55,0.5,Tecno,China,Mid-Range,New,338095,7.5,Online,Cash,0,2,0.315,0.413,0.9,0.524,1.0,1.0,0.48,0.78,1
CUST_01816,28,Female,Dar es Salaam,Christian,Others,Secondary,"200,000-500,000",Halopesa,3,0.13,0.87,0.84,0.7,Infinix,China,Mid-Range,New,428197,7.6,Physical Store,Cash,0,12,0.069,0.638,1.0,0.99,1.0,1.0,0.561,0.77,1
CUST_02057,27,Male,Arusha,Christian,Nyamwezi,No formal,"<200,000",M-Pesa,3,0.29,0.89,0.78,1.0,Samsung,South Korea,Premium,New,2344039,9.6,Physical Store,Cash,1,1,0.0,0.749,1.0,1.176,1.0,0.8,0.737,0.51,1
CUST_02454,15,Male,Dar es Salaam,Christian,Gogo,Primary,"500,001-1,000,000",Tigo Pesa,2,0.32,0.8,0.32,0.0,Infinix,China,Mid-Range,New,489674,6.8,Physical Store,Mobile Money,0,1,0.021,0.218,1.0,0.653,1.0,1.0,0.473,0.71,1
CUST_02192,15,Male,Morogoro,Muslim,Sukuma,Diploma,"500,001-1,000,000",M-Pesa,2,0.2,0.65,0.76,0.7,Tecno,China,Mid-Range,New,358625,6.4,Physical Store,Cash,0,2,0.417,0.486,0.9,0.545,1.0,1.0,0.706,0.71,1
CUST_03342,17,Male,Arusha,Christian,Others,Diploma,"200,000-500,000",Halopesa,3,0.51,0.91,0.41,0.7,Tecno,China,Mid-Range,Used,232788,5.0,Physical Store,Mobile Money,1,2,0.47,0.205,1.0,0.801,0.6,1.0,0.648,0.65,1
CUST_03512,46,Female,Mbeya,Muslim,Sukuma,Secondary,"200,000-500,000",Airtel Money,5,0.31,0.9,0.55,0.3,Tecno,China,Mid-Range,Used,410253,6.2,Online,Cash,0,1,0.077,0.341,0.9,0.868,0.6,1.0,0.435,0.69,1
CUST_03508,39,Female,Morogoro,Other,Haya,No formal,"200,000-500,000",Airtel Money,2,0.38,0.75,0.76,0.3,Xiaomi,China,Mid-Range,New,556110,6.4,Online,Cash,1,1,0.0,0.486,1.0,0.837,1.0,1.0,0.334,0.67,1
CUST_00736,19,Female,Dar es Salaam,Christian,Nyamwezi,Bachelor,"500,001-1,000,000",Halopesa,2,0.44,0.57,0.39,0.3,Huawei,China,Premium,New,1172042,8.6,Mobile,Card,0,2,0.443,0.335,1.0,0.825,1.0,1.0,0.661,0.68,1
CUST_01267,31,Male,Mbeya,Christian,Others,Secondary,"<200,000",Airtel Money,4,0.36,0.79,0.88,0.7,Tecno,China,Mid-Range,Used,310925,5.5,Mobile,Cash,0,2,0.386,0.484,1.0,0.662,0.6,1.0,0.649,0.67,1
CUST_01541,15,Male,Zanzibar,Muslim,Others,Primary,"200,000-500,000",M-Pesa,3,0.31,0.87,0.71,0.3,Oppo,China,Mid-Range,Used,181598,5.5,Online,Card,0,2,0.605,0.39,0.9,0.972,0.6,1.0,0.635,0.69,1
CUST_04664,33,Female,Dodoma,Muslim,Others,No formal,"<200,000",Halopesa,3,0.24,0.77,0.52,0.0,Apple,USA,Premium,New,2219957,9.0,Online,Mobile Money,0,2,0.0,0.468,0.9,1.102,1.0,1.0,0.521,0.5,1
CUST_04891,28,Male,Dar es Salaam,Christian,Others,Diploma,"500,001-1,000,000",Tigo Pesa,5,0.09,0.61,0.82,0.0,Samsung,South Korea,Premium,New,1356256,9.7,Physical Store,Mobile Money,0,2,0.311,0.795,1.0,0.617,1.0,1.0,0.616,0.71,1
CUST_00318,32,Female,Morogoro,Christian,Nyamwezi,Secondary,"<200,000",M-Pesa,3,0.23,0.75,0.89,0.7,Tecno,China,Mid-Range,New,583746,7.4,Online,Cash,0,1,0.0,0.659,1.0,0.752,1.0,1.0,0.475,0.73,0
CUST_03133,15,Female,Dar es Salaam,Other,Chagga,Secondary,"200,000-500,000",M-Pesa,3,0.31,0.98,0.72,0.0,Nokia,Finland,Mid-Range,New,389694,7.7,Online,Cash,0,12,0.045,0.554,1.0,0.662,1.0,1.0,0.572,0.78,1
CUST_02443,24,Male,Tanga,Christian,Others,Primary,"200,000-500,000",Halopesa,1,0.17,0.92,0.38,0.0,Tecno,China,Mid-Range,New,265318,7.8,Mobile,Card,0,1,0.39,0.296,1.0,0.852,1.0,1.0,0.555,0.81,0
CUST_04031,38,Female,Tanga,Muslim,Sukuma,Diploma,"200,000-500,000",M-Pesa,2,0.37,0.99,0.31,0.7,Apple,USA,Premium,New,846248,8.3,Physical Store,Mobile Money,0,2,0.302,0.257,0.9,0.672,1.0,1.0,0.594,0.73,1
CUST_02912,25,Male,Mbeya,Other,Sukuma,Primary,"<200,000",Tigo Pesa,4,0.42,0.92,0.4,0.5,Apple,USA,Premium,New,1768310,9.6,Mobile,Mobile Money,1,2,0.0,0.384,1.0,1.112,1.0,1.0,0.547,0.62,1
CUST_00281,46,Male,Arusha,Christian,Others,Bachelor,"200,000-500,000",M-Pesa,2,0.1,0.95,0.75,0.0,Tecno,China,Mid-Range,New,468963,7.3,Physical Store,Mobile Money,1,2,0.0,0.548,1.0,0.582,1.0,1.0,0.341,0.74,1
CUST_03648,40,Male,Mwanza,Christian,Sukuma,No formal,"<200,000",Airtel Money,4,0.19,0.78,0.52,0.7,Samsung,South Korea,Premium,New,1432834,8.8,Physical Store,Mobile Money,0,1,0.069,0.458,1.0,0.964,1.0,1.0,0.529,0.64,1
CUST_00184,26,Female,Mbeya,Christian,Makonde,Primary,"500,001-1,000,000",None,2,0.44,0.77,0.56,0.3,Infinix,China,Mid-Range,New,414429,6.5,Online,Mobile Money,1,1,0.202,0.364,1.0,0.665,1.0,1.0,0.613,0.71,1
CUST_00698,17,Female,Mwanza,Muslim,Others,Secondary,"500,001-1,000,000",M-Pesa,3,0.37,0.42,0.31,0.0,Infinix,China,Mid-Range,New,324779,7.6,Physical Store,Cash,1,12,0.659,0.236,0.9,0.993,1.0,1.0,0.571,0.79,1
CUST_02371,28,Male,Arusha,Christian,Haya,Secondary,"<200,000",M-Pesa,4,0.18,0.75,0.64,0.5,Xiaomi,China,Mid-Range,New,336668,6.5,Physical Store,Cash,0,2,0.369,0.416,1.0,0.983,1.0,1.0,0.589,0.72,1
CUST_02230,33,Female,Dodoma,Muslim,Haya,Secondary,"200,000-500,000",None,5,0.52,0.9,0.35,0.7,Samsung,South Korea,Premium,Used,1808415,7.6,Physical Store,Card,1,2,0.0,0.266,0.9,0.699,0.6,1.0,0.29,0.49,1
CUST_03407,37,Female,Mwanza,Christian,Others,No formal,">2,000,000",None,4,0.18,0.42,0.55,0.3,Samsung,South Korea,Premium,New,2151999,9.7,Online,Mobile Money,0,2,0.247,0.534,1.0,0.714,1.0,1.0,0.631,0.55,0
CUST_03837,32,Female,Dar es Salaam,Christian,Sukuma,Diploma,">2,000,000",Tigo Pesa,3,0.21,0.41,0.76,0.3,Nokia,Finland,Mid-Range,New,372580,7.0,Online,Cash,0,2,0.618,0.532,1.0,0.601,1.0,1.0,0.757,0.75,1
CUST_01418,24,Female,Mbeya,Christian,Chagga,No formal,"200,000-500,000",M-Pesa,4,0.18,0.78,0.47,0.5,Huawei,China,Premium,New,2204027,8.1,Online,Cash,0,2,0.0,0.381,1.0,0.637,1.0,1.0,0.468,0.45,0
CUST_01902,30,Female,Arusha,Christian,Others,Primary,"500,001-1,000,000",Halopesa,5,0.28,0.45,0.59,0.0,Infinix,China,Mid-Range,New,480389,6.1,Physical Store,Mobile Money,0,2,0.46,0.36,1.0,0.812,1.0,1.0,0.66,0.67,1
CUST_00151,39,Male,Arusha,Christian,Others,Master+,"500,001-1,000,000",Airtel Money,2,0.28,0.71,0.7,0.5,Vivo,China,Mid-Range,New,471512,6.1,Online,Card,0,2,0.163,0.427,1.0,0.777,1.0,1.0,0.544,0.67,1
CUST_02676,15,Male,Dar es Salaam,Christian,Others,Secondary,">2,000,000",Halopesa,1,0.33,0.18,0.77,0.3,Tecno,China,Mid-Range,New,330142,6.2,Physical Store,Cash,0,11,0.851,0.477,1.0,0.755,1.0,1.0,0.595,0.71,1
CUST_01476,27,Male,Dar es Salaam,Christian,Others,Secondary,"<200,000",M-Pesa,1,0.02,0.92,0.58,1.0,Itel,China,Budget,New,154338,5.5,Physical Store,Cash,0,2,0.053,0.319,1.0,0.757,1.0,0.8,0.447,0.7,1
CUST_01191,27,Male,Mbeya,Christian,Makonde,Primary,"500,001-1,000,000",None,5,0.45,0.43,0.47,0.5,Tecno,China,Mid-Range,New,480675,6.1,Physical Store,Cash,0,2,0.483,0.287,1.0,0.697,1.0,1.0,0.639,0.67,1
CUST_00804,29,Male,Dodoma,Christian,Others,Primary,"500,001-1,000,000",Tigo Pesa,3,0.09,0.74,0.39,0.0,Samsung,South Korea,Premium,New,1231237,9.3,Physical Store,Cash,0,2,0.241,0.363,1.0,0.7,1.0,1.0,0.552,0.71,0
CUST_02931,15,Female,Dar es Salaam,Muslim,Others,No formal,"200,000-500,000",None,4,0.07,0.73,0.9,0.0,Oppo,China,Mid-Range,New,300426,6.5,Physical Store,Cash,0,12,0.452,0.585,0.9,0.719,1.0,1.0,0.573,0.73,1
CUST_02577,35,Female,Morogoro,Christian,Sukuma,Primary,"500,001-1,000,000",Halopesa,1,0.37,0.53,0.54,0.7,Oppo,China,Mid-Range,New,305850,7.2,Online,Cash,1,2,0.595,0.389,1.0,0.769,1.0,1.0,0.672,0.77,1
CUST_02777,42,Male,Arusha,Christian,Others,No formal,"200,000-500,000",M-Pesa,4,0.25,0.91,0.83,0.0,Samsung,South Korea,Premium,New,1791809,8.2,Physical Store,Cash,1,2,0.0,0.681,1.0,1.001,1.0,1.0,0.446,0.53,1
CUST_00369,21,Female,Dodoma,Christian,Others,Primary,"200,000-500,000",Tigo Pesa,1,0.33,0.93,0.78,0.0,Xiaomi,China,Mid-Range,New,519731,7.7,Physical Store,Card,0,2,0.0,0.601,1.0,0.562,1.0,1.0,0.438,0.76,1
CUST_02767,21,Male,Zanzibar,Christian,Others,Bachelor,"500,001-1,000,000",Tigo Pesa,4,0.36,0.5,0.34,0.3,Oppo,China,Mid-Range,New,584862,7.4,Physical Store,Cash,0,1,0.269,0.252,1.0,0.691,1.0,1.0,0.634,0.73,1
CUST_02765,15,Female,Dodoma,Muslim,Others,Primary,"200,000-500,000",Airtel Money,2,0.56,0.79,0.32,0.0,Oppo,China,Mid-Range,Used,150172,6.4,Physical Store,Mobile Money,0,1,0.703,0.205,0.9,0.677,0.6,1.0,0.485,0.75,1
CUST_01346,23,Male,Mbeya,Christian,Others,Primary,"<200,000",Tigo Pesa,2,0.35,0.87,0.4,0.0,Samsung,South Korea,Premium,New,897873,8.2,Physical Store,Mobile Money,0,2,0.349,0.328,1.0,0.63,1.0,1.0,0.738,0.71,1
CUST_00304,30,Female,Arusha,Christian,Haya,Bachelor,"1,000,001-2,000,000",Tigo Pesa,4,0.28,0.4,0.47,0.3,Infinix,China,Mid-Range,New,500287,7.9,Physical Store,Mobile Money,0,1,0.5,0.371,1.0,0.633,1.0,1.0,0.641,0.77,0
CUST_04089,40,Female,Morogoro,Christian,Chagga,Secondary,"200,000-500,000",M-Pesa,4,0.31,0.87,0.81,0.5,Nokia,Finland,Mid-Range,New,449468,7.3,Physical Store,Mobile Money,0,2,0.022,0.591,1.0,0.938,1.0,1.0,0.607,0.75,1
CUST_00591,25,Male,Mwanza,Other,Others,Primary,"<200,000",Tigo Pesa,4,0.35,0.8,0.46,0.5,Huawei,China,Premium,New,1820011,8.0,Online,Mobile Money,1,1,0.0,0.368,1.0,0.903,1.0,1.0,0.304,0.52,1
CUST_04791,36,Male,Dar es Salaam,Other,Others,Primary,"200,000-500,000",None,4,0.36,0.8,0.52,0.7,Infinix,China,Mid-Range,New,386738,7.5,Physical Store,Cash,0,2,0.227,0.39,1.0,0.616,1.0,1.0,0.587,0.77,1
CUST_03187,26,Female,Mbeya,Christian,Nyamwezi,Secondary,"500,001-1,000,000",M-Pesa,3,0.19,0.62,0.61,1.0,Tecno,China,Mid-Range,Used,150387,6.7,Online,Mobile Money,0,1,0.767,0.409,1.0,0.645,0.6,0.8,0.729,0.77,1
CUST_04816,36,Female,Mbeya,Muslim,Nyamwezi,Bachelor,"<200,000",M-Pesa,5,0.26,0.78,0.8,0.5,Apple,USA,Premium,New,1757031,9.2,Physical Store,Mobile Money,0,2,0.0,0.736,0.9,1.076,1.0,1.0,0.606,0.6,0
CUST_00832,22,Male,Dar es Salaam,Christian,Others,Bachelor,"<200,000",Airtel Money,3,0.38,0.85,0.79,0.3,Apple,USA,Premium,New,1777854,9.3,Physical Store,Cash,1,1,0.0,0.735,1.0,1.096,1.0,1.0,0.689,0.6,1
CUST_00807,24,Male,Dar es Salaam,Christian,Others,Secondary,"500,001-1,000,000",M-Pesa,3,0.38,0.74,0.66,0.3,Vivo,China,Mid-Range,New,293328,7.5,Physical Store,Cash,1,2,0.457,0.495,1.0,0.552,1.0,1.0,0.582,0.79,1
CUST_02739,30,Male,Mwanza,Christian,Chagga,No formal,"500,001-1,000,000",M-Pesa,3,0.14,0.75,0.83,0.5,Infinix,China,Mid-Range,Used,336550,5.5,Physical Store,Card,0,1,0.369,0.456,1.0,0.982,0.6,1.0,0.778,0.66,1
CUST_04355,33,Female,Morogoro,Muslim,Others,Diploma,"200,000-500,000",Tigo Pesa,2,0.21,0.99,0.31,0.5,Huawei,China,Premium,New,2488137,8.6,Physical Store,Mobile Money,0,2,0.0,0.267,0.9,0.645,1.0,1.0,0.302,0.42,1
CUST_04056,38,Male,Dar es Salaam,Christian,Makonde,Secondary,"500,001-1,000,000",M-Pesa,3,0.19,0.52,0.73,1.0,Tecno,China,Mid-Range,New,427371,7.6,Physical Store,Cash,0,1,0.444,0.555,1.0,0.922,1.0,0.8,0.656,0.77,0
CUST_02830,41,Female,Mbeya,Christian,Others,Bachelor,"200,000-500,000",Halopesa,3,0.35,0.77,0.37,0.7,Vivo,China,Mid-Range,New,480485,6.2,Physical Store,Cash,0,12,0.075,0.229,1.0,0.534,1.0,1.0,0.569,0.68,1
CUST_01106,40,Female,Zanzibar,Muslim,Others,Bachelor,"<200,000",Halopesa,3,0.12,1.0,0.89,1.0,Infinix,China,Mid-Range,New,465990,7.3,Physical Store,Card,1,2,0.0,0.65,0.9,0.75,1.0,0.8,0.565,0.74,1
CUST_03761,37,Male,Tanga,Christian,Makonde,Secondary,"500,001-1,000,000",Airtel Money,2,0.09,0.46,0.9,0.3,Tecno,China,Mid-Range,New,448573,6.6,Mobile,Mobile Money,1,2,0.484,0.594,1.0,0.945,1.0,1.0,0.767,0.71,1
CUST_03502,16,Male,Mwanza,Christian,Sukuma,Secondary,"1,000,001-2,000,000",M-Pesa,4,0.42,0.43,0.47,0.3,Tecno,China,Mid-Range,New,492024,6.9,Online,Mobile Money,0,2,0.471,0.324,1.0,0.621,1.0,1.0,0.544,0.72,1
CUST_00936,37,Male,Dar es Salaam,Christian,Others,Primary,"<200,000",M-Pesa,5,0.34,1.0,0.36,0.5,Apple,USA,Premium,New,1930488,9.2,Physical Store,Cash,1,2,0.0,0.331,1.0,0.849,1.0,1.0,0.387,0.57,0
CUST_01378,33,Male,Morogoro,Christian,Makonde,Primary,"<200,000",Tigo Pesa,5,0.15,0.74,0.34,0.0,Huawei,China,Premium,New,1412703,9.9,Physical Store,Mobile Money,0,2,0.129,0.337,1.0,0.926,1.0,1.0,0.538,0.71,1
CUST_04189,41,Female,Arusha,Muslim,Others,Master+,"200,000-500,000",Tigo Pesa,4,0.36,0.81,0.32,0.5,Samsung,South Korea,Premium,New,926369,9.2,Physical Store,Cash,1,2,0.375,0.294,0.9,0.95,1.0,1.0,0.715,0.77,1
CUST_01574,33,Female,Dar es Salaam,Muslim,Haya,Secondary,"<200,000",Airtel Money,2,0.68,0.94,0.77,0.3,Tecno,China,Mid-Range,New,350045,6.0,Online,Mobile Money,0,2,0.177,0.462,0.9,0.956,1.0,1.0,0.595,0.69,1
CUST_03578,34,Male,Zanzibar,Christian,Others,Primary,"500,001-1,000,000",M-Pesa,4,0.34,0.61,0.82,0.3,Apple,USA,Premium,New,2356615,9.7,Physical Store,Mobile Money,0,2,0.0,0.795,1.0,0.643,1.0,1.0,0.465,0.51,1
CUST_04560,18,Male,Arusha,Muslim,Others,Primary,"<200,000",M-Pesa,2,0.29,0.79,0.5,0.5,Samsung,South Korea,Premium,New,1575404,9.2,Physical Store,Card,1,2,0.0,0.46,0.9,1.031,1.0,1.0,0.579,0.64,1
CUST_02292,28,Male,Mwanza,Christian,Sukuma,Diploma,"200,000-500,000",M-Pesa,5,0.45,0.84,0.32,0.3,Vivo,China,Mid-Range,New,341643,6.4,Physical Store,Cash,0,2,0.283,0.205,1.0,0.684,1.0,1.0,0.452,0.72,1
CUST_01670,22,Female,Dar es Salaam,Christian,Gogo,Secondary,"200,000-500,000",Tigo Pesa,1,0.3,0.79,0.62,0.5,Samsung,South Korea,Premium,New,2491839,9.8,Physical Store,Mobile Money,0,2,0.0,0.608,1.0,0.809,1.0,1.0,0.634,0.49,1
CUST_03568,23,Female,Mwanza,Muslim,Others,Diploma,"<200,000",M-Pesa,5,0.15,0.83,0.49,0.3,Oppo,China,Mid-Range,New,335504,7.2,Physical Store,Mobile Money,0,2,0.304,0.353,0.9,0.976,1.0,1.0,0.552,0.76,1
CUST_00497,33,Male,Dodoma,Muslim,Sukuma,Secondary,"500,001-1,000,000",M-Pesa,5,0.08,0.61,0.33,0.0,Apple,USA,Premium,New,1753553,8.1,Physical Store,Mobile Money,0,2,0.109,0.267,0.9,0.641,1.0,1.0,0.545,0.54,1
CUST_04706,34,Male,Mwanza,Christian,Others,Primary,"<200,000",M-Pesa,5,0.04,0.72,0.62,0.0,Huawei,China,Premium,New,803039,9.0,Physical Store,Card,0,8,0.518,0.558,1.0,0.759,1.0,1.0,0.567,0.78,1
CUST_00154,19,Female,Morogoro,Christian,Haya,Secondary,"200,000-500,000",Tigo Pesa,4,0.45,0.95,0.78,0.5,Huawei,China,Premium,New,1528572,9.8,Physical Store,Cash,1,12,0.0,0.764,1.0,0.545,1.0,1.0,0.459,0.68,1
CUST_01154,24,Male,Dar es Salaam,Christian,Chagga,Secondary,">2,000,000",M-Pesa,2,0.39,0.47,0.89,0.7,Samsung,South Korea,Premium,Used,936061,7.5,Physical Store,Mobile Money,0,1,0.633,0.668,1.0,0.899,0.6,1.0,0.739,0.66,1
CUST_03065,20,Female,Morogoro,Christian,Others,Primary,"<200,000",Tigo Pesa,5,0.22,0.99,0.55,0.5,Samsung,South Korea,Premium,New,2155509,8.8,Physical Store,Mobile Money,0,2,0.0,0.484,1.0,1.029,1.0,1.0,0.462,0.5,1
CUST_01966,23,Male,Mbeya,Christian,Others,Secondary,"200,000-500,000",Airtel Money,3,0.22,0.71,0.79,0.5,Samsung,South Korea,Premium,New,814373,8.1,Physical Store,Cash,0,2,0.518,0.64,1.0,0.671,1.0,1.0,0.62,0.72,1
CUST_03802,34,Male,Mwanza,Muslim,Haya,Primary,"500,001-1,000,000",M-Pesa,4,0.63,0.46,0.72,0.5,Xiaomi,China,Mid-Range,New,318504,6.8,Physical Store,Cash,1,2,0.634,0.49,0.9,0.925,1.0,1.0,0.514,0.74,1
CUST_04447,45,Female,Dar es Salaam,Christian,Others,Secondary,"200,000-500,000",M-Pesa,5,0.22,0.96,0.76,0.3,Tecno,China,Mid-Range,New,397936,6.3,Mobile,Cash,0,1,0.045,0.479,1.0,0.942,1.0,1.0,0.533,0.7,1
